    left daughter right daughter split var split point status prediction
1               2              3         1  0.62961242      1          0
2               4              5         2  0.31441338      1          0
3               6              7         2  0.71035040      1          0
4               8              9         2  0.24159362      1          0
5              10             11         2  0.66989233      1          0
6              12             13         2  0.65330960      1          0
7              14             15         1  0.77022567      1          0
8              16             17         2  0.10414862      1          0
9              18             19         2  0.25940127      1          0
10             20             21         1  0.47977450      1          0
11             22             23         2  0.87466406      1          0
12             24             25         1  0.98160458      1          0
13             26             27         1  0.70125405      1          0
14             28             29         1  0.73009355      1          0
15             30             31         1  0.77268800      1          0
16             32             33         2  0.10272856      1          0
17             34             35         2  0.18244845      1          0
18              0              0         0  0.00000000     -1          2
19             36             37         1  0.42624172      1          0
20             38             39         1  0.29576834      1          0
21             40             41         1  0.61181552      1          0
22             42             43         1  0.46030889      1          0
23             44             45         1  0.15553031      1          0
24             46             47         2  0.14320012      1          0
25              0              0         0  0.00000000     -1          1
26              0              0         0  0.00000000     -1          1
27              0              0         0  0.00000000     -1          2
28              0              0         0  0.00000000     -1          2
29              0              0         0  0.00000000     -1          2
30              0              0         0  0.00000000     -1          1
31             48             49         2  0.77130487      1          0
32             50             51         2  0.08888590      1          0
33              0              0         0  0.00000000     -1          2
34             52             53         2  0.12162455      1          0
35             54             55         2  0.18762020      1          0
36             56             57         1  0.21037534      1          0
37              0              0         0  0.00000000     -1          1
38             58             59         2  0.50490264      1          0
39             60             61         2  0.32551551      1          0
40             62             63         2  0.50231678      1          0
41              0              0         0  0.00000000     -1          1
42             64             65         1  0.03627941      1          0
43             66             67         1  0.46590624      1          0
44              0              0         0  0.00000000     -1          2
45             68             69         2  0.93823714      1          0
46              0              0         0  0.00000000     -1          1
47             70             71         1  0.92683715      1          0
48              0              0         0  0.00000000     -1          1
49             72             73         2  0.98782722      1          0
50             74             75         2  0.07935744      1          0
51              0              0         0  0.00000000     -1          1
52              0              0         0  0.00000000     -1          1
53              0              0         0  0.00000000     -1          1
54              0              0         0  0.00000000     -1          2
55             76             77         2  0.20676215      1          0
56              0              0         0  0.00000000     -1          1
57              0              0         0  0.00000000     -1          2
58             78             79         1  0.21368606      1          0
59             80             81         1  0.08753087      1          0
60              0              0         0  0.00000000     -1          1
61             82             83         1  0.29806026      1          0
62             84             85         2  0.36783284      1          0
63             86             87         1  0.49508381      1          0
64              0              0         0  0.00000000     -1          2
65              0              0         0  0.00000000     -1          2
66              0              0         0  0.00000000     -1          1
67             88             89         1  0.51202558      1          0
68             90             91         2  0.93712239      1          0
69              0              0         0  0.00000000     -1          2
70             92             93         2  0.14537030      1          0
71              0              0         0  0.00000000     -1          1
72             94             95         2  0.79026247      1          0
73              0              0         0  0.00000000     -1          1
74             96             97         1  0.22112107      1          0
75              0              0         0  0.00000000     -1          2
76              0              0         0  0.00000000     -1          1
77              0              0         0  0.00000000     -1          1
78              0              0         0  0.00000000     -1          2
79             98             99         1  0.21918758      1          0
80              0              0         0  0.00000000     -1          2
81            100            101         2  0.50718182      1          0
82              0              0         0  0.00000000     -1          1
83            102            103         2  0.46165050      1          0
84              0              0         0  0.00000000     -1          2
85              0              0         0  0.00000000     -1          1
86              0              0         0  0.00000000     -1          1
87              0              0         0  0.00000000     -1          2
88              0              0         0  0.00000000     -1          2
89              0              0         0  0.00000000     -1          2
90            104            105         1  0.16952936      1          0
91              0              0         0  0.00000000     -1          1
92              0              0         0  0.00000000     -1          2
93            106            107         1  0.92539047      1          0
94              0              0         0  0.00000000     -1          2
95            108            109         1  0.80433137      1          0
96              0              0         0  0.00000000     -1          1
97            110            111         1  0.55604353      1          0
98              0              0         0  0.00000000     -1          1
99              0              0         0  0.00000000     -1          2
100             0              0         0  0.00000000     -1          1
101           112            113         2  0.63222035      1          0
102           114            115         1  0.43522072      1          0
103           116            117         2  0.46477034      1          0
104             0              0         0  0.00000000     -1          1
105           118            119         2  0.90001251      1          0
106           120            121         2  0.47205740      1          0
107             0              0         0  0.00000000     -1          2
108             0              0         0  0.00000000     -1          2
109           122            123         2  0.86161779      1          0
110           124            125         2  0.03432456      1          0
111             0              0         0  0.00000000     -1          1
112           126            127         2  0.62486909      1          0
113             0              0         0  0.00000000     -1          2
114             0              0         0  0.00000000     -1          2
115             0              0         0  0.00000000     -1          2
116             0              0         0  0.00000000     -1          1
117             0              0         0  0.00000000     -1          2
118             0              0         0  0.00000000     -1          2
119             0              0         0  0.00000000     -1          2
120             0              0         0  0.00000000     -1          1
121             0              0         0  0.00000000     -1          1
122             0              0         0  0.00000000     -1          2
123             0              0         0  0.00000000     -1          2
124             0              0         0  0.00000000     -1          1
125             0              0         0  0.00000000     -1          1
126             0              0         0  0.00000000     -1          2
127             0              0         0  0.00000000     -1          1
