    left daughter right daughter split var split point status prediction
1               2              3         2 0.330682211      1          0
2               4              5         1 0.371136727      1          0
3               6              7         2 0.709023204      1          0
4               8              9         1 0.067635041      1          0
5              10             11         2 0.005548306      1          0
6              12             13         1 0.479720379      1          0
7              14             15         1 0.696474227      1          0
8               0              0         0 0.000000000     -1          1
9              16             17         1 0.073392599      1          0
10              0              0         0 0.000000000     -1          2
11             18             19         2 0.082777721      1          0
12             20             21         1 0.213523454      1          0
13             22             23         2 0.358939690      1          0
14             24             25         2 0.932961799      1          0
15             26             27         1 0.698209530      1          0
16              0              0         0 0.000000000     -1          2
17             28             29         1 0.229692428      1          0
18              0              0         0 0.000000000     -1          1
19             30             31         1 0.853846319      1          0
20              0              0         0 0.000000000     -1          2
21             32             33         2 0.359357036      1          0
22              0              0         0 0.000000000     -1          2
23             34             35         1 0.571305366      1          0
24             36             37         1 0.555005984      1          0
25              0              0         0 0.000000000     -1          2
26              0              0         0 0.000000000     -1          1
27             38             39         1 0.953469457      1          0
28             40             41         2 0.276865318      1          0
29             42             43         2 0.205316540      1          0
30             44             45         2 0.086055467      1          0
31             46             47         2 0.218697556      1          0
32              0              0         0 0.000000000     -1          2
33             48             49         2 0.574028380      1          0
34             50             51         1 0.520576736      1          0
35             52             53         2 0.680806152      1          0
36             54             55         1 0.469664491      1          0
37             56             57         2 0.892769297      1          0
38             58             59         1 0.932028685      1          0
39              0              0         0 0.000000000     -1          2
40             60             61         1 0.086180772      1          0
41              0              0         0 0.000000000     -1          2
42             62             63         1 0.254615099      1          0
43              0              0         0 0.000000000     -1          2
44              0              0         0 0.000000000     -1          2
45              0              0         0 0.000000000     -1          1
46             64             65         1 0.937199815      1          0
47             66             67         2 0.304516423      1          0
48             68             69         2 0.457037499      1          0
49             70             71         1 0.224800379      1          0
50              0              0         0 0.000000000     -1          1
51              0              0         0 0.000000000     -1          1
52             72             73         2 0.371987617      1          0
53              0              0         0 0.000000000     -1          1
54             74             75         2 0.921904306      1          0
55              0              0         0 0.000000000     -1          2
56              0              0         0 0.000000000     -1          2
57              0              0         0 0.000000000     -1          1
58             76             77         2 0.774523409      1          0
59              0              0         0 0.000000000     -1          1
60              0              0         0 0.000000000     -1          2
61             78             79         2 0.062709623      1          0
62              0              0         0 0.000000000     -1          2
63             80             81         2 0.039170941      1          0
64              0              0         0 0.000000000     -1          2
65              0              0         0 0.000000000     -1          1
66              0              0         0 0.000000000     -1          1
67              0              0         0 0.000000000     -1          1
68              0              0         0 0.000000000     -1          2
69             82             83         2 0.470198775      1          0
70              0              0         0 0.000000000     -1          1
71             84             85         2 0.658621047      1          0
72              0              0         0 0.000000000     -1          1
73             86             87         2 0.536008090      1          0
74             88             89         2 0.778036834      1          0
75              0              0         0 0.000000000     -1          2
76              0              0         0 0.000000000     -1          1
77             90             91         1 0.909070600      1          0
78              0              0         0 0.000000000     -1          1
79             92             93         1 0.140761635      1          0
80              0              0         0 0.000000000     -1          1
81             94             95         1 0.370859528      1          0
82              0              0         0 0.000000000     -1          1
83             96             97         2 0.525196604      1          0
84             98             99         2 0.650918941      1          0
85              0              0         0 0.000000000     -1          2
86            100            101         2 0.528911698      1          0
87              0              0         0 0.000000000     -1          1
88              0              0         0 0.000000000     -1          2
89            102            103         2 0.796052527      1          0
90            104            105         2 0.838416147      1          0
91              0              0         0 0.000000000     -1          2
92              0              0         0 0.000000000     -1          1
93              0              0         0 0.000000000     -1          1
94            106            107         2 0.117616006      1          0
95              0              0         0 0.000000000     -1          2
96              0              0         0 0.000000000     -1          2
97            108            109         2 0.535274701      1          0
98            110            111         2 0.595008792      1          0
99              0              0         0 0.000000000     -1          1
100           112            113         1 0.675471790      1          0
101             0              0         0 0.000000000     -1          2
102             0              0         0 0.000000000     -1          1
103           114            115         2 0.878642518      1          0
104             0              0         0 0.000000000     -1          2
105           116            117         2 0.849023390      1          0
106             0              0         0 0.000000000     -1          1
107             0              0         0 0.000000000     -1          1
108             0              0         0 0.000000000     -1          1
109             0              0         0 0.000000000     -1          2
110             0              0         0 0.000000000     -1          2
111             0              0         0 0.000000000     -1          2
112             0              0         0 0.000000000     -1          1
113             0              0         0 0.000000000     -1          1
114           118            119         2 0.874028425      1          0
115             0              0         0 0.000000000     -1          2
116             0              0         0 0.000000000     -1          1
117           120            121         1 0.817585107      1          0
118           122            123         1 0.443361331      1          0
119             0              0         0 0.000000000     -1          1
120           124            125         2 0.942660924      1          0
121             0              0         0 0.000000000     -1          2
122           126            127         1 0.338242322      1          0
123             0              0         0 0.000000000     -1          2
124             0              0         0 0.000000000     -1          2
125             0              0         0 0.000000000     -1          2
126             0              0         0 0.000000000     -1          2
127             0              0         0 0.000000000     -1          2
