    left daughter right daughter split var split point status prediction
1               2              3         2  0.33002860      1          0
2               4              5         2  0.28065504      1          0
3               6              7         2  0.70271664      1          0
4               8              9         2  0.25858833      1          0
5              10             11         1  0.37392305      1          0
6              12             13         1  0.50968154      1          0
7              14             15         2  0.93985366      1          0
8              16             17         1  0.50992227      1          0
9              18             19         1  0.40678584      1          0
10             20             21         2  0.31556575      1          0
11              0              0         0  0.00000000     -1          1
12             22             23         1  0.47674544      1          0
13             24             25         1  0.66951086      1          0
14             26             27         1  0.72403633      1          0
15             28             29         2  0.99070550      1          0
16             30             31         2  0.11153866      1          0
17             32             33         2  0.14537030      1          0
18              0              0         0  0.00000000     -1          1
19              0              0         0  0.00000000     -1          1
20             34             35         1  0.18542164      1          0
21              0              0         0  0.00000000     -1          2
22             36             37         2  0.35935704      1          0
23              0              0         0  0.00000000     -1          2
24             38             39         1  0.57130537      1          0
25             40             41         1  0.92457093      1          0
26             42             43         2  0.92429370      1          0
27             44             45         2  0.79026247      1          0
28              0              0         0  0.00000000     -1          2
29              0              0         0  0.00000000     -1          2
30             46             47         1  0.50364109      1          0
31             48             49         1  0.38727791      1          0
32             50             51         1  0.62239007      1          0
33              0              0         0  0.00000000     -1          1
34              0              0         0  0.00000000     -1          1
35              0              0         0  0.00000000     -1          2
36             52             53         1  0.20324749      1          0
37             54             55         2  0.57489624      1          0
38             56             57         1  0.54589453      1          0
39             58             59         2  0.67347228      1          0
40             60             61         1  0.79592247      1          0
41             62             63         2  0.37231825      1          0
42             64             65         1  0.55842106      1          0
43             66             67         2  0.92935535      1          0
44              0              0         0  0.00000000     -1          1
45             68             69         1  0.81758511      1          0
46             70             71         1  0.35344399      1          0
47              0              0         0  0.00000000     -1          2
48             72             73         2  0.17842323      1          0
49              0              0         0  0.00000000     -1          1
50             74             75         2  0.03008894      1          0
51             76             77         2  0.14126317      1          0
52              0              0         0  0.00000000     -1          2
53              0              0         0  0.00000000     -1          2
54             78             79         2  0.50679470      1          0
55             80             81         2  0.57747743      1          0
56              0              0         0  0.00000000     -1          1
57              0              0         0  0.00000000     -1          2
58             82             83         2  0.33728185      1          0
59              0              0         0  0.00000000     -1          2
60              0              0         0  0.00000000     -1          1
61             84             85         1  0.79693960      1          0
62              0              0         0  0.00000000     -1          2
63             86             87         1  0.92683715      1          0
64             88             89         2  0.87402842      1          0
65              0              0         0  0.00000000     -1          2
66              0              0         0  0.00000000     -1          1
67             90             91         1  0.64283250      1          0
68              0              0         0  0.00000000     -1          2
69             92             93         1  0.89763879      1          0
70             94             95         1  0.34071712      1          0
71              0              0         0  0.00000000     -1          1
72              0              0         0  0.00000000     -1          1
73             96             97         2  0.18762020      1          0
74              0              0         0  0.00000000     -1          2
75              0              0         0  0.00000000     -1          1
76              0              0         0  0.00000000     -1          1
77              0              0         0  0.00000000     -1          2
78              0              0         0  0.00000000     -1          2
79             98             99         2  0.50943953      1          0
80              0              0         0  0.00000000     -1          1
81            100            101         1  0.27391923      1          0
82              0              0         0  0.00000000     -1          2
83            102            103         2  0.54297876      1          0
84              0              0         0  0.00000000     -1          2
85            104            105         1  0.88329172      1          0
86              0              0         0  0.00000000     -1          2
87              0              0         0  0.00000000     -1          1
88            106            107         2  0.77757282      1          0
89            108            109         2  0.87864252      1          0
90              0              0         0  0.00000000     -1          2
91              0              0         0  0.00000000     -1          1
92              0              0         0  0.00000000     -1          2
93              0              0         0  0.00000000     -1          2
94            110            111         1  0.13289476      1          0
95              0              0         0  0.00000000     -1          2
96              0              0         0  0.00000000     -1          2
97            112            113         2  0.24611430      1          0
98              0              0         0  0.00000000     -1          1
99              0              0         0  0.00000000     -1          2
100             0              0         0  0.00000000     -1          2
101           114            115         1  0.28150741      1          0
102           116            117         1  0.64940435      1          0
103             0              0         0  0.00000000     -1          1
104           118            119         1  0.87857260      1          0
105             0              0         0  0.00000000     -1          1
106           120            121         2  0.77609297      1          0
107           122            123         1  0.45297960      1          0
108             0              0         0  0.00000000     -1          1
109           124            125         2  0.89530755      1          0
110             0              0         0  0.00000000     -1          1
111           126            127         2  0.05343615      1          0
112             0              0         0  0.00000000     -1          1
113             0              0         0  0.00000000     -1          1
114             0              0         0  0.00000000     -1          1
115             0              0         0  0.00000000     -1          2
116             0              0         0  0.00000000     -1          1
117             0              0         0  0.00000000     -1          2
118             0              0         0  0.00000000     -1          1
119             0              0         0  0.00000000     -1          2
120             0              0         0  0.00000000     -1          2
121             0              0         0  0.00000000     -1          1
122             0              0         0  0.00000000     -1          2
123             0              0         0  0.00000000     -1          2
124             0              0         0  0.00000000     -1          2
125             0              0         0  0.00000000     -1          2
126             0              0         0  0.00000000     -1          1
127             0              0         0  0.00000000     -1          2
