    left daughter right daughter split var split point status prediction
1               2              3         2 0.282112163      1          0
2               4              5         1 0.989264514      1          0
3               6              7         1 0.604370938      1          0
4               8              9         2 0.079429552      1          0
5               0              0         0 0.000000000     -1          2
6              10             11         2 0.317075505      1          0
7              12             13         2 0.774652667      1          0
8              14             15         1 0.148762508      1          0
9              16             17         1 0.389117101      1          0
10             18             19         2 0.304967117      1          0
11             20             21         1 0.483849631      1          0
12             22             23         2 0.678015239      1          0
13             24             25         1 0.983718788      1          0
14              0              0         0 0.000000000     -1          1
15             26             27         2 0.005548306      1          0
16             28             29         1 0.268323724      1          0
17             30             31         2 0.098930820      1          0
18             32             33         1 0.457903842      1          0
19              0              0         0 0.000000000     -1          1
20             34             35         2 0.359357036      1          0
21             36             37         2 0.574246547      1          0
22             38             39         1 0.669510863      1          0
23             40             41         2 0.689930370      1          0
24             42             43         2 0.862681895      1          0
25              0              0         0 0.000000000     -1          1
26              0              0         0 0.000000000     -1          1
27              0              0         0 0.000000000     -1          1
28             44             45         1 0.077127314      1          0
29             46             47         1 0.312394552      1          0
30              0              0         0 0.000000000     -1          1
31             48             49         1 0.886389755      1          0
32              0              0         0 0.000000000     -1          2
33              0              0         0 0.000000000     -1          1
34             50             51         2 0.357923404      1          0
35             52             53         2 0.873513822      1          0
36              0              0         0 0.000000000     -1          1
37             54             55         1 0.555005984      1          0
38             56             57         2 0.542978762      1          0
39             58             59         2 0.653309598      1          0
40              0              0         0 0.000000000     -1          2
41             60             61         1 0.799464615      1          0
42             62             63         2 0.783788046      1          0
43             64             65         2 0.871054286      1          0
44              0              0         0 0.000000000     -1          1
45             66             67         2 0.119609799      1          0
46              0              0         0 0.000000000     -1          2
47              0              0         0 0.000000000     -1          1
48             68             69         1 0.629200787      1          0
49             70             71         1 0.891201540      1          0
50             72             73         1 0.385569488      1          0
51              0              0         0 0.000000000     -1          1
52             74             75         2 0.462095179      1          0
53             76             77         2 0.878127915      1          0
54              0              0         0 0.000000000     -1          2
55             78             79         2 0.690043984      1          0
56             80             81         1 0.649404352      1          0
57              0              0         0 0.000000000     -1          1
58             82             83         2 0.518142330      1          0
59              0              0         0 0.000000000     -1          1
60              0              0         0 0.000000000     -1          2
61              0              0         0 0.000000000     -1          1
62              0              0         0 0.000000000     -1          2
63              0              0         0 0.000000000     -1          2
64              0              0         0 0.000000000     -1          1
65             84             85         1 0.799161834      1          0
66              0              0         0 0.000000000     -1          2
67             86             87         2 0.270797461      1          0
68             88             89         1 0.625236199      1          0
69              0              0         0 0.000000000     -1          1
70              0              0         0 0.000000000     -1          2
71             90             91         1 0.940496453      1          0
72              0              0         0 0.000000000     -1          2
73              0              0         0 0.000000000     -1          1
74              0              0         0 0.000000000     -1          2
75             92             93         2 0.464770343      1          0
76              0              0         0 0.000000000     -1          1
77             94             95         1 0.155530313      1          0
78              0              0         0 0.000000000     -1          1
79             96             97         1 0.562248325      1          0
80              0              0         0 0.000000000     -1          1
81              0              0         0 0.000000000     -1          2
82             98             99         1 0.824824104      1          0
83              0              0         0 0.000000000     -1          1
84            100            101         1 0.775917270      1          0
85            102            103         1 0.949854239      1          0
86            104            105         1 0.086180772      1          0
87              0              0         0 0.000000000     -1          2
88            106            107         1 0.542826618      1          0
89              0              0         0 0.000000000     -1          2
90              0              0         0 0.000000000     -1          1
91              0              0         0 0.000000000     -1          1
92              0              0         0 0.000000000     -1          1
93            108            109         2 0.796052527      1          0
94              0              0         0 0.000000000     -1          2
95            110            111         1 0.159470831      1          0
96              0              0         0 0.000000000     -1          1
97              0              0         0 0.000000000     -1          2
98              0              0         0 0.000000000     -1          1
99            112            113         2 0.503966880      1          0
100           114            115         2 0.945000465      1          0
101             0              0         0 0.000000000     -1          1
102             0              0         0 0.000000000     -1          2
103             0              0         0 0.000000000     -1          2
104             0              0         0 0.000000000     -1          2
105             0              0         0 0.000000000     -1          1
106           116            117         2 0.227392110      1          0
107             0              0         0 0.000000000     -1          1
108           118            119         2 0.791433821      1          0
109             0              0         0 0.000000000     -1          2
110             0              0         0 0.000000000     -1          1
111           120            121         1 0.435149785      1          0
112           122            123         1 0.926837145      1          0
113             0              0         0 0.000000000     -1          2
114           124            125         2 0.936153573      1          0
115             0              0         0 0.000000000     -1          2
116             0              0         0 0.000000000     -1          1
117             0              0         0 0.000000000     -1          1
118           126            127         1 0.219213306      1          0
119             0              0         0 0.000000000     -1          1
120             0              0         0 0.000000000     -1          2
121             0              0         0 0.000000000     -1          2
122             0              0         0 0.000000000     -1          1
123             0              0         0 0.000000000     -1          1
124             0              0         0 0.000000000     -1          2
125             0              0         0 0.000000000     -1          1
126             0              0         0 0.000000000     -1          2
127             0              0         0 0.000000000     -1          2
