    left daughter right daughter split var split point status prediction
1               2              3         2 0.282097076      1          0
2               4              5         2 0.116132858      1          0
3               6              7         2 0.714900500      1          0
4               8              9         1 0.983207506      1          0
5              10             11         2 0.206452675      1          0
6              12             13         2 0.329325429      1          0
7              14             15         1 0.804092520      1          0
8              16             17         1 0.622390066      1          0
9               0              0         0 0.000000000     -1          2
10             18             19         1 0.389117101      1          0
11             20             21         2 0.211495883      1          0
12             22             23         1 0.457333059      1          0
13             24             25         1 0.509681545      1          0
14             26             27         2 0.893423420      1          0
15             28             29         2 0.790768497      1          0
16             30             31         2 0.005825896      1          0
17             32             33         2 0.097532292      1          0
18             34             35         1 0.383182800      1          0
19              0              0         0 0.000000000     -1          1
20              0              0         0 0.000000000     -1          1
21             36             37         1 0.629200787      1          0
22             38             39         1 0.164252574      1          0
23             40             41         1 0.860179133      1          0
24             42             43         2 0.574896242      1          0
25             44             45         1 0.673023550      1          0
26             46             47         1 0.036279406      1          0
27             48             49         2 0.893869046      1          0
28              0              0         0 0.000000000     -1          1
29             50             51         2 0.987827220      1          0
30              0              0         0 0.000000000     -1          1
31             52             53         1 0.605003971      1          0
32             54             55         2 0.016394860      1          0
33              0              0         0 0.000000000     -1          1
34              0              0         0 0.000000000     -1          1
35              0              0         0 0.000000000     -1          2
36             56             57         2 0.241925857      1          0
37              0              0         0 0.000000000     -1          1
38              0              0         0 0.000000000     -1          2
39              0              0         0 0.000000000     -1          2
40              0              0         0 0.000000000     -1          1
41              0              0         0 0.000000000     -1          1
42             58             59         2 0.535274701      1          0
43             60             61         1 0.210998128      1          0
44             62             63         1 0.623175088      1          0
45             64             65         1 0.833839835      1          0
46              0              0         0 0.000000000     -1          2
47             66             67         2 0.778036834      1          0
48              0              0         0 0.000000000     -1          1
49             68             69         2 0.938905701      1          0
50             70             71         1 0.817585107      1          0
51              0              0         0 0.000000000     -1          1
52             72             73         1 0.224277824      1          0
53              0              0         0 0.000000000     -1          2
54              0              0         0 0.000000000     -1          1
55              0              0         0 0.000000000     -1          1
56              0              0         0 0.000000000     -1          1
57             74             75         1 0.624043434      1          0
58             76             77         1 0.482794121      1          0
59              0              0         0 0.000000000     -1          2
60             78             79         1 0.088738151      1          0
61             80             81         2 0.674879166      1          0
62             82             83         1 0.575623479      1          0
63              0              0         0 0.000000000     -1          2
64             84             85         2 0.653309598      1          0
65             86             87         2 0.359458326      1          0
66              0              0         0 0.000000000     -1          2
67             88             89         2 0.778520006      1          0
68             90             91         2 0.936001571      1          0
69              0              0         0 0.000000000     -1          2
70              0              0         0 0.000000000     -1          1
71             92             93         2 0.867808655      1          0
72             94             95         1 0.164857488      1          0
73             96             97         1 0.346605575      1          0
74             98             99         1 0.227482996      1          0
75              0              0         0 0.000000000     -1          2
76            100            101         1 0.212560853      1          0
77              0              0         0 0.000000000     -1          2
78              0              0         0 0.000000000     -1          2
79            102            103         1 0.091693465      1          0
80            104            105         2 0.583269182      1          0
81              0              0         0 0.000000000     -1          2
82            106            107         1 0.563581019      1          0
83              0              0         0 0.000000000     -1          1
84              0              0         0 0.000000000     -1          1
85              0              0         0 0.000000000     -1          1
86              0              0         0 0.000000000     -1          2
87            108            109         2 0.514469830      1          0
88              0              0         0 0.000000000     -1          1
89            110            111         2 0.831001835      1          0
90            112            113         2 0.924768161      1          0
91              0              0         0 0.000000000     -1          1
92            114            115         1 0.934696163      1          0
93              0              0         0 0.000000000     -1          2
94            116            117         1 0.132894757      1          0
95              0              0         0 0.000000000     -1          2
96              0              0         0 0.000000000     -1          1
97              0              0         0 0.000000000     -1          1
98              0              0         0 0.000000000     -1          1
99              0              0         0 0.000000000     -1          1
100             0              0         0 0.000000000     -1          2
101           118            119         2 0.528551610      1          0
102             0              0         0 0.000000000     -1          1
103             0              0         0 0.000000000     -1          2
104             0              0         0 0.000000000     -1          1
105           120            121         2 0.665922273      1          0
106           122            123         2 0.499486419      1          0
107             0              0         0 0.000000000     -1          2
108             0              0         0 0.000000000     -1          1
109           124            125         1 0.849342688      1          0
110           126            127         2 0.827854618      1          0
111             0              0         0 0.000000000     -1          2
112             0              0         0 0.000000000     -1          2
113             0              0         0 0.000000000     -1          2
114             0              0         0 0.000000000     -1          2
115             0              0         0 0.000000000     -1          2
116             0              0         0 0.000000000     -1          1
117             0              0         0 0.000000000     -1          1
118             0              0         0 0.000000000     -1          2
119             0              0         0 0.000000000     -1          1
120             0              0         0 0.000000000     -1          2
121             0              0         0 0.000000000     -1          1
122             0              0         0 0.000000000     -1          1
123             0              0         0 0.000000000     -1          2
124             0              0         0 0.000000000     -1          2
125             0              0         0 0.000000000     -1          1
126             0              0         0 0.000000000     -1          2
127             0              0         0 0.000000000     -1          1
