    left daughter right daughter split var split point status prediction
1               2              3         2 0.289633071      1          0
2               4              5         1 0.972944585      1          0
3               6              7         1 0.602818910      1          0
4               8              9         2 0.257818234      1          0
5               0              0         0 0.000000000     -1          1
6              10             11         1 0.411636339      1          0
7              12             13         2 0.710350401      1          0
8              14             15         1 0.311993087      1          0
9              16             17         1 0.397748255      1          0
10             18             19         2 0.313093264      1          0
11             20             21         2 0.377106661      1          0
12             22             23         1 0.832063981      1          0
13             24             25         1 0.666090228      1          0
14             26             27         2 0.122527071      1          0
15             28             29         1 0.925390466      1          0
16              0              0         0 0.000000000     -1          2
17             30             31         1 0.624043434      1          0
18              0              0         0 0.000000000     -1          2
19             32             33         1 0.039193296      1          0
20             34             35         2 0.332472689      1          0
21             36             37         2 0.831001835      1          0
22             38             39         1 0.670542775      1          0
23             40             41         1 0.860179133      1          0
24              0              0         0 0.000000000     -1          2
25             42             43         1 0.667361663      1          0
26             44             45         2 0.116974586      1          0
27             46             47         1 0.283541228      1          0
28             48             49         1 0.565858883      1          0
29              0              0         0 0.000000000     -1          1
30              0              0         0 0.000000000     -1          1
31              0              0         0 0.000000000     -1          1
32             50             51         2 0.716546542      1          0
33             52             53         2 0.937122387      1          0
34              0              0         0 0.000000000     -1          1
35              0              0         0 0.000000000     -1          1
36             54             55         2 0.823368301      1          0
37              0              0         0 0.000000000     -1          2
38             56             57         1 0.641656564      1          0
39             58             59         1 0.796501166      1          0
40              0              0         0 0.000000000     -1          2
41             60             61         1 0.925262752      1          0
42              0              0         0 0.000000000     -1          1
43             62             63         2 0.785819590      1          0
44             64             65         1 0.164857488      1          0
45              0              0         0 0.000000000     -1          2
46             66             67         2 0.238810391      1          0
47              0              0         0 0.000000000     -1          2
48             68             69         2 0.006369991      1          0
49             70             71         2 0.101037031      1          0
50              0              0         0 0.000000000     -1          2
51              0              0         0 0.000000000     -1          2
52             72             73         1 0.090456252      1          0
53             74             75         1 0.152820101      1          0
54             76             77         2 0.768609576      1          0
55              0              0         0 0.000000000     -1          1
56             78             79         1 0.611815518      1          0
57              0              0         0 0.000000000     -1          2
58             80             81         2 0.644821462      1          0
59              0              0         0 0.000000000     -1          1
60              0              0         0 0.000000000     -1          1
61             82             83         1 0.930864933      1          0
62             84             85         2 0.725899100      1          0
63             86             87         1 0.710894383      1          0
64             88             89         2 0.108667916      1          0
65              0              0         0 0.000000000     -1          1
66              0              0         0 0.000000000     -1          1
67              0              0         0 0.000000000     -1          1
68              0              0         0 0.000000000     -1          2
69             90             91         2 0.105331894      1          0
70             92             93         2 0.097532292      1          0
71              0              0         0 0.000000000     -1          1
72              0              0         0 0.000000000     -1          2
73             94             95         1 0.092743971      1          0
74              0              0         0 0.000000000     -1          2
75             96             97         1 0.159470831      1          0
76             98             99         2 0.458901528      1          0
77              0              0         0 0.000000000     -1          2
78              0              0         0 0.000000000     -1          1
79              0              0         0 0.000000000     -1          1
80              0              0         0 0.000000000     -1          1
81              0              0         0 0.000000000     -1          1
82              0              0         0 0.000000000     -1          2
83            100            101         1 0.953356966      1          0
84              0              0         0 0.000000000     -1          2
85              0              0         0 0.000000000     -1          1
86              0              0         0 0.000000000     -1          2
87            102            103         1 0.714559576      1          0
88              0              0         0 0.000000000     -1          1
89              0              0         0 0.000000000     -1          1
90            104            105         2 0.099137468      1          0
91              0              0         0 0.000000000     -1          1
92              0              0         0 0.000000000     -1          1
93              0              0         0 0.000000000     -1          2
94              0              0         0 0.000000000     -1          1
95            106            107         2 0.574896242      1          0
96              0              0         0 0.000000000     -1          1
97            108            109         1 0.324010822      1          0
98              0              0         0 0.000000000     -1          2
99            110            111         1 0.428185263      1          0
100             0              0         0 0.000000000     -1          1
101             0              0         0 0.000000000     -1          1
102             0              0         0 0.000000000     -1          1
103           112            113         1 0.817585107      1          0
104           114            115         2 0.033096704      1          0
105             0              0         0 0.000000000     -1          2
106           116            117         2 0.462095179      1          0
107           118            119         2 0.586504868      1          0
108             0              0         0 0.000000000     -1          2
109             0              0         0 0.000000000     -1          2
110             0              0         0 0.000000000     -1          2
111           120            121         2 0.666624150      1          0
112           122            123         2 0.863925210      1          0
113           124            125         2 0.983974779      1          0
114             0              0         0 0.000000000     -1          1
115             0              0         0 0.000000000     -1          1
116             0              0         0 0.000000000     -1          2
117           126            127         2 0.467871017      1          0
118             0              0         0 0.000000000     -1          1
119             0              0         0 0.000000000     -1          2
120             0              0         0 0.000000000     -1          2
121             0              0         0 0.000000000     -1          2
122             0              0         0 0.000000000     -1          2
123             0              0         0 0.000000000     -1          2
124             0              0         0 0.000000000     -1          2
125             0              0         0 0.000000000     -1          1
126             0              0         0 0.000000000     -1          1
127             0              0         0 0.000000000     -1          2
