    left daughter right daughter split var split point status prediction
1               2              3         2 0.342539431      1          0
2               4              5         1 0.388837434      1          0
3               6              7         2 0.643344504      1          0
4               8              9         2 0.260333948      1          0
5              10             11         2 0.006369991      1          0
6              12             13         1 0.530120876      1          0
7              14             15         2 0.794446030      1          0
8              16             17         2 0.238166843      1          0
9              18             19         2 0.313093264      1          0
10              0              0         0 0.000000000     -1          1
11             20             21         1 0.990554081      1          0
12             22             23         2 0.591773106      1          0
13             24             25         1 0.878572598      1          0
14             26             27         1 0.665552133      1          0
15             28             29         2 0.825804221      1          0
16             30             31         1 0.384465300      1          0
17              0              0         0 0.000000000     -1          1
18             32             33         2 0.268790568      1          0
19              0              0         0 0.000000000     -1          2
20             34             35         2 0.082777721      1          0
21              0              0         0 0.000000000     -1          1
22             36             37         2 0.377106661      1          0
23             38             39         1 0.289960128      1          0
24             40             41         1 0.670542775      1          0
25             42             43         2 0.468610686      1          0
26             44             45         1 0.259259928      1          0
27             46             47         1 0.700059669      1          0
28              0              0         0 0.000000000     -1          2
29             48             49         1 0.656783757      1          0
30             50             51         1 0.073392599      1          0
31              0              0         0 0.000000000     -1          2
32              0              0         0 0.000000000     -1          2
33              0              0         0 0.000000000     -1          1
34              0              0         0 0.000000000     -1          1
35             52             53         1 0.726186672      1          0
36             54             55         2 0.372407224      1          0
37             56             57         2 0.533732831      1          0
38              0              0         0 0.000000000     -1          2
39              0              0         0 0.000000000     -1          2
40             58             59         2 0.546961609      1          0
41             60             61         1 0.833839835      1          0
42             62             63         2 0.466136870      1          0
43             64             65         2 0.528911698      1          0
44             66             67         1 0.039193296      1          0
45             68             69         1 0.276491462      1          0
46              0              0         0 0.000000000     -1          1
47             70             71         1 0.754477400      1          0
48             72             73         2 0.830412879      1          0
49             74             75         1 0.714559576      1          0
50              0              0         0 0.000000000     -1          1
51             76             77         1 0.221121069      1          0
52             78             79         1 0.712406402      1          0
53             80             81         1 0.857883625      1          0
54              0              0         0 0.000000000     -1          2
55              0              0         0 0.000000000     -1          1
56              0              0         0 0.000000000     -1          2
57             82             83         1 0.424884386      1          0
58             84             85         1 0.647323747      1          0
59              0              0         0 0.000000000     -1          1
60              0              0         0 0.000000000     -1          1
61              0              0         0 0.000000000     -1          1
62              0              0         0 0.000000000     -1          1
63              0              0         0 0.000000000     -1          2
64              0              0         0 0.000000000     -1          1
65              0              0         0 0.000000000     -1          1
66              0              0         0 0.000000000     -1          2
67              0              0         0 0.000000000     -1          2
68              0              0         0 0.000000000     -1          1
69             86             87         1 0.460308889      1          0
70              0              0         0 0.000000000     -1          2
71             88             89         1 0.905085099      1          0
72              0              0         0 0.000000000     -1          1
73             90             91         1 0.048899477      1          0
74              0              0         0 0.000000000     -1          2
75             92             93         1 0.949854239      1          0
76             94             95         1 0.211637484      1          0
77              0              0         0 0.000000000     -1          1
78             96             97         2 0.086055467      1          0
79              0              0         0 0.000000000     -1          2
80              0              0         0 0.000000000     -1          1
81             98             99         1 0.860179133      1          0
82              0              0         0 0.000000000     -1          2
83              0              0         0 0.000000000     -1          2
84              0              0         0 0.000000000     -1          1
85              0              0         0 0.000000000     -1          2
86              0              0         0 0.000000000     -1          2
87            100            101         2 0.706170084      1          0
88            102            103         1 0.787112792      1          0
89              0              0         0 0.000000000     -1          2
90              0              0         0 0.000000000     -1          2
91            104            105         1 0.437774328      1          0
92            106            107         1 0.731988912      1          0
93              0              0         0 0.000000000     -1          2
94              0              0         0 0.000000000     -1          1
95              0              0         0 0.000000000     -1          2
96              0              0         0 0.000000000     -1          2
97            108            109         1 0.629200787      1          0
98              0              0         0 0.000000000     -1          2
99            110            111         2 0.189391775      1          0
100             0              0         0 0.000000000     -1          2
101             0              0         0 0.000000000     -1          2
102             0              0         0 0.000000000     -1          1
103             0              0         0 0.000000000     -1          1
104           112            113         1 0.435149785      1          0
105             0              0         0 0.000000000     -1          2
106             0              0         0 0.000000000     -1          2
107           114            115         1 0.770225672      1          0
108           116            117         2 0.104148621      1          0
109             0              0         0 0.000000000     -1          1
110             0              0         0 0.000000000     -1          1
111             0              0         0 0.000000000     -1          1
112           118            119         2 0.937798420      1          0
113             0              0         0 0.000000000     -1          1
114             0              0         0 0.000000000     -1          2
115           120            121         2 0.845019854      1          0
116             0              0         0 0.000000000     -1          1
117           122            123         2 0.238384950      1          0
118           124            125         2 0.937122387      1          0
119             0              0         0 0.000000000     -1          2
120             0              0         0 0.000000000     -1          2
121           126            127         2 0.869051971      1          0
122             0              0         0 0.000000000     -1          1
123             0              0         0 0.000000000     -1          1
124             0              0         0 0.000000000     -1          2
125             0              0         0 0.000000000     -1          1
126             0              0         0 0.000000000     -1          2
127             0              0         0 0.000000000     -1          2
