    left daughter right daughter split var split point status prediction
1               2              3         1  0.54185405      1          0
2               4              5         2  0.32236592      1          0
3               6              7         2  0.71587741      1          0
4               8              9         1  0.40433774      1          0
5              10             11         2  0.93779842      1          0
6              12             13         2  0.63900350      1          0
7              14             15         1  0.97985350      1          0
8              16             17         2  0.27686532      1          0
9               0              0         0  0.00000000     -1          1
10             18             19         1  0.48809066      1          0
11              0              0         0  0.00000000     -1          2
12             20             21         1  0.61447020      1          0
13             22             23         2  0.69417509      1          0
14             24             25         1  0.66609023      1          0
15              0              0         0  0.00000000     -1          1
16             26             27         2  0.20031246      1          0
17             28             29         2  0.29614353      1          0
18             30             31         2  0.93712239      1          0
19             32             33         2  0.49202781      1          0
20             34             35         1  0.60945435      1          0
21             36             37         2  0.01901715      1          0
22             38             39         1  0.72925660      1          0
23              0              0         0  0.00000000     -1          1
24             40             41         2  0.88310997      1          0
25             42             43         1  0.66751633      1          0
26             44             45         1  0.06810990      1          0
27             46             47         1  0.22748300      1          0
28              0              0         0  0.00000000     -1          2
29              0              0         0  0.00000000     -1          2
30             48             49         1  0.04129029      1          0
31              0              0         0  0.00000000     -1          1
32              0              0         0  0.00000000     -1          1
33             50             51         1  0.51180638      1          0
34             52             53         2  0.31246525      1          0
35              0              0         0  0.00000000     -1          2
36              0              0         0  0.00000000     -1          1
37             54             55         2  0.11446229      1          0
38              0              0         0  0.00000000     -1          2
39              0              0         0  0.00000000     -1          1
40              0              0         0  0.00000000     -1          2
41              0              0         0  0.00000000     -1          2
42              0              0         0  0.00000000     -1          1
43             56             57         1  0.68699116      1          0
44              0              0         0  0.00000000     -1          1
45             58             59         2  0.11226397      1          0
46             60             61         1  0.09590413      1          0
47              0              0         0  0.00000000     -1          2
48             62             63         2  0.74037838      1          0
49             64             65         1  0.23886659      1          0
50              0              0         0  0.00000000     -1          2
51              0              0         0  0.00000000     -1          2
52             66             67         2  0.03008894      1          0
53             68             69         2  0.42868934      1          0
54              0              0         0  0.00000000     -1          1
55             70             71         2  0.11603219      1          0
56              0              0         0  0.00000000     -1          2
57             72             73         2  0.77145388      1          0
58             74             75         1  0.08258966      1          0
59             76             77         1  0.37969081      1          0
60              0              0         0  0.00000000     -1          1
61              0              0         0  0.00000000     -1          1
62              0              0         0  0.00000000     -1          2
63              0              0         0  0.00000000     -1          2
64             78             79         1  0.16931239      1          0
65             80             81         1  0.23962578      1          0
66              0              0         0  0.00000000     -1          1
67              0              0         0  0.00000000     -1          1
68              0              0         0  0.00000000     -1          1
69              0              0         0  0.00000000     -1          1
70              0              0         0  0.00000000     -1          2
71             82             83         1  0.88689028      1          0
72              0              0         0  0.00000000     -1          1
73             84             85         2  0.93706172      1          0
74              0              0         0  0.00000000     -1          2
75             86             87         2  0.10790990      1          0
76             88             89         2  0.17797527      1          0
77              0              0         0  0.00000000     -1          1
78             90             91         2  0.86759221      1          0
79              0              0         0  0.00000000     -1          2
80              0              0         0  0.00000000     -1          1
81             92             93         1  0.29521516      1          0
82             94             95         1  0.65775528      1          0
83             96             97         1  0.89065138      1          0
84             98             99         2  0.92867005      1          0
85              0              0         0  0.00000000     -1          2
86            100            101         1  0.16485749      1          0
87              0              0         0  0.00000000     -1          2
88              0              0         0  0.00000000     -1          1
89              0              0         0  0.00000000     -1          1
90            102            103         1  0.09169347      1          0
91              0              0         0  0.00000000     -1          2
92            104            105         1  0.27391606      1          0
93            106            107         1  0.31257728      1          0
94            108            109         2  0.38529855      1          0
95            110            111         2  0.51584143      1          0
96              0              0         0  0.00000000     -1          2
97            112            113         1  0.93303580      1          0
98            114            115         2  0.89828107      1          0
99              0              0         0  0.00000000     -1          1
100             0              0         0  0.00000000     -1          1
101           116            117         1  0.17919148      1          0
102           118            119         2  0.61697198      1          0
103             0              0         0  0.00000000     -1          2
104             0              0         0  0.00000000     -1          2
105           120            121         2  0.91840092      1          0
106             0              0         0  0.00000000     -1          2
107           122            123         2  0.77684808      1          0
108             0              0         0  0.00000000     -1          1
109             0              0         0  0.00000000     -1          1
110             0              0         0  0.00000000     -1          1
111           124            125         2  0.51814233      1          0
112           126            127         1  0.92539047      1          0
113             0              0         0  0.00000000     -1          1
114             0              0         0  0.00000000     -1          2
115             0              0         0  0.00000000     -1          2
116             0              0         0  0.00000000     -1          2
117             0              0         0  0.00000000     -1          1
118             0              0         0  0.00000000     -1          2
119             0              0         0  0.00000000     -1          2
120             0              0         0  0.00000000     -1          2
121             0              0         0  0.00000000     -1          1
122             0              0         0  0.00000000     -1          2
123             0              0         0  0.00000000     -1          2
124             0              0         0  0.00000000     -1          2
125             0              0         0  0.00000000     -1          1
126             0              0         0  0.00000000     -1          1
127             0              0         0  0.00000000     -1          2
