    left daughter right daughter split var split point status prediction
1               2              3         1  0.61181552      1          0
2               4              5         2  0.31008998      1          0
3               6              7         2  0.68080615      1          0
4               8              9         2  0.24159362      1          0
5              10             11         1  0.38800883      1          0
6              12             13         2  0.65330960      1          0
7              14             15         2  0.79229402      1          0
8              16             17         1  0.55604353      1          0
9              18             19         1  0.42624172      1          0
10             20             21         2  0.57489624      1          0
11             22             23         1  0.39375654      1          0
12             24             25         1  0.66951086      1          0
13              0              0         0  0.00000000     -1          1
14             26             27         1  0.68769528      1          0
15             28             29         1  0.93233522      1          0
16             30             31         1  0.50725670      1          0
17              0              0         0  0.00000000     -1          1
18             32             33         1  0.22748300      1          0
19              0              0         0  0.00000000     -1          1
20             34             35         2  0.50490264      1          0
21             36             37         1  0.22220146      1          0
22              0              0         0  0.00000000     -1          1
23             38             39         1  0.55373462      1          0
24             40             41         2  0.35394025      1          0
25             42             43         1  0.99123593      1          0
26              0              0         0  0.00000000     -1          2
27             44             45         1  0.90508510      1          0
28             46             47         2  0.93296180      1          0
29              0              0         0  0.00000000     -1          2
30             48             49         2  0.07935744      1          0
31              0              0         0  0.00000000     -1          1
32              0              0         0  0.00000000     -1          1
33              0              0         0  0.00000000     -1          2
34              0              0         0  0.00000000     -1          2
35             50             51         2  0.50718182      1          0
36             52             53         1  0.03933086      1          0
37             54             55         1  0.22806992      1          0
38             56             57         1  0.46386334      1          0
39             58             59         1  0.55887073      1          0
40             60             61         2  0.09672904      1          0
41             62             63         1  0.64732375      1          0
42             64             65         2  0.51934830      1          0
43              0              0         0  0.00000000     -1          1
44             66             67         1  0.84398993      1          0
45              0              0         0  0.00000000     -1          2
46             68             69         2  0.83841615      1          0
47              0              0         0  0.00000000     -1          2
48             70             71         1  0.34660557      1          0
49             72             73         2  0.12240143      1          0
50              0              0         0  0.00000000     -1          1
51              0              0         0  0.00000000     -1          2
52             74             75         2  0.74037838      1          0
53             76             77         2  0.87181852      1          0
54              0              0         0  0.00000000     -1          1
55             78             79         1  0.27649146      1          0
56             80             81         2  0.77609297      1          0
57             82             83         2  0.49202781      1          0
58              0              0         0  0.00000000     -1          1
59             84             85         2  0.69004398      1          0
60              0              0         0  0.00000000     -1          1
61              0              0         0  0.00000000     -1          1
62              0              0         0  0.00000000     -1          1
63              0              0         0  0.00000000     -1          2
64             86             87         1  0.92539047      1          0
65              0              0         0  0.00000000     -1          1
66             88             89         2  0.68331513      1          0
67              0              0         0  0.00000000     -1          1
68              0              0         0  0.00000000     -1          2
69             90             91         2  0.84777646      1          0
70             92             93         1  0.34071712      1          0
71              0              0         0  0.00000000     -1          1
72              0              0         0  0.00000000     -1          2
73             94             95         1  0.08618077      1          0
74              0              0         0  0.00000000     -1          2
75              0              0         0  0.00000000     -1          2
76              0              0         0  0.00000000     -1          2
77             96             97         1  0.16510304      1          0
78             98             99         1  0.27350617      1          0
79            100            101         2  0.60471624      1          0
80            102            103         1  0.43700476      1          0
81            104            105         2  0.83655857      1          0
82              0              0         0  0.00000000     -1          2
83              0              0         0  0.00000000     -1          2
84              0              0         0  0.00000000     -1          1
85              0              0         0  0.00000000     -1          2
86            106            107         1  0.83726053      1          0
87            108            109         2  0.45706848      1          0
88              0              0         0  0.00000000     -1          2
89            110            111         2  0.73813940      1          0
90              0              0         0  0.00000000     -1          1
91            112            113         2  0.92369424      1          0
92            114            115         1  0.17919148      1          0
93              0              0         0  0.00000000     -1          2
94              0              0         0  0.00000000     -1          1
95            116            117         2  0.14330623      1          0
96              0              0         0  0.00000000     -1          2
97              0              0         0  0.00000000     -1          2
98            118            119         1  0.25925993      1          0
99              0              0         0  0.00000000     -1          1
100             0              0         0  0.00000000     -1          2
101             0              0         0  0.00000000     -1          2
102             0              0         0  0.00000000     -1          2
103             0              0         0  0.00000000     -1          2
104             0              0         0  0.00000000     -1          1
105             0              0         0  0.00000000     -1          2
106           120            121         2  0.51587737      1          0
107             0              0         0  0.00000000     -1          1
108           122            123         2  0.21869756      1          0
109             0              0         0  0.00000000     -1          1
110             0              0         0  0.00000000     -1          1
111             0              0         0  0.00000000     -1          2
112           124            125         1  0.82115722      1          0
113             0              0         0  0.00000000     -1          1
114             0              0         0  0.00000000     -1          1
115             0              0         0  0.00000000     -1          1
116             0              0         0  0.00000000     -1          1
117             0              0         0  0.00000000     -1          1
118             0              0         0  0.00000000     -1          2
119             0              0         0  0.00000000     -1          2
120           126            127         1  0.79737546      1          0
121             0              0         0  0.00000000     -1          2
122             0              0         0  0.00000000     -1          1
123             0              0         0  0.00000000     -1          1
124             0              0         0  0.00000000     -1          2
125             0              0         0  0.00000000     -1          2
126             0              0         0  0.00000000     -1          1
127             0              0         0  0.00000000     -1          1
