    left daughter right daughter split var split point status prediction
1               2              3         1 0.515878159      1          0
2               4              5         1 0.018861785      1          0
3               6              7         2 0.715877412      1          0
4               8              9         1 0.006602222      1          0
5              10             11         2 0.260333948      1          0
6              12             13         1 0.669510863      1          0
7              14             15         2 0.785819590      1          0
8               0              0         0 0.000000000     -1          2
9               0              0         0 0.000000000     -1          2
10             16             17         2 0.238166843      1          0
11             18             19         2 0.314413378      1          0
12             20             21         2 0.402042402      1          0
13             22             23         2 0.239721823      1          0
14             24             25         2 0.758430777      1          0
15             26             27         1 0.730093550      1          0
16             28             29         1 0.503641092      1          0
17              0              0         0 0.000000000     -1          1
18             30             31         2 0.304635795      1          0
19             32             33         1 0.039193296      1          0
20             34             35         2 0.030088943      1          0
21             36             37         2 0.431852501      1          0
22              0              0         0 0.000000000     -1          1
23             38             39         1 0.991554503      1          0
24             40             41         2 0.731671224      1          0
25             42             43         2 0.774358368      1          0
26              0              0         0 0.000000000     -1          2
27             44             45         2 0.862681895      1          0
28             46             47         1 0.253137478      1          0
29              0              0         0 0.000000000     -1          1
30             48             49         1 0.437579268      1          0
31              0              0         0 0.000000000     -1          1
32              0              0         0 0.000000000     -1          2
33             50             51         2 0.937798420      1          0
34              0              0         0 0.000000000     -1          2
35             52             53         2 0.332867138      1          0
36              0              0         0 0.000000000     -1          2
37             54             55         1 0.551227151      1          0
38             56             57         2 0.409493245      1          0
39              0              0         0 0.000000000     -1          2
40              0              0         0 0.000000000     -1          2
41              0              0         0 0.000000000     -1          2
42              0              0         0 0.000000000     -1          1
43              0              0         0 0.000000000     -1          2
44             58             59         1 0.897638794      1          0
45             60             61         1 0.737621675      1          0
46             62             63         2 0.031545299      1          0
47              0              0         0 0.000000000     -1          1
48             64             65         1 0.063803178      1          0
49              0              0         0 0.000000000     -1          1
50             66             67         1 0.260183934      1          0
51              0              0         0 0.000000000     -1          2
52             68             69         2 0.093656769      1          0
53              0              0         0 0.000000000     -1          1
54              0              0         0 0.000000000     -1          2
55             70             71         2 0.677210641      1          0
56              0              0         0 0.000000000     -1          1
57             72             73         1 0.973550239      1          0
58              0              0         0 0.000000000     -1          2
59             74             75         2 0.839002943      1          0
60              0              0         0 0.000000000     -1          1
61             76             77         1 0.819987162      1          0
62              0              0         0 0.000000000     -1          2
63             78             79         2 0.058659396      1          0
64              0              0         0 0.000000000     -1          1
65              0              0         0 0.000000000     -1          2
66             80             81         2 0.359357036      1          0
67             82             83         1 0.264418577      1          0
68              0              0         0 0.000000000     -1          1
69              0              0         0 0.000000000     -1          1
70             84             85         2 0.554653346      1          0
71              0              0         0 0.000000000     -1          2
72             86             87         1 0.833839835      1          0
73              0              0         0 0.000000000     -1          2
74              0              0         0 0.000000000     -1          2
75              0              0         0 0.000000000     -1          2
76              0              0         0 0.000000000     -1          2
77             88             89         2 0.867808655      1          0
78              0              0         0 0.000000000     -1          1
79             90             91         1 0.242782329      1          0
80              0              0         0 0.000000000     -1          2
81             92             93         1 0.222201456      1          0
82              0              0         0 0.000000000     -1          1
83             94             95         1 0.295768339      1          0
84              0              0         0 0.000000000     -1          1
85              0              0         0 0.000000000     -1          1
86              0              0         0 0.000000000     -1          1
87             96             97         1 0.841862609      1          0
88              0              0         0 0.000000000     -1          1
89              0              0         0 0.000000000     -1          2
90              0              0         0 0.000000000     -1          1
91              0              0         0 0.000000000     -1          2
92             98             99         2 0.862785250      1          0
93            100            101         2 0.590526332      1          0
94            102            103         2 0.918400921      1          0
95            104            105         2 0.933012561      1          0
96              0              0         0 0.000000000     -1          2
97            106            107         2 0.411660435      1          0
98            108            109         2 0.624869086      1          0
99              0              0         0 0.000000000     -1          2
100             0              0         0 0.000000000     -1          2
101             0              0         0 0.000000000     -1          2
102             0              0         0 0.000000000     -1          2
103             0              0         0 0.000000000     -1          1
104           110            111         2 0.375211939      1          0
105             0              0         0 0.000000000     -1          1
106             0              0         0 0.000000000     -1          2
107           112            113         1 0.918743401      1          0
108             0              0         0 0.000000000     -1          2
109           114            115         2 0.632220353      1          0
110             0              0         0 0.000000000     -1          2
111           116            117         2 0.776092974      1          0
112             0              0         0 0.000000000     -1          1
113             0              0         0 0.000000000     -1          1
114             0              0         0 0.000000000     -1          1
115             0              0         0 0.000000000     -1          2
116           118            119         1 0.298060264      1          0
117           120            121         1 0.457896463      1          0
118             0              0         0 0.000000000     -1          1
119           122            123         1 0.312577280      1          0
120           124            125         2 0.777915233      1          0
121             0              0         0 0.000000000     -1          2
122             0              0         0 0.000000000     -1          2
123           126            127         1 0.424907208      1          0
124             0              0         0 0.000000000     -1          1
125             0              0         0 0.000000000     -1          2
126             0              0         0 0.000000000     -1          2
127             0              0         0 0.000000000     -1          2
