    left daughter right daughter split var split point status prediction
1               2              3         2  0.28211216      1          0
2               4              5         1  0.98320751      1          0
3               6              7         1  0.53360399      1          0
4               8              9         2  0.24159362      1          0
5               0              0         0  0.00000000     -1          2
6              10             11         2  0.32551551      1          0
7              12             13         1  0.61190377      1          0
8              14             15         2  0.11174470      1          0
9              16             17         1  0.39837991      1          0
10             18             19         2  0.32200439      1          0
11             20             21         1  0.42563515      1          0
12             22             23         2  0.59692449      1          0
13             24             25         2  0.71587741      1          0
14             26             27         2  0.10936354      1          0
15             28             29         2  0.14211871      1          0
16             30             31         1  0.22748300      1          0
17             32             33         1  0.55729409      1          0
18             34             35         1  0.41434709      1          0
19              0              0         0  0.00000000     -1          1
20             36             37         2  0.57271881      1          0
21             38             39         2  0.89888012      1          0
22             40             41         1  0.61006301      1          0
23             42             43         1  0.56224833      1          0
24             44             45         2  0.68080615      1          0
25             46             47         1  0.75606594      1          0
26             48             49         2  0.01624014      1          0
27              0              0         0  0.00000000     -1          2
28              0              0         0  0.00000000     -1          1
29             50             51         1  0.92539047      1          0
30              0              0         0  0.00000000     -1          1
31              0              0         0  0.00000000     -1          2
32              0              0         0  0.00000000     -1          1
33              0              0         0  0.00000000     -1          1
34             52             53         1  0.24523247      1          0
35              0              0         0  0.00000000     -1          1
36             54             55         1  0.21368606      1          0
37             56             57         2  0.57925089      1          0
38             58             59         2  0.88803107      1          0
39              0              0         0  0.00000000     -1          2
40             60             61         2  0.39831331      1          0
41              0              0         0  0.00000000     -1          2
42              0              0         0  0.00000000     -1          2
43              0              0         0  0.00000000     -1          2
44             62             63         2  0.53516338      1          0
45              0              0         0  0.00000000     -1          1
46             64             65         2  0.92749519      1          0
47             66             67         1  0.76248607      1          0
48              0              0         0  0.00000000     -1          1
49             68             69         1  0.72618667      1          0
50             70             71         1  0.38911710      1          0
51              0              0         0  0.00000000     -1          2
52              0              0         0  0.00000000     -1          2
53              0              0         0  0.00000000     -1          2
54              0              0         0  0.00000000     -1          2
55             72             73         1  0.21994290      1          0
56              0              0         0  0.00000000     -1          1
57             74             75         2  0.60510610      1          0
58             76             77         1  0.42818526      1          0
59              0              0         0  0.00000000     -1          1
60              0              0         0  0.00000000     -1          1
61              0              0         0  0.00000000     -1          1
62             78             79         2  0.52786131      1          0
63              0              0         0  0.00000000     -1          1
64              0              0         0  0.00000000     -1          2
65              0              0         0  0.00000000     -1          2
66              0              0         0  0.00000000     -1          1
67             80             81         2  0.79921963      1          0
68             82             83         2  0.02624674      1          0
69             84             85         1  0.97114904      1          0
70             86             87         1  0.38318280      1          0
71              0              0         0  0.00000000     -1          1
72              0              0         0  0.00000000     -1          1
73             88             89         2  0.46165050      1          0
74              0              0         0  0.00000000     -1          2
75             90             91         2  0.93823714      1          0
76              0              0         0  0.00000000     -1          1
77             92             93         1  0.45571110      1          0
78             94             95         1  0.92522564      1          0
79              0              0         0  0.00000000     -1          2
80              0              0         0  0.00000000     -1          1
81             96             97         2  0.86268190      1          0
82              0              0         0  0.00000000     -1          1
83             98             99         1  0.71157647      1          0
84              0              0         0  0.00000000     -1          1
85              0              0         0  0.00000000     -1          1
86            100            101         2  0.17842323      1          0
87              0              0         0  0.00000000     -1          2
88              0              0         0  0.00000000     -1          2
89            102            103         2  0.46787102      1          0
90            104            105         2  0.92161325      1          0
91              0              0         0  0.00000000     -1          2
92            106            107         2  0.42311555      1          0
93            108            109         1  0.45789646      1          0
94            110            111         2  0.37198762      1          0
95              0              0         0  0.00000000     -1          1
96              0              0         0  0.00000000     -1          2
97            112            113         2  0.91035267      1          0
98            114            115         1  0.33727881      1          0
99              0              0         0  0.00000000     -1          2
100             0              0         0  0.00000000     -1          1
101             0              0         0  0.00000000     -1          1
102             0              0         0  0.00000000     -1          1
103             0              0         0  0.00000000     -1          2
104           116            117         1  0.04368419      1          0
105             0              0         0  0.00000000     -1          1
106             0              0         0  0.00000000     -1          2
107             0              0         0  0.00000000     -1          2
108             0              0         0  0.00000000     -1          1
109           118            119         2  0.48710391      1          0
110           120            121         1  0.66370397      1          0
111             0              0         0  0.00000000     -1          1
112             0              0         0  0.00000000     -1          1
113             0              0         0  0.00000000     -1          2
114           122            123         1  0.16179273      1          0
115           124            125         2  0.03733232      1          0
116           126            127         2  0.74037838      1          0
117             0              0         0  0.00000000     -1          2
118             0              0         0  0.00000000     -1          2
119             0              0         0  0.00000000     -1          2
120             0              0         0  0.00000000     -1          2
121             0              0         0  0.00000000     -1          1
122             0              0         0  0.00000000     -1          1
123             0              0         0  0.00000000     -1          1
124             0              0         0  0.00000000     -1          2
125             0              0         0  0.00000000     -1          1
126             0              0         0  0.00000000     -1          2
127             0              0         0  0.00000000     -1          2
