    left daughter right daughter split var split point status prediction
1               2              3         1 0.533603991      1          0
2               4              5         2 0.278633202      1          0
3               6              7         2 0.715877412      1          0
4               8              9         2 0.060328752      1          0
5              10             11         2 0.310089975      1          0
6              12             13         1 0.991235927      1          0
7              14             15         2 0.785819590      1          0
8              16             17         1 0.340717123      1          0
9              18             19         1 0.390297518      1          0
10             20             21         1 0.062318490      1          0
11             22             23         1 0.295215163      1          0
12             24             25         2 0.005548306      1          0
13              0              0         0 0.000000000     -1          2
14             26             27         1 0.807122713      1          0
15             28             29         2 0.939078637      1          0
16              0              0         0 0.000000000     -1          1
17              0              0         0 0.000000000     -1          1
18             30             31         1 0.333073700      1          0
19              0              0         0 0.000000000     -1          1
20              0              0         0 0.000000000     -1          1
21             32             33         1 0.464015669      1          0
22             34             35         1 0.167407494      1          0
23             36             37         1 0.297777175      1          0
24              0              0         0 0.000000000     -1          2
25             38             39         2 0.332867138      1          0
26              0              0         0 0.000000000     -1          2
27              0              0         0 0.000000000     -1          1
28             40             41         1 0.666090228      1          0
29             42             43         1 0.936392501      1          0
30             44             45         2 0.061529023      1          0
31              0              0         0 0.000000000     -1          2
32             46             47         2 0.293144329      1          0
33              0              0         0 0.000000000     -1          1
34             48             49         1 0.092743971      1          0
35             50             51         1 0.169312393      1          0
36              0              0         0 0.000000000     -1          1
37             52             53         1 0.342084109      1          0
38             54             55         2 0.145370301      1          0
39             56             57         2 0.337281850      1          0
40             58             59         1 0.558421057      1          0
41             60             61         1 0.731988912      1          0
42              0              0         0 0.000000000     -1          2
43              0              0         0 0.000000000     -1          2
44              0              0         0 0.000000000     -1          2
45             62             63         1 0.261242075      1          0
46              0              0         0 0.000000000     -1          2
47              0              0         0 0.000000000     -1          2
48             64             65         2 0.616971978      1          0
49              0              0         0 0.000000000     -1          2
50              0              0         0 0.000000000     -1          1
51             66             67         1 0.274524386      1          0
52             68             69         2 0.826449120      1          0
53             70             71         1 0.530120876      1          0
54             72             73         2 0.143479362      1          0
55             74             75         2 0.238384950      1          0
56              0              0         0 0.000000000     -1          2
57             76             77         1 0.550708192      1          0
58              0              0         0 0.000000000     -1          2
59              0              0         0 0.000000000     -1          2
60              0              0         0 0.000000000     -1          1
61             78             79         2 0.901817800      1          0
62             80             81         1 0.136566829      1          0
63              0              0         0 0.000000000     -1          1
64              0              0         0 0.000000000     -1          2
65             82             83         2 0.628420090      1          0
66             84             85         1 0.214259063      1          0
67             86             87         2 0.667812840      1          0
68             88             89         2 0.805637880      1          0
69              0              0         0 0.000000000     -1          2
70             90             91         1 0.426032953      1          0
71              0              0         0 0.000000000     -1          2
72             92             93         1 0.567543264      1          0
73              0              0         0 0.000000000     -1          2
74              0              0         0 0.000000000     -1          1
75             94             95         1 0.542114400      1          0
76              0              0         0 0.000000000     -1          1
77             96             97         2 0.470038428      1          0
78             98             99         2 0.838416147      1          0
79              0              0         0 0.000000000     -1          1
80            100            101         1 0.132894757      1          0
81              0              0         0 0.000000000     -1          1
82              0              0         0 0.000000000     -1          1
83            102            103         2 0.806142656      1          0
84            104            105         2 0.371694837      1          0
85              0              0         0 0.000000000     -1          2
86              0              0         0 0.000000000     -1          2
87              0              0         0 0.000000000     -1          2
88              0              0         0 0.000000000     -1          2
89              0              0         0 0.000000000     -1          1
90              0              0         0 0.000000000     -1          2
91            106            107         2 0.377106661      1          0
92              0              0         0 0.000000000     -1          2
93            108            109         1 0.728227387      1          0
94              0              0         0 0.000000000     -1          1
95            110            111         1 0.636633150      1          0
96            112            113         1 0.919137191      1          0
97            114            115         1 0.646016107      1          0
98              0              0         0 0.000000000     -1          2
99            116            117         1 0.934696163      1          0
100           118            119         2 0.108667916      1          0
101             0              0         0 0.000000000     -1          2
102           120            121         1 0.037003104      1          0
103             0              0         0 0.000000000     -1          2
104             0              0         0 0.000000000     -1          2
105             0              0         0 0.000000000     -1          2
106             0              0         0 0.000000000     -1          1
107           122            123         2 0.681707127      1          0
108           124            125         1 0.711576473      1          0
109             0              0         0 0.000000000     -1          1
110             0              0         0 0.000000000     -1          1
111             0              0         0 0.000000000     -1          1
112           126            127         1 0.675657340      1          0
113             0              0         0 0.000000000     -1          1
114             0              0         0 0.000000000     -1          1
115             0              0         0 0.000000000     -1          1
116             0              0         0 0.000000000     -1          2
117             0              0         0 0.000000000     -1          2
118             0              0         0 0.000000000     -1          1
119             0              0         0 0.000000000     -1          1
120             0              0         0 0.000000000     -1          2
121             0              0         0 0.000000000     -1          2
122             0              0         0 0.000000000     -1          2
123             0              0         0 0.000000000     -1          2
124             0              0         0 0.000000000     -1          1
125             0              0         0 0.000000000     -1          2
126             0              0         0 0.000000000     -1          1
127             0              0         0 0.000000000     -1          1
