    left daughter right daughter split var split point status prediction
1               2              3         2  0.33002860      1          0
2               4              5         2  0.28258283      1          0
3               6              7         1  0.57050469      1          0
4               8              9         1  0.25313748      1          0
5              10             11         2  0.30196725      1          0
6              12             13         2  0.77409456      1          0
7              14             15         2  0.71275668      1          0
8              16             17         2  0.05346985      1          0
9              18             19         1  0.98017967      1          0
10              0              0         0  0.00000000     -1          2
11             20             21         1  0.33652912      1          0
12             22             23         1  0.55373462      1          0
13             24             25         2  0.77906620      1          0
14             26             27         2  0.37643111      1          0
15             28             29         2  0.79380115      1          0
16              0              0         0  0.00000000     -1          1
17             30             31         1  0.22748300      1          0
18             32             33         1  0.72822739      1          0
19              0              0         0  0.00000000     -1          1
20              0              0         0  0.00000000     -1          2
21              0              0         0  0.00000000     -1          1
22             34             35         2  0.40537131      1          0
23              0              0         0  0.00000000     -1          1
24              0              0         0  0.00000000     -1          1
25             36             37         1  0.34925139      1          0
26              0              0         0  0.00000000     -1          2
27             38             39         2  0.68451078      1          0
28             40             41         1  0.79402889      1          0
29             42             43         2  0.93841068      1          0
30             44             45         2  0.06270962      1          0
31              0              0         0  0.00000000     -1          2
32             46             47         2  0.25675496      1          0
33             48             49         1  0.88638976      1          0
34             50             51         1  0.40933146      1          0
35             52             53         2  0.50679470      1          0
36             54             55         2  0.94070183      1          0
37             56             57         2  0.89386905      1          0
38             58             59         2  0.53516338      1          0
39              0              0         0  0.00000000     -1          1
40              0              0         0  0.00000000     -1          2
41              0              0         0  0.00000000     -1          1
42             60             61         2  0.86392521      1          0
43             62             63         2  0.99070550      1          0
44              0              0         0  0.00000000     -1          2
45             64             65         2  0.11229668      1          0
46             66             67         1  0.71309263      1          0
47              0              0         0  0.00000000     -1          1
48              0              0         0  0.00000000     -1          1
49             68             69         1  0.89003493      1          0
50              0              0         0  0.00000000     -1          2
51              0              0         0  0.00000000     -1          1
52             70             71         1  0.30365654      1          0
53             72             73         2  0.50718182      1          0
54             74             75         2  0.93768737      1          0
55              0              0         0  0.00000000     -1          2
56             76             77         1  0.55500598      1          0
57              0              0         0  0.00000000     -1          2
58             78             79         1  0.97211222      1          0
59              0              0         0  0.00000000     -1          1
60             80             81         1  0.88652281      1          0
61             82             83         2  0.86905197      1          0
62              0              0         0  0.00000000     -1          2
63              0              0         0  0.00000000     -1          2
64              0              0         0  0.00000000     -1          1
65              0              0         0  0.00000000     -1          1
66             84             85         1  0.62175450      1          0
67              0              0         0  0.00000000     -1          2
68              0              0         0  0.00000000     -1          2
69              0              0         0  0.00000000     -1          1
70              0              0         0  0.00000000     -1          2
71             86             87         1  0.31156540      1          0
72              0              0         0  0.00000000     -1          1
73             88             89         2  0.57489624      1          0
74             90             91         2  0.92140182      1          0
75              0              0         0  0.00000000     -1          1
76             92             93         2  0.83100184      1          0
77              0              0         0  0.00000000     -1          2
78             94             95         2  0.52716287      1          0
79              0              0         0  0.00000000     -1          1
80              0              0         0  0.00000000     -1          2
81              0              0         0  0.00000000     -1          2
82              0              0         0  0.00000000     -1          1
83             96             97         1  0.64283250      1          0
84             98             99         2  0.07429573      1          0
85              0              0         0  0.00000000     -1          1
86              0              0         0  0.00000000     -1          1
87              0              0         0  0.00000000     -1          2
88            100            101         1  0.41872023      1          0
89            102            103         1  0.47674544      1          0
90            104            105         2  0.82643161      1          0
91              0              0         0  0.00000000     -1          2
92              0              0         0  0.00000000     -1          2
93              0              0         0  0.00000000     -1          2
94            106            107         1  0.87749920      1          0
95              0              0         0  0.00000000     -1          2
96              0              0         0  0.00000000     -1          2
97            108            109         2  0.89701583      1          0
98              0              0         0  0.00000000     -1          1
99            110            111         1  0.60500397      1          0
100             0              0         0  0.00000000     -1          2
101           112            113         1  0.43080583      1          0
102           114            115         2  0.59278484      1          0
103             0              0         0  0.00000000     -1          2
104           116            117         2  0.82460558      1          0
105           118            119         1  0.16451787      1          0
106             0              0         0  0.00000000     -1          1
107           120            121         1  0.88385647      1          0
108             0              0         0  0.00000000     -1          2
109             0              0         0  0.00000000     -1          1
110           122            123         2  0.08570304      1          0
111             0              0         0  0.00000000     -1          2
112             0              0         0  0.00000000     -1          1
113             0              0         0  0.00000000     -1          2
114             0              0         0  0.00000000     -1          2
115           124            125         1  0.03626666      1          0
116           126            127         1  0.05767072      1          0
117             0              0         0  0.00000000     -1          1
118             0              0         0  0.00000000     -1          2
119             0              0         0  0.00000000     -1          2
120             0              0         0  0.00000000     -1          2
121             0              0         0  0.00000000     -1          1
122             0              0         0  0.00000000     -1          2
123             0              0         0  0.00000000     -1          1
124             0              0         0  0.00000000     -1          2
125             0              0         0  0.00000000     -1          2
126             0              0         0  0.00000000     -1          2
127             0              0         0  0.00000000     -1          2
