    left daughter right daughter split var split point status prediction
1               2              3         1 0.510294379      1          0
2               4              5         1 0.374940174      1          0
3               6              7         1 0.754580948      1          0
4               8              9         1 0.354414352      1          0
5              10             11         2 0.376566407      1          0
6              12             13         2 0.710350401      1          0
7              14             15         1 0.915036257      1          0
8              16             17         1 0.353025908      1          0
9              18             19         1 0.370393356      1          0
10             20             21         1 0.505168207      1          0
11             22             23         1 0.433489658      1          0
12             24             25         1 0.530120876      1          0
13             26             27         1 0.686991162      1          0
14             28             29         2 0.771453875      1          0
15             30             31         2 0.671944887      1          0
16             32             33         1 0.017631513      1          0
17              0              0         0 0.000000000     -1          1
18              0              0         0 0.000000000     -1          2
19              0              0         0 0.000000000     -1          2
20             34             35         2 0.282567746      1          0
21              0              0         0 0.000000000     -1          2
22              0              0         0 0.000000000     -1          2
23             36             37         2 0.875347649      1          0
24             38             39         1 0.528522477      1          0
25             40             41         2 0.005548306      1          0
26             42             43         2 0.892663096      1          0
27             44             45         2 0.940644011      1          0
28             46             47         2 0.304516423      1          0
29             48             49         2 0.849486303      1          0
30             50             51         2 0.113963418      1          0
31              0              0         0 0.000000000     -1          2
32             52             53         2 0.258870548      1          0
33             54             55         2 0.314413378      1          0
34             56             57         2 0.143306234      1          0
35              0              0         0 0.000000000     -1          1
36             58             59         1 0.479720379      1          0
37              0              0         0 0.000000000     -1          2
38             60             61         2 0.450759592      1          0
39              0              0         0 0.000000000     -1          2
40              0              0         0 0.000000000     -1          2
41             62             63         1 0.669510863      1          0
42              0              0         0 0.000000000     -1          2
43             64             65         2 0.893869046      1          0
44              0              0         0 0.000000000     -1          2
45              0              0         0 0.000000000     -1          2
46             66             67         1 0.886389755      1          0
47             68             69         1 0.796501166      1          0
48              0              0         0 0.000000000     -1          1
49             70             71         1 0.772687999      1          0
50              0              0         0 0.000000000     -1          1
51             72             73         2 0.250095039      1          0
52              0              0         0 0.000000000     -1          1
53              0              0         0 0.000000000     -1          2
54             74             75         1 0.324356314      1          0
55             76             77         2 0.574896242      1          0
56             78             79         2 0.142118705      1          0
57              0              0         0 0.000000000     -1          1
58              0              0         0 0.000000000     -1          2
59              0              0         0 0.000000000     -1          2
60              0              0         0 0.000000000     -1          1
61              0              0         0 0.000000000     -1          2
62             80             81         2 0.611263344      1          0
63             82             83         1 0.701320502      1          0
64              0              0         0 0.000000000     -1          1
65              0              0         0 0.000000000     -1          2
66              0              0         0 0.000000000     -1          1
67              0              0         0 0.000000000     -1          1
68              0              0         0 0.000000000     -1          1
69             84             85         1 0.797014261      1          0
70              0              0         0 0.000000000     -1          1
71              0              0         0 0.000000000     -1          2
72              0              0         0 0.000000000     -1          2
73             86             87         1 0.926837145      1          0
74             88             89         2 0.178423229      1          0
75              0              0         0 0.000000000     -1          2
76             90             91         1 0.238297450      1          0
77             92             93         2 0.577477432      1          0
78              0              0         0 0.000000000     -1          1
79              0              0         0 0.000000000     -1          2
80             94             95         1 0.666688924      1          0
81              0              0         0 0.000000000     -1          2
82              0              0         0 0.000000000     -1          1
83             96             97         1 0.704306921      1          0
84              0              0         0 0.000000000     -1          2
85             98             99         2 0.310583836      1          0
86              0              0         0 0.000000000     -1          1
87            100            101         1 0.973550239      1          0
88            102            103         2 0.122527071      1          0
89            104            105         1 0.185421643      1          0
90              0              0         0 0.000000000     -1          2
91            106            107         2 0.504370625      1          0
92              0              0         0 0.000000000     -1          1
93            108            109         1 0.273506166      1          0
94            110            111         2 0.088885902      1          0
95              0              0         0 0.000000000     -1          2
96              0              0         0 0.000000000     -1          2
97            112            113         2 0.102985588      1          0
98              0              0         0 0.000000000     -1          2
99            114            115         2 0.411660435      1          0
100             0              0         0 0.000000000     -1          1
101             0              0         0 0.000000000     -1          1
102           116            117         1 0.289326267      1          0
103             0              0         0 0.000000000     -1          1
104             0              0         0 0.000000000     -1          1
105             0              0         0 0.000000000     -1          2
106             0              0         0 0.000000000     -1          2
107             0              0         0 0.000000000     -1          2
108           118            119         1 0.167038889      1          0
109           120            121         1 0.276491462      1          0
110             0              0         0 0.000000000     -1          1
111           122            123         1 0.597155174      1          0
112             0              0         0 0.000000000     -1          1
113             0              0         0 0.000000000     -1          1
114             0              0         0 0.000000000     -1          1
115           124            125         1 0.843989929      1          0
116           126            127         2 0.105489688      1          0
117             0              0         0 0.000000000     -1          1
118             0              0         0 0.000000000     -1          2
119             0              0         0 0.000000000     -1          2
120             0              0         0 0.000000000     -1          1
121             0              0         0 0.000000000     -1          2
122             0              0         0 0.000000000     -1          1
123             0              0         0 0.000000000     -1          1
124             0              0         0 0.000000000     -1          1
125             0              0         0 0.000000000     -1          1
126             0              0         0 0.000000000     -1          1
127             0              0         0 0.000000000     -1          2
