    left daughter right daughter split var split point status prediction
1               2              3         1  0.57130537      1          0
2               4              5         1  0.37494017      1          0
3               6              7         2  0.71457882      1          0
4               8              9         2  0.27866603      1          0
5              10             11         1  0.38133787      1          0
6              12             13         1  0.99155450      1          0
7              14             15         1  0.79730279      1          0
8              16             17         1  0.06946170      1          0
9              18             19         2  0.31309326      1          0
10              0              0         0  0.00000000     -1          1
11             20             21         2  0.23263157      1          0
12             22             23         2  0.67891631      1          0
13              0              0         0  0.00000000     -1          2
14             24             25         2  0.89701583      1          0
15             26             27         2  0.78205178      1          0
16              0              0         0  0.00000000     -1          1
17             28             29         1  0.07431965      1          0
18              0              0         0  0.00000000     -1          2
19             30             31         2  0.93712239      1          0
20             32             33         1  0.38883743      1          0
21             34             35         2  0.48333941      1          0
22             36             37         2  0.25858833      1          0
23             38             39         1  0.67076005      1          0
24             40             41         1  0.75606594      1          0
25             42             43         2  0.93985366      1          0
26              0              0         0  0.00000000     -1          1
27             44             45         1  0.81993864      1          0
28              0              0         0  0.00000000     -1          2
29             46             47         2  0.23881039      1          0
30             48             49         1  0.21368606      1          0
31             50             51         2  0.94185853      1          0
32              0              0         0  0.00000000     -1          2
33             52             53         2  0.10436091      1          0
34             54             55         1  0.45325923      1          0
35             56             57         2  0.53527470      1          0
36             58             59         1  0.98141230      1          0
37             60             61         1  0.70782691      1          0
38              0              0         0  0.00000000     -1          2
39              0              0         0  0.00000000     -1          1
40              0              0         0  0.00000000     -1          2
41              0              0         0  0.00000000     -1          2
42              0              0         0  0.00000000     -1          2
43              0              0         0  0.00000000     -1          2
44              0              0         0  0.00000000     -1          1
45             62             63         1  0.93469616      1          0
46             64             65         2  0.12240143      1          0
47              0              0         0  0.00000000     -1          2
48              0              0         0  0.00000000     -1          2
49             66             67         1  0.21438730      1          0
50              0              0         0  0.00000000     -1          1
51              0              0         0  0.00000000     -1          2
52             68             69         2  0.10272856      1          0
53              0              0         0  0.00000000     -1          1
54              0              0         0  0.00000000     -1          2
55             70             71         1  0.54229725      1          0
56              0              0         0  0.00000000     -1          2
57             72             73         2  0.89888012      1          0
58             74             75         2  0.09753229      1          0
59              0              0         0  0.00000000     -1          1
60             76             77         2  0.26925884      1          0
61             78             79         1  0.83637906      1          0
62             80             81         1  0.93233522      1          0
63              0              0         0  0.00000000     -1          2
64             82             83         1  0.37085953      1          0
65             84             85         2  0.17842323      1          0
66              0              0         0  0.00000000     -1          1
67             86             87         2  0.50437062      1          0
68             88             89         2  0.03539913      1          0
69              0              0         0  0.00000000     -1          2
70              0              0         0  0.00000000     -1          2
71              0              0         0  0.00000000     -1          1
72             90             91         1  0.45789646      1          0
73              0              0         0  0.00000000     -1          2
74              0              0         0  0.00000000     -1          1
75             92             93         1  0.71240640      1          0
76              0              0         0  0.00000000     -1          2
77             94             95         1  0.69959914      1          0
78              0              0         0  0.00000000     -1          1
79             96             97         2  0.52655646      1          0
80              0              0         0  0.00000000     -1          2
81              0              0         0  0.00000000     -1          1
82             98             99         2  0.11761601      1          0
83              0              0         0  0.00000000     -1          2
84              0              0         0  0.00000000     -1          1
85              0              0         0  0.00000000     -1          1
86              0              0         0  0.00000000     -1          2
87            100            101         2  0.51452328      1          0
88              0              0         0  0.00000000     -1          1
89              0              0         0  0.00000000     -1          1
90            102            103         2  0.89334721      1          0
91            104            105         2  0.87855159      1          0
92              0              0         0  0.00000000     -1          1
93            106            107         2  0.09911045      1          0
94            108            109         1  0.65027774      1          0
95              0              0         0  0.00000000     -1          2
96            110            111         2  0.51446983      1          0
97              0              0         0  0.00000000     -1          1
98            112            113         1  0.14876251      1          0
99              0              0         0  0.00000000     -1          2
100             0              0         0  0.00000000     -1          1
101           114            115         1  0.27649146      1          0
102           116            117         1  0.45297960      1          0
103             0              0         0  0.00000000     -1          1
104           118            119         1  0.51180638      1          0
105             0              0         0  0.00000000     -1          2
106             0              0         0  0.00000000     -1          2
107           120            121         2  0.15024091      1          0
108           122            123         1  0.61383633      1          0
109           124            125         1  0.65925689      1          0
110           126            127         2  0.30451642      1          0
111             0              0         0  0.00000000     -1          2
112             0              0         0  0.00000000     -1          1
113             0              0         0  0.00000000     -1          1
114             0              0         0  0.00000000     -1          2
115             0              0         0  0.00000000     -1          2
116             0              0         0  0.00000000     -1          2
117             0              0         0  0.00000000     -1          1
118             0              0         0  0.00000000     -1          2
119             0              0         0  0.00000000     -1          2
120             0              0         0  0.00000000     -1          1
121             0              0         0  0.00000000     -1          1
122             0              0         0  0.00000000     -1          1
123             0              0         0  0.00000000     -1          1
124             0              0         0  0.00000000     -1          2
125             0              0         0  0.00000000     -1          1
126             0              0         0  0.00000000     -1          1
127             0              0         0  0.00000000     -1          1
