    left daughter right daughter split var split point status prediction
1               2              3         2 0.315565754      1          0
2               4              5         1 0.349929103      1          0
3               6              7         2 0.701130476      1          0
4               8              9         2 0.255872715      1          0
5              10             11         2 0.005548306      1          0
6              12             13         1 0.527731279      1          0
7              14             15         2 0.938237143      1          0
8              16             17         2 0.178423229      1          0
9              18             19         1 0.230132986      1          0
10              0              0         0 0.000000000     -1          2
11             20             21         2 0.024535681      1          0
12             22             23         1 0.273919231      1          0
13             24             25         2 0.526188975      1          0
14             26             27         1 0.686991162      1          0
15             28             29         1 0.934735669      1          0
16             30             31         2 0.057459125      1          0
17             32             33         2 0.212684812      1          0
18              0              0         0 0.000000000     -1          1
19              0              0         0 0.000000000     -1          2
20              0              0         0 0.000000000     -1          1
21             34             35         2 0.116032194      1          0
22             36             37         1 0.238606165      1          0
23             38             39         2 0.325515508      1          0
24             40             41         2 0.372860356      1          0
25             42             43         2 0.535163377      1          0
26             44             45         2 0.937687366      1          0
27             46             47         1 0.698209530      1          0
28              0              0         0 0.000000000     -1          2
29              0              0         0 0.000000000     -1          2
30             48             49         1 0.340717123      1          0
31             50             51         1 0.268323724      1          0
32              0              0         0 0.000000000     -1          1
33              0              0         0 0.000000000     -1          1
34             52             53         1 0.976819622      1          0
35             54             55         1 0.990554081      1          0
36             56             57         2 0.607205427      1          0
37             58             59         1 0.240886899      1          0
38              0              0         0 0.000000000     -1          1
39             60             61         1 0.276470075      1          0
40             62             63         2 0.359656864      1          0
41             64             65         2 0.468610686      1          0
42              0              0         0 0.000000000     -1          2
43             66             67         1 0.576977868      1          0
44             68             69         2 0.924293698      1          0
45              0              0         0 0.000000000     -1          1
46              0              0         0 0.000000000     -1          1
47             70             71         1 0.742563876      1          0
48             72             73         1 0.150268481      1          0
49              0              0         0 0.000000000     -1          2
50              0              0         0 0.000000000     -1          1
51              0              0         0 0.000000000     -1          1
52             74             75         2 0.094539567      1          0
53              0              0         0 0.000000000     -1          2
54             76             77         1 0.853846319      1          0
55              0              0         0 0.000000000     -1          2
56              0              0         0 0.000000000     -1          2
57             78             79         2 0.627542648      1          0
58              0              0         0 0.000000000     -1          1
59              0              0         0 0.000000000     -1          2
60              0              0         0 0.000000000     -1          1
61             80             81         2 0.696796557      1          0
62              0              0         0 0.000000000     -1          1
63              0              0         0 0.000000000     -1          2
64             82             83         1 0.876745051      1          0
65              0              0         0 0.000000000     -1          1
66              0              0         0 0.000000000     -1          2
67             84             85         2 0.680806152      1          0
68             86             87         1 0.043862844      1          0
69              0              0         0 0.000000000     -1          2
70              0              0         0 0.000000000     -1          2
71             88             89         1 0.822486869      1          0
72              0              0         0 0.000000000     -1          1
73              0              0         0 0.000000000     -1          1
74              0              0         0 0.000000000     -1          1
75              0              0         0 0.000000000     -1          1
76             90             91         1 0.542114400      1          0
77             92             93         2 0.304516423      1          0
78              0              0         0 0.000000000     -1          1
79              0              0         0 0.000000000     -1          2
80             94             95         1 0.295768339      1          0
81              0              0         0 0.000000000     -1          2
82              0              0         0 0.000000000     -1          1
83             96             97         2 0.466136870      1          0
84             98             99         1 0.691458805      1          0
85              0              0         0 0.000000000     -1          1
86              0              0         0 0.000000000     -1          2
87            100            101         2 0.893869046      1          0
88              0              0         0 0.000000000     -1          2
89            102            103         1 0.934696163      1          0
90            104            105         1 0.539075963      1          0
91              0              0         0 0.000000000     -1          1
92              0              0         0 0.000000000     -1          1
93              0              0         0 0.000000000     -1          2
94              0              0         0 0.000000000     -1          2
95            106            107         2 0.354544674      1          0
96            108            109         1 0.886947131      1          0
97              0              0         0 0.000000000     -1          2
98              0              0         0 0.000000000     -1          1
99            110            111         2 0.646940270      1          0
100           112            113         1 0.558421057      1          0
101             0              0         0 0.000000000     -1          2
102           114            115         1 0.932335217      1          0
103             0              0         0 0.000000000     -1          2
104             0              0         0 0.000000000     -1          1
105             0              0         0 0.000000000     -1          2
106             0              0         0 0.000000000     -1          2
107           116            117         1 0.312577280      1          0
108             0              0         0 0.000000000     -1          2
109           118            119         2 0.458460614      1          0
110             0              0         0 0.000000000     -1          1
111             0              0         0 0.000000000     -1          1
112           120            121         2 0.893423420      1          0
113             0              0         0 0.000000000     -1          2
114           122            123         2 0.790262472      1          0
115             0              0         0 0.000000000     -1          1
116             0              0         0 0.000000000     -1          2
117           124            125         2 0.358788030      1          0
118             0              0         0 0.000000000     -1          1
119             0              0         0 0.000000000     -1          1
120           126            127         1 0.409015021      1          0
121             0              0         0 0.000000000     -1          1
122             0              0         0 0.000000000     -1          1
123             0              0         0 0.000000000     -1          2
124             0              0         0 0.000000000     -1          1
125             0              0         0 0.000000000     -1          2
126             0              0         0 0.000000000     -1          2
127             0              0         0 0.000000000     -1          2
