    left daughter right daughter split var split point status prediction
1               2              3         2  0.28065504      1          0
2               4              5         1  0.97294459      1          0
3               6              7         2  0.71490050      1          0
4               8              9         2  0.24159362      1          0
5               0              0         0  0.00000000     -1          1
6              10             11         1  0.52448454      1          0
7              12             13         2  0.93724864      1          0
8              14             15         2  0.14537030      1          0
9              16             17         1  0.36419367      1          0
10             18             19         2  0.31441338      1          0
11             20             21         2  0.64096780      1          0
12             22             23         2  0.93208238      1          0
13             24             25         2  0.99105385      1          0
14             26             27         1  0.15916610      1          0
15             28             29         1  0.08618077      1          0
16              0              0         0  0.00000000     -1          1
17             30             31         1  0.70479095      1          0
18             32             33         1  0.26617660      1          0
19             34             35         2  0.60065531      1          0
20             36             37         1  0.53012088      1          0
21             38             39         2  0.65735460      1          0
22             40             41         2  0.89377201      1          0
23              0              0         0  0.00000000     -1          1
24              0              0         0  0.00000000     -1          2
25              0              0         0  0.00000000     -1          2
26              0              0         0  0.00000000     -1          1
27             42             43         1  0.17661379      1          0
28              0              0         0  0.00000000     -1          1
29              0              0         0  0.00000000     -1          1
30              0              0         0  0.00000000     -1          1
31              0              0         0  0.00000000     -1          1
32              0              0         0  0.00000000     -1          1
33              0              0         0  0.00000000     -1          2
34             44             45         2  0.53062662      1          0
35             46             47         1  0.27387612      1          0
36              0              0         0  0.00000000     -1          1
37             48             49         2  0.53411299      1          0
38              0              0         0  0.00000000     -1          2
39             50             51         1  0.92137864      1          0
40             52             53         2  0.89342342      1          0
41             54             55         1  0.77234583      1          0
42              0              0         0  0.00000000     -1          2
43             56             57         2  0.14505084      1          0
44             58             59         2  0.46787102      1          0
45             60             61         1  0.39836376      1          0
46             62             63         2  0.62754265      1          0
47             64             65         2  0.60471624      1          0
48             66             67         2  0.51584143      1          0
49              0              0         0  0.00000000     -1          1
50             68             69         2  0.66743066      1          0
51              0              0         0  0.00000000     -1          2
52             70             71         2  0.86320817      1          0
53              0              0         0  0.00000000     -1          1
54              0              0         0  0.00000000     -1          2
55              0              0         0  0.00000000     -1          2
56             72             73         2  0.07942955      1          0
57              0              0         0  0.00000000     -1          2
58             74             75         2  0.46209518      1          0
59              0              0         0  0.00000000     -1          2
60              0              0         0  0.00000000     -1          2
61              0              0         0  0.00000000     -1          2
62              0              0         0  0.00000000     -1          2
63              0              0         0  0.00000000     -1          2
64              0              0         0  0.00000000     -1          1
65             76             77         2  0.66454210      1          0
66             78             79         2  0.46991634      1          0
67              0              0         0  0.00000000     -1          1
68              0              0         0  0.00000000     -1          2
69             80             81         2  0.69074266      1          0
70             82             83         2  0.78131597      1          0
71             84             85         2  0.86692346      1          0
72             86             87         1  0.35344399      1          0
73             88             89         2  0.08603579      1          0
74             90             91         2  0.37575219      1          0
75              0              0         0  0.00000000     -1          1
76              0              0         0  0.00000000     -1          2
77              0              0         0  0.00000000     -1          2
78             92             93         1  0.79592247      1          0
79              0              0         0  0.00000000     -1          1
80              0              0         0  0.00000000     -1          1
81              0              0         0  0.00000000     -1          1
82             94             95         2  0.76625139      1          0
83             96             97         2  0.82802296      1          0
84              0              0         0  0.00000000     -1          1
85             98             99         1  0.25753389      1          0
86              0              0         0  0.00000000     -1          1
87            100            101         2  0.02453568      1          0
88              0              0         0  0.00000000     -1          2
89            102            103         1  0.28467443      1          0
90            104            105         1  0.48482540      1          0
91              0              0         0  0.00000000     -1          2
92            106            107         1  0.60269939      1          0
93            108            109         1  0.79737546      1          0
94            110            111         2  0.73390917      1          0
95            112            113         2  0.76888560      1          0
96            114            115         2  0.82785462      1          0
97              0              0         0  0.00000000     -1          2
98              0              0         0  0.00000000     -1          1
99              0              0         0  0.00000000     -1          2
100             0              0         0  0.00000000     -1          1
101             0              0         0  0.00000000     -1          1
102             0              0         0  0.00000000     -1          1
103           116            117         2  0.14228111      1          0
104             0              0         0  0.00000000     -1          2
105             0              0         0  0.00000000     -1          1
106             0              0         0  0.00000000     -1          1
107             0              0         0  0.00000000     -1          1
108             0              0         0  0.00000000     -1          2
109           118            119         2  0.46152108      1          0
110           120            121         2  0.73305388      1          0
111             0              0         0  0.00000000     -1          2
112             0              0         0  0.00000000     -1          1
113           122            123         1  0.39334896      1          0
114           124            125         2  0.82580422      1          0
115             0              0         0  0.00000000     -1          1
116           126            127         2  0.10436091      1          0
117             0              0         0  0.00000000     -1          1
118             0              0         0  0.00000000     -1          1
119             0              0         0  0.00000000     -1          2
120             0              0         0  0.00000000     -1          2
121             0              0         0  0.00000000     -1          1
122             0              0         0  0.00000000     -1          2
123             0              0         0  0.00000000     -1          1
124             0              0         0  0.00000000     -1          2
125             0              0         0  0.00000000     -1          2
126             0              0         0  0.00000000     -1          1
127             0              0         0  0.00000000     -1          1
