    left daughter right daughter split var split point status prediction
1               2              3         2 0.281337536      1          0
2               4              5         1 0.981412300      1          0
3               6              7         1 0.530120876      1          0
4               8              9         1 0.371136727      1          0
5               0              0         0 0.000000000     -1          2
6              10             11         1 0.510226830      1          0
7              12             13         1 0.679570625      1          0
8              14             15         1 0.370859528      1          0
9              16             17         2 0.005675759      1          0
10             18             19         2 0.314413378      1          0
11             20             21         2 0.450759592      1          0
12             22             23         1 0.664666785      1          0
13             24             25         1 0.917847290      1          0
14             26             27         1 0.241856039      1          0
15              0              0         0 0.000000000     -1          2
16              0              0         0 0.000000000     -1          2
17             28             29         2 0.094846098      1          0
18             30             31         2 0.304572916      1          0
19             32             33         2 0.873513822      1          0
20              0              0         0 0.000000000     -1          1
21              0              0         0 0.000000000     -1          2
22             34             35         2 0.630517599      1          0
23             36             37         2 0.695373618      1          0
24             38             39         2 0.786012222      1          0
25             40             41         1 0.922471375      1          0
26             42             43         2 0.112296679      1          0
27             44             45         2 0.223923760      1          0
28              0              0         0 0.000000000     -1          1
29             46             47         2 0.098930820      1          0
30              0              0         0 0.000000000     -1          2
31              0              0         0 0.000000000     -1          1
32             48             49         2 0.830412879      1          0
33             50             51         2 0.878642518      1          0
34             52             53         1 0.546835530      1          0
35             54             55         2 0.679061945      1          0
36              0              0         0 0.000000000     -1          1
37              0              0         0 0.000000000     -1          2
38             56             57         2 0.310583836      1          0
39             58             59         1 0.694136271      1          0
40              0              0         0 0.000000000     -1          2
41             60             61         2 0.787853312      1          0
42             62             63         2 0.105489688      1          0
43              0              0         0 0.000000000     -1          1
44             64             65         1 0.279225645      1          0
45              0              0         0 0.000000000     -1          2
46              0              0         0 0.000000000     -1          2
47             66             67         2 0.104360914      1          0
48             68             69         1 0.238866594      1          0
49              0              0         0 0.000000000     -1          2
50              0              0         0 0.000000000     -1          1
51             70             71         2 0.938237143      1          0
52              0              0         0 0.000000000     -1          1
53             72             73         1 0.551716716      1          0
54              0              0         0 0.000000000     -1          2
55              0              0         0 0.000000000     -1          2
56              0              0         0 0.000000000     -1          2
57             74             75         2 0.646940270      1          0
58              0              0         0 0.000000000     -1          1
59             76             77         1 0.898821864      1          0
60             78             79         2 0.458460614      1          0
61             80             81         2 0.973596078      1          0
62             82             83         2 0.060312039      1          0
63              0              0         0 0.000000000     -1          2
64              0              0         0 0.000000000     -1          2
65             84             85         1 0.345083552      1          0
66              0              0         0 0.000000000     -1          1
67             86             87         2 0.179199659      1          0
68             88             89         1 0.091693465      1          0
69             90             91         1 0.239625776      1          0
70             92             93         2 0.936001571      1          0
71              0              0         0 0.000000000     -1          2
72              0              0         0 0.000000000     -1          2
73             94             95         1 0.610063010      1          0
74              0              0         0 0.000000000     -1          1
75             96             97         2 0.759657385      1          0
76             98             99         1 0.804331374      1          0
77              0              0         0 0.000000000     -1          1
78            100            101         2 0.370368342      1          0
79              0              0         0 0.000000000     -1          1
80            102            103         2 0.869810970      1          0
81              0              0         0 0.000000000     -1          1
82              0              0         0 0.000000000     -1          1
83              0              0         0 0.000000000     -1          1
84              0              0         0 0.000000000     -1          1
85              0              0         0 0.000000000     -1          1
86              0              0         0 0.000000000     -1          1
87            104            105         1 0.542114400      1          0
88            106            107         1 0.090294914      1          0
89            108            109         2 0.364131048      1          0
90              0              0         0 0.000000000     -1          1
91            110            111         2 0.822107588      1          0
92            112            113         1 0.280467582      1          0
93              0              0         0 0.000000000     -1          1
94              0              0         0 0.000000000     -1          1
95              0              0         0 0.000000000     -1          1
96            114            115         2 0.714769260      1          0
97              0              0         0 0.000000000     -1          1
98            116            117         2 0.893613114      1          0
99              0              0         0 0.000000000     -1          2
100             0              0         0 0.000000000     -1          2
101             0              0         0 0.000000000     -1          1
102             0              0         0 0.000000000     -1          2
103             0              0         0 0.000000000     -1          2
104             0              0         0 0.000000000     -1          1
105           118            119         2 0.184258835      1          0
106           120            121         1 0.039193296      1          0
107             0              0         0 0.000000000     -1          1
108             0              0         0 0.000000000     -1          2
109             0              0         0 0.000000000     -1          2
110           122            123         2 0.325515508      1          0
111             0              0         0 0.000000000     -1          1
112             0              0         0 0.000000000     -1          2
113             0              0         0 0.000000000     -1          2
114           124            125         2 0.683315130      1          0
115             0              0         0 0.000000000     -1          2
116             0              0         0 0.000000000     -1          2
117             0              0         0 0.000000000     -1          1
118             0              0         0 0.000000000     -1          2
119             0              0         0 0.000000000     -1          1
120           126            127         2 0.727406682      1          0
121             0              0         0 0.000000000     -1          2
122             0              0         0 0.000000000     -1          1
123             0              0         0 0.000000000     -1          2
124             0              0         0 0.000000000     -1          2
125             0              0         0 0.000000000     -1          1
126             0              0         0 0.000000000     -1          2
127             0              0         0 0.000000000     -1          1
