    left daughter right daughter split var split point status prediction
1               2              3         1 0.510417320      1          0
2               4              5         1 0.420864527      1          0
3               6              7         2 0.710350401      1          0
4               8              9         1 0.370062450      1          0
5              10             11         2 0.314431441      1          0
6              12             13         1 0.971577296      1          0
7              14             15         2 0.785819590      1          0
8              16             17         1 0.239625776      1          0
9              18             19         1 0.371888417      1          0
10             20             21         2 0.104360914      1          0
11             22             23         1 0.480775889      1          0
12             24             25         2 0.331576782      1          0
13              0              0         0 0.000000000     -1          2
14             26             27         2 0.767727644      1          0
15             28             29         1 0.770225672      1          0
16             30             31         1 0.095387132      1          0
17             32             33         2 0.223923760      1          0
18              0              0         0 0.000000000     -1          1
19             34             35         2 0.267333754      1          0
20              0              0         0 0.000000000     -1          1
21              0              0         0 0.000000000     -1          1
22             36             37         2 0.888031070      1          0
23             38             39         1 0.504224338      1          0
24             40             41         1 0.617789909      1          0
25             42             43         1 0.550218628      1          0
26             44             45         2 0.737256381      1          0
27              0              0         0 0.000000000     -1          1
28             46             47         1 0.558421057      1          0
29             48             49         1 0.799161834      1          0
30             50             51         1 0.039193296      1          0
31             52             53         1 0.131404697      1          0
32             54             55         2 0.037840373      1          0
33             56             57         2 0.733053881      1          0
34             58             59         1 0.388837434      1          0
35             60             61         2 0.805882146      1          0
36              0              0         0 0.000000000     -1          2
37              0              0         0 0.000000000     -1          2
38              0              0         0 0.000000000     -1          2
39              0              0         0 0.000000000     -1          2
40             62             63         1 0.612822201      1          0
41             64             65         1 0.858367357      1          0
42             66             67         1 0.517488715      1          0
43             68             69         1 0.934544749      1          0
44              0              0         0 0.000000000     -1          2
45              0              0         0 0.000000000     -1          2
46              0              0         0 0.000000000     -1          2
47              0              0         0 0.000000000     -1          2
48              0              0         0 0.000000000     -1          1
49             70             71         1 0.934696163      1          0
50             72             73         2 0.321575233      1          0
51             74             75         1 0.052429240      1          0
52             76             77         2 0.320917331      1          0
53             78             79         1 0.182024571      1          0
54              0              0         0 0.000000000     -1          1
55              0              0         0 0.000000000     -1          1
56             80             81         2 0.461650498      1          0
57             82             83         1 0.275936283      1          0
58              0              0         0 0.000000000     -1          1
59              0              0         0 0.000000000     -1          1
60             84             85         1 0.410636135      1          0
61              0              0         0 0.000000000     -1          2
62             86             87         2 0.006369991      1          0
63              0              0         0 0.000000000     -1          2
64              0              0         0 0.000000000     -1          1
65             88             89         2 0.293459358      1          0
66              0              0         0 0.000000000     -1          1
67              0              0         0 0.000000000     -1          2
68             90             91         1 0.921762042      1          0
69              0              0         0 0.000000000     -1          1
70             92             93         2 0.849486303      1          0
71              0              0         0 0.000000000     -1          2
72              0              0         0 0.000000000     -1          1
73             94             95         2 0.740378376      1          0
74              0              0         0 0.000000000     -1          2
75             96             97         2 0.180243948      1          0
76              0              0         0 0.000000000     -1          1
77              0              0         0 0.000000000     -1          2
78             98             99         2 0.295834071      1          0
79            100            101         1 0.207471122      1          0
80              0              0         0 0.000000000     -1          2
81            102            103         1 0.295215163      1          0
82              0              0         0 0.000000000     -1          2
83            104            105         1 0.336678975      1          0
84              0              0         0 0.000000000     -1          2
85              0              0         0 0.000000000     -1          2
86              0              0         0 0.000000000     -1          2
87            106            107         2 0.030088943      1          0
88              0              0         0 0.000000000     -1          1
89              0              0         0 0.000000000     -1          1
90            108            109         2 0.360018372      1          0
91              0              0         0 0.000000000     -1          2
92              0              0         0 0.000000000     -1          1
93            110            111         1 0.927853651      1          0
94              0              0         0 0.000000000     -1          2
95              0              0         0 0.000000000     -1          1
96              0              0         0 0.000000000     -1          1
97            112            113         2 0.272127764      1          0
98              0              0         0 0.000000000     -1          1
99            114            115         1 0.156735725      1          0
100           116            117         1 0.183757906      1          0
101           118            119         2 0.343300374      1          0
102             0              0         0 0.000000000     -1          2
103             0              0         0 0.000000000     -1          2
104             0              0         0 0.000000000     -1          2
105             0              0         0 0.000000000     -1          2
106             0              0         0 0.000000000     -1          1
107             0              0         0 0.000000000     -1          1
108             0              0         0 0.000000000     -1          2
109           120            121         2 0.682126465      1          0
110             0              0         0 0.000000000     -1          2
111             0              0         0 0.000000000     -1          1
112             0              0         0 0.000000000     -1          2
113           122            123         1 0.090294914      1          0
114             0              0         0 0.000000000     -1          2
115           124            125         2 0.862001024      1          0
116             0              0         0 0.000000000     -1          2
117           126            127         2 0.334267700      1          0
118             0              0         0 0.000000000     -1          1
119             0              0         0 0.000000000     -1          2
120             0              0         0 0.000000000     -1          1
121             0              0         0 0.000000000     -1          1
122             0              0         0 0.000000000     -1          2
123             0              0         0 0.000000000     -1          2
124             0              0         0 0.000000000     -1          2
125             0              0         0 0.000000000     -1          2
126             0              0         0 0.000000000     -1          1
127             0              0         0 0.000000000     -1          2
