    left daughter right daughter split var split point status prediction
1               2              3         2  0.30451642      1          0
2               4              5         1  0.38883743      1          0
3               6              7         2  0.70271664      1          0
4               8              9         2  0.29440355      1          0
5              10             11         2  0.02453568      1          0
6              12             13         1  0.47977450      1          0
7              14             15         1  0.73009355      1          0
8              16             17         2  0.17814138      1          0
9               0              0         0  0.00000000     -1          2
10             18             19         2  0.01368252      1          0
11             20             21         1  0.98428900      1          0
12             22             23         1  0.31257728      1          0
13             24             25         1  0.57130537      1          0
14             26             27         2  0.87270519      1          0
15             28             29         1  0.73198891      1          0
16             30             31         2  0.03784037      1          0
17             32             33         1  0.23452724      1          0
18              0              0         0  0.00000000     -1          1
19              0              0         0  0.00000000     -1          1
20             34             35         1  0.72618667      1          0
21              0              0         0  0.00000000     -1          1
22             36             37         2  0.57489624      1          0
23             38             39         2  0.31820744      1          0
24             40             41         1  0.56423943      1          0
25             42             43         2  0.31058384      1          0
26             44             45         2  0.82460558      1          0
27             46             47         1  0.04467417      1          0
28              0              0         0  0.00000000     -1          1
29             48             49         1  0.90313609      1          0
30              0              0         0  0.00000000     -1          1
31             50             51         2  0.12240143      1          0
32             52             53         1  0.12639884      1          0
33              0              0         0  0.00000000     -1          2
34             54             55         1  0.71309263      1          0
35             56             57         2  0.17476298      1          0
36             58             59         2  0.35935704      1          0
37             60             61         1  0.29521516      1          0
38              0              0         0  0.00000000     -1          1
39              0              0         0  0.00000000     -1          2
40             62             63         2  0.40537131      1          0
41              0              0         0  0.00000000     -1          2
42              0              0         0  0.00000000     -1          2
43             64             65         1  0.71327932      1          0
44              0              0         0  0.00000000     -1          2
45             66             67         2  0.82683830      1          0
46              0              0         0  0.00000000     -1          2
47             68             69         2  0.87864252      1          0
48             70             71         1  0.87421322      1          0
49             72             73         1  0.98265813      1          0
50             74             75         2  0.11879964      1          0
51             76             77         1  0.38236738      1          0
52              0              0         0  0.00000000     -1          1
53              0              0         0  0.00000000     -1          1
54             78             79         1  0.61282220      1          0
55              0              0         0  0.00000000     -1          2
56              0              0         0  0.00000000     -1          1
57             80             81         1  0.91255098      1          0
58             82             83         2  0.35792340      1          0
59             84             85         2  0.46209518      1          0
60             86             87         2  0.57648812      1          0
61              0              0         0  0.00000000     -1          1
62              0              0         0  0.00000000     -1          1
63              0              0         0  0.00000000     -1          2
64             88             89         1  0.69959914      1          0
65             90             91         2  0.67904098      1          0
66              0              0         0  0.00000000     -1          1
67              0              0         0  0.00000000     -1          2
68              0              0         0  0.00000000     -1          1
69             92             93         2  0.93552713      1          0
70             94             95         1  0.86629327      1          0
71              0              0         0  0.00000000     -1          1
72             96             97         2  0.85895079      1          0
73              0              0         0  0.00000000     -1          2
74             98             99         2  0.07935744      1          0
75              0              0         0  0.00000000     -1          2
76              0              0         0  0.00000000     -1          1
77              0              0         0  0.00000000     -1          2
78            100            101         1  0.54410063      1          0
79            102            103         2  0.08605547      1          0
80              0              0         0  0.00000000     -1          1
81              0              0         0  0.00000000     -1          1
82            104            105         2  0.31441338      1          0
83              0              0         0  0.00000000     -1          1
84              0              0         0  0.00000000     -1          2
85            106            107         1  0.29905323      1          0
86              0              0         0  0.00000000     -1          1
87            108            109         2  0.62842009      1          0
88            110            111         1  0.64165656      1          0
89              0              0         0  0.00000000     -1          2
90            112            113         1  0.97355024      1          0
91              0              0         0  0.00000000     -1          1
92            114            115         1  0.26099837      1          0
93              0              0         0  0.00000000     -1          2
94            116            117         1  0.84237286      1          0
95              0              0         0  0.00000000     -1          2
96              0              0         0  0.00000000     -1          2
97              0              0         0  0.00000000     -1          2
98            118            119         1  0.14876251      1          0
99              0              0         0  0.00000000     -1          1
100           120            121         2  0.22739211      1          0
101             0              0         0  0.00000000     -1          1
102             0              0         0  0.00000000     -1          1
103           122            123         1  0.62920079      1          0
104             0              0         0  0.00000000     -1          2
105             0              0         0  0.00000000     -1          2
106           124            125         1  0.23483922      1          0
107             0              0         0  0.00000000     -1          1
108             0              0         0  0.00000000     -1          2
109           126            127         2  0.67289855      1          0
110             0              0         0  0.00000000     -1          1
111             0              0         0  0.00000000     -1          1
112             0              0         0  0.00000000     -1          1
113             0              0         0  0.00000000     -1          1
114             0              0         0  0.00000000     -1          2
115             0              0         0  0.00000000     -1          2
116             0              0         0  0.00000000     -1          2
117             0              0         0  0.00000000     -1          1
118             0              0         0  0.00000000     -1          1
119             0              0         0  0.00000000     -1          1
120             0              0         0  0.00000000     -1          1
121             0              0         0  0.00000000     -1          1
122             0              0         0  0.00000000     -1          1
123             0              0         0  0.00000000     -1          1
124             0              0         0  0.00000000     -1          2
125             0              0         0  0.00000000     -1          2
126             0              0         0  0.00000000     -1          2
127             0              0         0  0.00000000     -1          2
