    left daughter right daughter split var split point status prediction
1               2              3         1  0.52889279      1          0
2               4              5         2  0.28182381      1          0
3               6              7         1  0.98263983      1          0
4               8              9         1  0.12954232      1          0
5              10             11         1  0.21352345      1          0
6              12             13         2  0.71606786      1          0
7               0              0         0  0.00000000     -1          1
8               0              0         0  0.00000000     -1          1
9              14             15         2  0.25708496      1          0
10             16             17         1  0.05513592      1          0
11             18             19         1  0.22166539      1          0
12             20             21         2  0.67891631      1          0
13             22             23         2  0.93907864      1          0
14             24             25         1  0.14876251      1          0
15              0              0         0  0.00000000     -1          2
16             26             27         2  0.31297991      1          0
17             28             29         1  0.15933121      1          0
18              0              0         0  0.00000000     -1          1
19             30             31         1  0.29576834      1          0
20             32             33         1  0.92494195      1          0
21             34             35         2  0.69270237      1          0
22             36             37         2  0.86361141      1          0
23             38             39         1  0.93473567      1          0
24              0              0         0  0.00000000     -1          2
25             40             41         1  0.37113673      1          0
26              0              0         0  0.00000000     -1          1
27             42             43         1  0.03238651      1          0
28             44             45         1  0.15673572      1          0
29              0              0         0  0.00000000     -1          2
30             46             47         1  0.27649146      1          0
31             48             49         2  0.83041288      1          0
32             50             51         1  0.61181552      1          0
33             52             53         2  0.03063623      1          0
34              0              0         0  0.00000000     -1          2
35              0              0         0  0.00000000     -1          1
36             54             55         1  0.81415130      1          0
37             56             57         1  0.65678376      1          0
38              0              0         0  0.00000000     -1          2
39              0              0         0  0.00000000     -1          2
40             58             59         1  0.37085953      1          0
41             60             61         1  0.48464897      1          0
42              0              0         0  0.00000000     -1          2
43             62             63         2  0.74629408      1          0
44             64             65         1  0.09160107      1          0
45              0              0         0  0.00000000     -1          1
46             66             67         2  0.66916609      1          0
47              0              0         0  0.00000000     -1          2
48             68             69         1  0.31192923      1          0
49             70             71         2  0.89417531      1          0
50             72             73         1  0.61006301      1          0
51             74             75         2  0.14320012      1          0
52              0              0         0  0.00000000     -1          2
53             76             77         1  0.93303580      1          0
54             78             79         2  0.73725638      1          0
55             80             81         1  0.86681682      1          0
56              0              0         0  0.00000000     -1          2
57             82             83         2  0.92369424      1          0
58             84             85         2  0.17814138      1          0
59              0              0         0  0.00000000     -1          2
60              0              0         0  0.00000000     -1          1
61              0              0         0  0.00000000     -1          1
62              0              0         0  0.00000000     -1          2
63              0              0         0  0.00000000     -1          2
64             86             87         1  0.09045625      1          0
65              0              0         0  0.00000000     -1          2
66             88             89         2  0.50437062      1          0
67              0              0         0  0.00000000     -1          2
68              0              0         0  0.00000000     -1          1
69             90             91         1  0.41176356      1          0
70              0              0         0  0.00000000     -1          2
71             92             93         2  0.89733616      1          0
72             94             95         2  0.59450129      1          0
73              0              0         0  0.00000000     -1          2
74              0              0         0  0.00000000     -1          1
75             96             97         1  0.79650117      1          0
76              0              0         0  0.00000000     -1          2
77             98             99         1  0.97534292      1          0
78              0              0         0  0.00000000     -1          2
79              0              0         0  0.00000000     -1          2
80              0              0         0  0.00000000     -1          1
81            100            101         2  0.78785331      1          0
82              0              0         0  0.00000000     -1          2
83              0              0         0  0.00000000     -1          1
84            102            103         1  0.17813010      1          0
85              0              0         0  0.00000000     -1          1
86              0              0         0  0.00000000     -1          2
87              0              0         0  0.00000000     -1          1
88              0              0         0  0.00000000     -1          2
89            104            105         1  0.27429351      1          0
90            106            107         2  0.80556673      1          0
91            108            109         2  0.37710666      1          0
92              0              0         0  0.00000000     -1          1
93            110            111         1  0.32401082      1          0
94            112            113         1  0.55673310      1          0
95              0              0         0  0.00000000     -1          2
96            114            115         2  0.37198762      1          0
97            116            117         1  0.79693960      1          0
98              0              0         0  0.00000000     -1          1
99              0              0         0  0.00000000     -1          1
100             0              0         0  0.00000000     -1          2
101             0              0         0  0.00000000     -1          2
102             0              0         0  0.00000000     -1          1
103           118            119         1  0.26832372      1          0
104           120            121         1  0.24088690      1          0
105             0              0         0  0.00000000     -1          1
106           122            123         2  0.32551551      1          0
107             0              0         0  0.00000000     -1          2
108             0              0         0  0.00000000     -1          1
109           124            125         1  0.42818526      1          0
110             0              0         0  0.00000000     -1          2
111             0              0         0  0.00000000     -1          2
112           126            127         1  0.55604353      1          0
113             0              0         0  0.00000000     -1          1
114             0              0         0  0.00000000     -1          1
115             0              0         0  0.00000000     -1          1
116             0              0         0  0.00000000     -1          2
117             0              0         0  0.00000000     -1          1
118             0              0         0  0.00000000     -1          1
119             0              0         0  0.00000000     -1          1
120             0              0         0  0.00000000     -1          2
121             0              0         0  0.00000000     -1          2
122             0              0         0  0.00000000     -1          2
123             0              0         0  0.00000000     -1          2
124             0              0         0  0.00000000     -1          2
125             0              0         0  0.00000000     -1          2
126             0              0         0  0.00000000     -1          1
127             0              0         0  0.00000000     -1          2
