    left daughter right daughter split var split point status prediction
1               2              3         2  0.31973233      1          0
2               4              5         1  0.98428900      1          0
3               6              7         2  0.70197079      1          0
4               8              9         1  0.37039336      1          0
5               0              0         0  0.00000000     -1          2
6              10             11         2  0.37155503      1          0
7              12             13         1  0.79946461      1          0
8              14             15         2  0.28182381      1          0
9              16             17         2  0.25858833      1          0
10             18             19         2  0.32749080      1          0
11             20             21         1  0.54203689      1          0
12             22             23         2  0.93934442      1          0
13             24             25         1  0.82248687      1          0
14             26             27         1  0.21812279      1          0
15             28             29         1  0.07260312      1          0
16             30             31         2  0.02453568      1          0
17             32             33         2  0.26127126      1          0
18              0              0         0  0.00000000     -1          1
19             34             35         1  0.40933146      1          0
20             36             37         2  0.37575219      1          0
21             38             39         1  0.64601611      1          0
22             40             41         2  0.93258095      1          0
23              0              0         0  0.00000000     -1          2
24              0              0         0  0.00000000     -1          1
25             42             43         2  0.79026247      1          0
26             44             45         1  0.14876251      1          0
27             46             47         2  0.20531654      1          0
28              0              0         0  0.00000000     -1          1
29             48             49         1  0.16425257      1          0
30             50             51         2  0.02381238      1          0
31             52             53         1  0.88338587      1          0
32              0              0         0  0.00000000     -1          2
33             54             55         1  0.42854169      1          0
34              0              0         0  0.00000000     -1          2
35              0              0         0  0.00000000     -1          1
36              0              0         0  0.00000000     -1          1
37             56             57         2  0.69544454      1          0
38             58             59         1  0.64111877      1          0
39             60             61         2  0.41166043      1          0
40             62             63         2  0.89321596      1          0
41              0              0         0  0.00000000     -1          1
42              0              0         0  0.00000000     -1          1
43             64             65         2  0.98397478      1          0
44             66             67         2  0.12016713      1          0
45              0              0         0  0.00000000     -1          1
46             68             69         1  0.22112107      1          0
47              0              0         0  0.00000000     -1          2
48              0              0         0  0.00000000     -1          2
49              0              0         0  0.00000000     -1          2
50             70             71         1  0.61662998      1          0
51              0              0         0  0.00000000     -1          2
52             72             73         2  0.24065997      1          0
53             74             75         2  0.13080642      1          0
54              0              0         0  0.00000000     -1          2
55             76             77         2  0.30451642      1          0
56             78             79         1  0.53803392      1          0
57              0              0         0  0.00000000     -1          2
58             80             81         2  0.63254116      1          0
59              0              0         0  0.00000000     -1          2
60              0              0         0  0.00000000     -1          1
61             82             83         2  0.68093082      1          0
62             84             85         1  0.46796125      1          0
63             86             87         2  0.89605945      1          0
64             88             89         2  0.86780866      1          0
65              0              0         0  0.00000000     -1          1
66              0              0         0  0.00000000     -1          1
67              0              0         0  0.00000000     -1          1
68              0              0         0  0.00000000     -1          2
69             90             91         1  0.28281228      1          0
70              0              0         0  0.00000000     -1          1
71              0              0         0  0.00000000     -1          1
72             92             93         1  0.61778991      1          0
73              0              0         0  0.00000000     -1          1
74              0              0         0  0.00000000     -1          1
75              0              0         0  0.00000000     -1          1
76              0              0         0  0.00000000     -1          1
77              0              0         0  0.00000000     -1          1
78             94             95         2  0.59177311      1          0
79              0              0         0  0.00000000     -1          2
80             96             97         1  0.55070819      1          0
81              0              0         0  0.00000000     -1          2
82             98             99         1  0.97355024      1          0
83              0              0         0  0.00000000     -1          1
84            100            101         2  0.73305388      1          0
85              0              0         0  0.00000000     -1          2
86              0              0         0  0.00000000     -1          1
87            102            103         1  0.70542823      1          0
88              0              0         0  0.00000000     -1          2
89              0              0         0  0.00000000     -1          2
90              0              0         0  0.00000000     -1          1
91              0              0         0  0.00000000     -1          1
92            104            105         2  0.09365677      1          0
93              0              0         0  0.00000000     -1          1
94            106            107         2  0.46787102      1          0
95            108            109         2  0.59252073      1          0
96              0              0         0  0.00000000     -1          1
97            110            111         1  0.61383633      1          0
98            112            113         1  0.91874340      1          0
99              0              0         0  0.00000000     -1          2
100             0              0         0  0.00000000     -1          2
101           114            115         2  0.73716735      1          0
102           116            117         1  0.28147399      1          0
103             0              0         0  0.00000000     -1          2
104             0              0         0  0.00000000     -1          1
105             0              0         0  0.00000000     -1          1
106           118            119         1  0.30744161      1          0
107             0              0         0  0.00000000     -1          2
108             0              0         0  0.00000000     -1          1
109           120            121         2  0.60510610      1          0
110             0              0         0  0.00000000     -1          1
111             0              0         0  0.00000000     -1          1
112             0              0         0  0.00000000     -1          1
113             0              0         0  0.00000000     -1          1
114             0              0         0  0.00000000     -1          1
115           122            123         1  0.45297960      1          0
116             0              0         0  0.00000000     -1          2
117             0              0         0  0.00000000     -1          2
118             0              0         0  0.00000000     -1          2
119           124            125         2  0.46165050      1          0
120             0              0         0  0.00000000     -1          2
121           126            127         1  0.27425040      1          0
122             0              0         0  0.00000000     -1          2
123             0              0         0  0.00000000     -1          1
124             0              0         0  0.00000000     -1          2
125             0              0         0  0.00000000     -1          1
126             0              0         0  0.00000000     -1          2
127             0              0         0  0.00000000     -1          2
