    left daughter right daughter split var split point status prediction
1               2              3         1 0.510294379      1          0
2               4              5         2 0.282097076      1          0
3               6              7         1 0.914560503      1          0
4               8              9         1 0.503641092      1          0
5              10             11         2 0.325515508      1          0
6              12             13         2 0.715497084      1          0
7              14             15         1 0.947971083      1          0
8              16             17         1 0.388837434      1          0
9               0              0         0 0.000000000     -1          2
10             18             19         1 0.386109386      1          0
11             20             21         1 0.041951869      1          0
12             22             23         2 0.595950143      1          0
13             24             25         1 0.755542978      1          0
14             26             27         1 0.922471375      1          0
15             28             29         1 0.964908669      1          0
16             30             31         1 0.387277915      1          0
17              0              0         0 0.000000000     -1          1
18             32             33         1 0.203877949      1          0
19              0              0         0 0.000000000     -1          1
20             34             35         2 0.740378376      1          0
21             36             37         2 0.461650498      1          0
22             38             39         2 0.332472689      1          0
23             40             41         2 0.667430656      1          0
24             42             43         2 0.743969382      1          0
25             44             45         1 0.762434951      1          0
26              0              0         0 0.000000000     -1          2
27             46             47         1 0.925390466      1          0
28              0              0         0 0.000000000     -1          1
29             48             49         2 0.801251171      1          0
30             50             51         2 0.124362018      1          0
31              0              0         0 0.000000000     -1          2
32              0              0         0 0.000000000     -1          2
33              0              0         0 0.000000000     -1          2
34              0              0         0 0.000000000     -1          2
35              0              0         0 0.000000000     -1          2
36              0              0         0 0.000000000     -1          2
37             52             53         1 0.156735725      1          0
38             54             55         1 0.629200787      1          0
39             56             57         2 0.337281850      1          0
40             58             59         2 0.653309598      1          0
41             60             61         1 0.571265649      1          0
42              0              0         0 0.000000000     -1          2
43             62             63         1 0.558421057      1          0
44              0              0         0 0.000000000     -1          1
45             64             65         2 0.910352672      1          0
46              0              0         0 0.000000000     -1          1
47              0              0         0 0.000000000     -1          2
48             66             67         2 0.536008090      1          0
49              0              0         0 0.000000000     -1          2
50             68             69         2 0.117616006      1          0
51             70             71         1 0.227482996      1          0
52              0              0         0 0.000000000     -1          2
53             72             73         2 0.464770343      1          0
54             74             75         2 0.005548306      1          0
55             76             77         1 0.726186672      1          0
56              0              0         0 0.000000000     -1          2
57             78             79         1 0.669510863      1          0
58             80             81         1 0.580717537      1          0
59              0              0         0 0.000000000     -1          2
60              0              0         0 0.000000000     -1          2
61             82             83         1 0.673023550      1          0
62              0              0         0 0.000000000     -1          2
63             84             85         1 0.656783757      1          0
64             86             87         2 0.863925210      1          0
65              0              0         0 0.000000000     -1          2
66              0              0         0 0.000000000     -1          1
67              0              0         0 0.000000000     -1          1
68             88             89         1 0.148762508      1          0
69              0              0         0 0.000000000     -1          2
70             90             91         1 0.091812767      1          0
71             92             93         2 0.224299914      1          0
72              0              0         0 0.000000000     -1          1
73             94             95         2 0.535274701      1          0
74              0              0         0 0.000000000     -1          2
75             96             97         2 0.269258843      1          0
76             98             99         1 0.713092633      1          0
77              0              0         0 0.000000000     -1          1
78            100            101         1 0.666688924      1          0
79            102            103         2 0.360018372      1          0
80              0              0         0 0.000000000     -1          2
81              0              0         0 0.000000000     -1          1
82              0              0         0 0.000000000     -1          1
83            104            105         2 0.683315130      1          0
84              0              0         0 0.000000000     -1          2
85            106            107         1 0.667361663      1          0
86            108            109         2 0.786012222      1          0
87              0              0         0 0.000000000     -1          1
88            110            111         1 0.116375040      1          0
89            112            113         2 0.035644945      1          0
90              0              0         0 0.000000000     -1          1
91              0              0         0 0.000000000     -1          1
92              0              0         0 0.000000000     -1          1
93              0              0         0 0.000000000     -1          2
94            114            115         1 0.222112323      1          0
95            116            117         1 0.158885659      1          0
96            118            119         1 0.612822201      1          0
97              0              0         0 0.000000000     -1          1
98              0              0         0 0.000000000     -1          1
99              0              0         0 0.000000000     -1          2
100           120            121         1 0.645889666      1          0
101             0              0         0 0.000000000     -1          2
102             0              0         0 0.000000000     -1          1
103             0              0         0 0.000000000     -1          1
104             0              0         0 0.000000000     -1          1
105             0              0         0 0.000000000     -1          1
106             0              0         0 0.000000000     -1          1
107             0              0         0 0.000000000     -1          2
108             0              0         0 0.000000000     -1          1
109             0              0         0 0.000000000     -1          2
110             0              0         0 0.000000000     -1          1
111             0              0         0 0.000000000     -1          2
112             0              0         0 0.000000000     -1          1
113           122            123         2 0.073830672      1          0
114             0              0         0 0.000000000     -1          2
115           124            125         1 0.240886899      1          0
116             0              0         0 0.000000000     -1          1
117           126            127         1 0.169312393      1          0
118             0              0         0 0.000000000     -1          1
119             0              0         0 0.000000000     -1          2
120             0              0         0 0.000000000     -1          1
121             0              0         0 0.000000000     -1          1
122             0              0         0 0.000000000     -1          1
123             0              0         0 0.000000000     -1          1
124             0              0         0 0.000000000     -1          1
125             0              0         0 0.000000000     -1          2
126             0              0         0 0.000000000     -1          2
127             0              0         0 0.000000000     -1          2
