    left daughter right daughter split var split point status prediction
1               2              3         1  0.52124298      1          0
2               4              5         1  0.23676466      1          0
3               6              7         1  0.91456050      1          0
4               8              9         1  0.18202457      1          0
5              10             11         1  0.27398124      1          0
6              12             13         2  0.71606786      1          0
7              14             15         1  0.93202868      1          0
8              16             17         2  0.28494766      1          0
9              18             19         2  0.32835528      1          0
10             20             21         1  0.25877477      1          0
11             22             23         2  0.24175219      1          0
12             24             25         2  0.60616972      1          0
13             26             27         1  0.68415414      1          0
14             28             29         2  0.33879238      1          0
15             30             31         2  0.79280004      1          0
16             32             33         2  0.06464248      1          0
17             34             35         2  0.61697198      1          0
18             36             37         1  0.19257601      1          0
19             38             39         2  0.57489354      1          0
20              0              0         0  0.00000000     -1          2
21              0              0         0  0.00000000     -1          2
22             40             41         1  0.27922564      1          0
23             42             43         1  0.27555978      1          0
24             44             45         2  0.02622126      1          0
25             46             47         1  0.57130537      1          0
26             48             49         2  0.87855159      1          0
27             50             51         1  0.69820953      1          0
28              0              0         0  0.00000000     -1          1
29              0              0         0  0.00000000     -1          2
30             52             53         2  0.13724956      1          0
31              0              0         0  0.00000000     -1          2
32              0              0         0  0.00000000     -1          1
33             54             55         1  0.08618077      1          0
34              0              0         0  0.00000000     -1          2
35             56             57         1  0.09274397      1          0
36              0              0         0  0.00000000     -1          1
37              0              0         0  0.00000000     -1          1
38             58             59         1  0.21425906      1          0
39              0              0         0  0.00000000     -1          2
40              0              0         0  0.00000000     -1          2
41             60             61         2  0.09210626      1          0
42              0              0         0  0.00000000     -1          1
43             62             63         2  0.47697993      1          0
44              0              0         0  0.00000000     -1          1
45             64             65         2  0.08277772      1          0
46              0              0         0  0.00000000     -1          2
47             66             67         2  0.65330960      1          0
48              0              0         0  0.00000000     -1          2
49             68             69         2  0.89386905      1          0
50              0              0         0  0.00000000     -1          1
51             70             71         2  0.78601222      1          0
52              0              0         0  0.00000000     -1          2
53             72             73         2  0.50946536      1          0
54             74             75         2  0.20737449      1          0
55              0              0         0  0.00000000     -1          1
56             76             77         1  0.08873815      1          0
57             78             79         1  0.15673572      1          0
58              0              0         0  0.00000000     -1          2
59              0              0         0  0.00000000     -1          2
60             80             81         1  0.35929220      1          0
61              0              0         0  0.00000000     -1          1
62             82             83         1  0.44195837      1          0
63             84             85         1  0.27649146      1          0
64              0              0         0  0.00000000     -1          1
65             86             87         2  0.08605547      1          0
66              0              0         0  0.00000000     -1          1
67             88             89         2  0.65735460      1          0
68              0              0         0  0.00000000     -1          1
69              0              0         0  0.00000000     -1          2
70              0              0         0  0.00000000     -1          1
71             90             91         1  0.77268800      1          0
72              0              0         0  0.00000000     -1          1
73              0              0         0  0.00000000     -1          1
74              0              0         0  0.00000000     -1          1
75              0              0         0  0.00000000     -1          1
76             92             93         1  0.03512320      1          0
77              0              0         0  0.00000000     -1          1
78              0              0         0  0.00000000     -1          2
79             94             95         2  0.92681139      1          0
80              0              0         0  0.00000000     -1          1
81              0              0         0  0.00000000     -1          1
82             96             97         1  0.31091736      1          0
83              0              0         0  0.00000000     -1          1
84              0              0         0  0.00000000     -1          2
85             98             99         2  0.83041288      1          0
86              0              0         0  0.00000000     -1          2
87            100            101         1  0.88674483      1          0
88              0              0         0  0.00000000     -1          2
89            102            103         1  0.65254691      1          0
90            104            105         2  0.86144104      1          0
91              0              0         0  0.00000000     -1          2
92              0              0         0  0.00000000     -1          2
93            106            107         2  0.89584496      1          0
94              0              0         0  0.00000000     -1          2
95              0              0         0  0.00000000     -1          1
96              0              0         0  0.00000000     -1          2
97              0              0         0  0.00000000     -1          2
98            108            109         2  0.81992739      1          0
99              0              0         0  0.00000000     -1          2
100           110            111         1  0.54857338      1          0
101             0              0         0  0.00000000     -1          1
102             0              0         0  0.00000000     -1          1
103             0              0         0  0.00000000     -1          1
104             0              0         0  0.00000000     -1          2
105             0              0         0  0.00000000     -1          2
106           112            113         2  0.86227065      1          0
107             0              0         0  0.00000000     -1          2
108           114            115         2  0.77638406      1          0
109             0              0         0  0.00000000     -1          1
110             0              0         0  0.00000000     -1          1
111           116            117         2  0.25781823      1          0
112             0              0         0  0.00000000     -1          2
113             0              0         0  0.00000000     -1          1
114           118            119         2  0.58340017      1          0
115             0              0         0  0.00000000     -1          2
116             0              0         0  0.00000000     -1          1
117           120            121         2  0.26415672      1          0
118             0              0         0  0.00000000     -1          2
119           122            123         1  0.50968154      1          0
120             0              0         0  0.00000000     -1          2
121           124            125         1  0.79650117      1          0
122           126            127         2  0.59252073      1          0
123             0              0         0  0.00000000     -1          2
124             0              0         0  0.00000000     -1          1
125             0              0         0  0.00000000     -1          1
126             0              0         0  0.00000000     -1          1
127             0              0         0  0.00000000     -1          2
