    left daughter right daughter split var split point status prediction
1               2              3         2  0.28797072      1          0
2               4              5         1  0.98926451      1          0
3               6              7         2  0.65330960      1          0
4               8              9         1  0.62920079      1          0
5               0              0         0  0.00000000     -1          2
6              10             11         1  0.48809066      1          0
7              12             13         2  0.93907864      1          0
8              14             15         1  0.62523620      1          0
9              16             17         2  0.01639486      1          0
10             18             19         1  0.18276124      1          0
11             20             21         2  0.64096780      1          0
12             22             23         1  0.66231894      1          0
13             24             25         2  0.99070550      1          0
14             26             27         1  0.13289476      1          0
15              0              0         0  0.00000000     -1          2
16              0              0         0  0.00000000     -1          1
17             28             29         2  0.17702958      1          0
18             30             31         2  0.61697198      1          0
19             32             33         1  0.19501439      1          0
20             34             35         2  0.37026255      1          0
21              0              0         0  0.00000000     -1          1
22             36             37         1  0.04195187      1          0
23             38             39         1  0.70008571      1          0
24              0              0         0  0.00000000     -1          2
25              0              0         0  0.00000000     -1          2
26             40             41         1  0.06909634      1          0
27             42             43         2  0.23847815      1          0
28              0              0         0  0.00000000     -1          1
29             44             45         2  0.18464029      1          0
30              0              0         0  0.00000000     -1          2
31              0              0         0  0.00000000     -1          2
32              0              0         0  0.00000000     -1          1
33             46             47         1  0.45125664      1          0
34             48             49         1  0.50776613      1          0
35             50             51         1  0.53012088      1          0
36              0              0         0  0.00000000     -1          2
37             52             53         2  0.93712239      1          0
38             54             55         1  0.67729654      1          0
39             56             57         2  0.92688602      1          0
40              0              0         0  0.00000000     -1          1
41             58             59         1  0.07431965      1          0
42             60             61         1  0.13656683      1          0
43             62             63         2  0.27064072      1          0
44              0              0         0  0.00000000     -1          2
45              0              0         0  0.00000000     -1          1
46             64             65         2  0.32551551      1          0
47              0              0         0  0.00000000     -1          2
48              0              0         0  0.00000000     -1          2
49             66             67         2  0.33247269      1          0
50              0              0         0  0.00000000     -1          2
51             68             69         1  0.97355024      1          0
52             70             71         1  0.27259307      1          0
53              0              0         0  0.00000000     -1          1
54              0              0         0  0.00000000     -1          2
55              0              0         0  0.00000000     -1          1
56             72             73         1  0.74478448      1          0
57              0              0         0  0.00000000     -1          1
58              0              0         0  0.00000000     -1          2
59              0              0         0  0.00000000     -1          1
60              0              0         0  0.00000000     -1          2
61             74             75         1  0.55431633      1          0
62              0              0         0  0.00000000     -1          2
63              0              0         0  0.00000000     -1          1
64              0              0         0  0.00000000     -1          2
65             76             77         1  0.43522072      1          0
66              0              0         0  0.00000000     -1          1
67              0              0         0  0.00000000     -1          1
68             78             79         1  0.88329172      1          0
69              0              0         0  0.00000000     -1          2
70              0              0         0  0.00000000     -1          2
71             80             81         2  0.67943846      1          0
72              0              0         0  0.00000000     -1          2
73             82             83         1  0.76218711      1          0
74             84             85         1  0.27922564      1          0
75             86             87         1  0.56585888      1          0
76             88             89         2  0.58806194      1          0
77              0              0         0  0.00000000     -1          2
78             90             91         1  0.87857260      1          0
79              0              0         0  0.00000000     -1          1
80              0              0         0  0.00000000     -1          2
81             92             93         1  0.28072006      1          0
82              0              0         0  0.00000000     -1          1
83             94             95         2  0.78804377      1          0
84             96             97         2  0.12788541      1          0
85             98             99         1  0.37113673      1          0
86              0              0         0  0.00000000     -1          2
87              0              0         0  0.00000000     -1          1
88            100            101         1  0.24268971      1          0
89              0              0         0  0.00000000     -1          2
90            102            103         1  0.83383983      1          0
91              0              0         0  0.00000000     -1          2
92              0              0         0  0.00000000     -1          1
93            104            105         2  0.83041288      1          0
94              0              0         0  0.00000000     -1          1
95            106            107         1  0.89763879      1          0
96              0              0         0  0.00000000     -1          1
97              0              0         0  0.00000000     -1          1
98            108            109         2  0.09637628      1          0
99              0              0         0  0.00000000     -1          1
100           110            111         1  0.23829745      1          0
101             0              0         0  0.00000000     -1          2
102           112            113         1  0.67054278      1          0
103             0              0         0  0.00000000     -1          1
104           114            115         1  0.45846375      1          0
105             0              0         0  0.00000000     -1          2
106           116            117         2  0.86392521      1          0
107             0              0         0  0.00000000     -1          2
108             0              0         0  0.00000000     -1          1
109             0              0         0  0.00000000     -1          1
110           118            119         2  0.37562682      1          0
111             0              0         0  0.00000000     -1          1
112           120            121         1  0.66668892      1          0
113             0              0         0  0.00000000     -1          1
114           122            123         1  0.45253034      1          0
115           124            125         2  0.70617008      1          0
116             0              0         0  0.00000000     -1          2
117             0              0         0  0.00000000     -1          2
118             0              0         0  0.00000000     -1          2
119             0              0         0  0.00000000     -1          2
120           126            127         1  0.65313445      1          0
121             0              0         0  0.00000000     -1          2
122             0              0         0  0.00000000     -1          2
123             0              0         0  0.00000000     -1          1
124             0              0         0  0.00000000     -1          2
125             0              0         0  0.00000000     -1          2
126             0              0         0  0.00000000     -1          1
127             0              0         0  0.00000000     -1          1
