    left daughter right daughter split var split point status prediction
1               2              3         1 0.519077860      1          0
2               4              5         2 0.282097076      1          0
3               6              7         2 0.715877412      1          0
4               8              9         2 0.236372323      1          0
5              10             11         1 0.426032953      1          0
6              12             13         1 0.672465124      1          0
7              14             15         1 0.662318939      1          0
8              16             17         2 0.211495883      1          0
9              18             19         2 0.247492342      1          0
10             20             21         1 0.342084109      1          0
11             22             23         2 0.377106661      1          0
12             24             25         2 0.603241875      1          0
13             26             27         2 0.093362609      1          0
14             28             29         2 0.883109969      1          0
15             30             31         1 0.667516328      1          0
16             32             33         2 0.209688216      1          0
17              0              0         0 0.000000000     -1          1
18              0              0         0 0.000000000     -1          2
19              0              0         0 0.000000000     -1          1
20             34             35         2 0.314413378      1          0
21             36             37         1 0.388008827      1          0
22              0              0         0 0.000000000     -1          1
23             38             39         1 0.428185263      1          0
24             40             41         1 0.653134452      1          0
25             42             43         1 0.582319602      1          0
26              0              0         0 0.000000000     -1          1
27             44             45         2 0.102985588      1          0
28              0              0         0 0.000000000     -1          2
29              0              0         0 0.000000000     -1          2
30              0              0         0 0.000000000     -1          1
31             46             47         2 0.783788046      1          0
32             48             49         1 0.373813301      1          0
33              0              0         0 0.000000000     -1          2
34              0              0         0 0.000000000     -1          2
35             50             51         1 0.338758983      1          0
36              0              0         0 0.000000000     -1          2
37             52             53         2 0.374898313      1          0
38              0              0         0 0.000000000     -1          1
39             54             55         2 0.483339409      1          0
40             56             57         2 0.007786427      1          0
41              0              0         0 0.000000000     -1          1
42              0              0         0 0.000000000     -1          2
43              0              0         0 0.000000000     -1          2
44              0              0         0 0.000000000     -1          2
45             58             59         2 0.648653544      1          0
46             60             61         2 0.767727644      1          0
47             62             63         2 0.862681895      1          0
48             64             65         1 0.366130615      1          0
49              0              0         0 0.000000000     -1          1
50             66             67         2 0.574896242      1          0
51              0              0         0 0.000000000     -1          1
52              0              0         0 0.000000000     -1          2
53              0              0         0 0.000000000     -1          2
54              0              0         0 0.000000000     -1          2
55             68             69         2 0.870130669      1          0
56              0              0         0 0.000000000     -1          2
57             70             71         2 0.525490532      1          0
58             72             73         1 0.850617901      1          0
59             74             75         1 0.921378637      1          0
60              0              0         0 0.000000000     -1          2
61              0              0         0 0.000000000     -1          1
62              0              0         0 0.000000000     -1          2
63             76             77         2 0.886577223      1          0
64             78             79         2 0.205183436      1          0
65              0              0         0 0.000000000     -1          2
66             80             81         2 0.504902644      1          0
67             82             83         1 0.260183934      1          0
68             84             85         1 0.479720379      1          0
69              0              0         0 0.000000000     -1          2
70             86             87         2 0.261753557      1          0
71              0              0         0 0.000000000     -1          1
72             88             89         2 0.359656864      1          0
73             90             91         2 0.537948284      1          0
74             92             93         1 0.727035994      1          0
75              0              0         0 0.000000000     -1          2
76              0              0         0 0.000000000     -1          2
77             94             95         2 0.939078637      1          0
78             96             97         1 0.068109904      1          0
79              0              0         0 0.000000000     -1          1
80              0              0         0 0.000000000     -1          2
81             98             99         1 0.234839217      1          0
82            100            101         2 0.577477432      1          0
83            102            103         2 0.604680763      1          0
84              0              0         0 0.000000000     -1          2
85            104            105         2 0.691080654      1          0
86            106            107         2 0.241593618      1          0
87            108            109         2 0.337281850      1          0
88              0              0         0 0.000000000     -1          1
89            110            111         2 0.360175500      1          0
90            112            113         1 0.860179133      1          0
91              0              0         0 0.000000000     -1          1
92              0              0         0 0.000000000     -1          1
93              0              0         0 0.000000000     -1          1
94            114            115         2 0.928670052      1          0
95            116            117         1 0.934735669      1          0
96              0              0         0 0.000000000     -1          1
97            118            119         2 0.177975268      1          0
98              0              0         0 0.000000000     -1          2
99              0              0         0 0.000000000     -1          2
100             0              0         0 0.000000000     -1          1
101           120            121         1 0.041951869      1          0
102             0              0         0 0.000000000     -1          1
103           122            123         1 0.276117179      1          0
104             0              0         0 0.000000000     -1          2
105             0              0         0 0.000000000     -1          2
106           124            125         1 0.605003971      1          0
107             0              0         0 0.000000000     -1          2
108             0              0         0 0.000000000     -1          1
109             0              0         0 0.000000000     -1          1
110             0              0         0 0.000000000     -1          2
111             0              0         0 0.000000000     -1          1
112             0              0         0 0.000000000     -1          2
113           126            127         1 0.926837145      1          0
114             0              0         0 0.000000000     -1          2
115             0              0         0 0.000000000     -1          1
116             0              0         0 0.000000000     -1          2
117             0              0         0 0.000000000     -1          2
118             0              0         0 0.000000000     -1          1
119             0              0         0 0.000000000     -1          2
120             0              0         0 0.000000000     -1          2
121             0              0         0 0.000000000     -1          2
122             0              0         0 0.000000000     -1          1
123             0              0         0 0.000000000     -1          2
124             0              0         0 0.000000000     -1          1
125             0              0         0 0.000000000     -1          1
126             0              0         0 0.000000000     -1          1
127             0              0         0 0.000000000     -1          1
