    left daughter right daughter split var split point status prediction
1               2              3         1  0.52966509      1          0
2               4              5         1  0.31062599      1          0
3               6              7         1  0.67952244      1          0
4               8              9         2  0.31441338      1          0
5              10             11         2  0.28688328      1          0
6              12             13         2  0.68212647      1          0
7              14             15         2  0.77465267      1          0
8              16             17         2  0.23881039      1          0
9              18             19         1  0.21352345      1          0
10             20             21         1  0.34992910      1          0
11             22             23         2  0.32551551      1          0
12             24             25         2  0.03367103      1          0
13             26             27         2  0.89266310      1          0
14             28             29         1  0.91804224      1          0
15             30             31         1  0.81993864      1          0
16             32             33         2  0.02734843      1          0
17             34             35         1  0.22748300      1          0
18             36             37         2  0.87130392      1          0
19             38             39         1  0.22385870      1          0
20              0              0         0  0.00000000     -1          1
21             40             41         1  0.50364109      1          0
22              0              0         0  0.00000000     -1          1
23             42             43         1  0.31376110      1          0
24              0              0         0  0.00000000     -1          1
25             44             45         2  0.25675496      1          0
26              0              0         0  0.00000000     -1          2
27             46             47         2  0.89386905      1          0
28             48             49         2  0.77435837      1          0
29             50             51         1  0.93108035      1          0
30             52             53         2  0.86392521      1          0
31             54             55         1  0.84603920      1          0
32              0              0         0  0.00000000     -1          1
33             56             57         2  0.11772352      1          0
34             58             59         2  0.28363533      1          0
35              0              0         0  0.00000000     -1          2
36             60             61         1  0.09029491      1          0
37             62             63         1  0.04467417      1          0
38              0              0         0  0.00000000     -1          1
39             64             65         2  0.73743181      1          0
40              0              0         0  0.00000000     -1          1
41              0              0         0  0.00000000     -1          1
42              0              0         0  0.00000000     -1          1
43             66             67         1  0.42603295      1          0
44              0              0         0  0.00000000     -1          1
45             68             69         1  0.54185405      1          0
46              0              0         0  0.00000000     -1          1
47              0              0         0  0.00000000     -1          2
48             70             71         2  0.51587737      1          0
49              0              0         0  0.00000000     -1          2
50              0              0         0  0.00000000     -1          2
51             72             73         2  0.02062010      1          0
52              0              0         0  0.00000000     -1          2
53             74             75         1  0.77022567      1          0
54              0              0         0  0.00000000     -1          2
55             76             77         2  0.79026247      1          0
56             78             79         1  0.14876251      1          0
57              0              0         0  0.00000000     -1          1
58              0              0         0  0.00000000     -1          1
59              0              0         0  0.00000000     -1          1
60              0              0         0  0.00000000     -1          2
61             80             81         2  0.62486909      1          0
62              0              0         0  0.00000000     -1          2
63             82             83         1  0.15553031      1          0
64             84             85         1  0.30744161      1          0
65              0              0         0  0.00000000     -1          2
66             86             87         1  0.32219946      1          0
67             88             89         1  0.42818526      1          0
68              0              0         0  0.00000000     -1          2
69             90             91         1  0.60927201      1          0
70             92             93         2  0.14126317      1          0
71             94             95         2  0.51934830      1          0
72              0              0         0  0.00000000     -1          2
73             96             97         2  0.65439155      1          0
74              0              0         0  0.00000000     -1          2
75              0              0         0  0.00000000     -1          1
76              0              0         0  0.00000000     -1          1
77             98             99         2  0.98782722      1          0
78              0              0         0  0.00000000     -1          1
79              0              0         0  0.00000000     -1          1
80              0              0         0  0.00000000     -1          2
81            100            101         1  0.09169347      1          0
82              0              0         0  0.00000000     -1          2
83              0              0         0  0.00000000     -1          2
84            102            103         1  0.26018393      1          0
85              0              0         0  0.00000000     -1          1
86              0              0         0  0.00000000     -1          2
87              0              0         0  0.00000000     -1          2
88              0              0         0  0.00000000     -1          1
89            104            105         2  0.37656641      1          0
90            106            107         2  0.61571324      1          0
91            108            109         2  0.30049109      1          0
92              0              0         0  0.00000000     -1          1
93            110            111         2  0.14537030      1          0
94              0              0         0  0.00000000     -1          2
95            112            113         1  0.84398993      1          0
96            114            115         2  0.11613286      1          0
97              0              0         0  0.00000000     -1          1
98            116            117         2  0.86066064      1          0
99              0              0         0  0.00000000     -1          1
100             0              0         0  0.00000000     -1          1
101             0              0         0  0.00000000     -1          2
102             0              0         0  0.00000000     -1          2
103           118            119         2  0.65565868      1          0
104             0              0         0  0.00000000     -1          1
105           120            121         2  0.48333941      1          0
106             0              0         0  0.00000000     -1          1
107             0              0         0  0.00000000     -1          1
108             0              0         0  0.00000000     -1          2
109           122            123         1  0.61181552      1          0
110             0              0         0  0.00000000     -1          2
111           124            125         2  0.40949324      1          0
112           126            127         1  0.83674854      1          0
113             0              0         0  0.00000000     -1          1
114             0              0         0  0.00000000     -1          1
115             0              0         0  0.00000000     -1          1
116             0              0         0  0.00000000     -1          2
117             0              0         0  0.00000000     -1          2
118             0              0         0  0.00000000     -1          2
119             0              0         0  0.00000000     -1          2
120             0              0         0  0.00000000     -1          2
121             0              0         0  0.00000000     -1          2
122             0              0         0  0.00000000     -1          2
123             0              0         0  0.00000000     -1          1
124             0              0         0  0.00000000     -1          1
125             0              0         0  0.00000000     -1          1
126             0              0         0  0.00000000     -1          1
127             0              0         0  0.00000000     -1          2
