    left daughter right daughter split var split point status prediction
1               2              3         2  0.33197257      1          0
2               4              5         2  0.28211216      1          0
3               6              7         1  0.55070819      1          0
4               8              9         2  0.20645268      1          0
5              10             11         2  0.30196725      1          0
6              12             13         2  0.93823714      1          0
7              14             15         1  0.97173343      1          0
8              16             17         1  0.62239007      1          0
9              18             19         2  0.20676215      1          0
10             20             21         2  0.30106283      1          0
11             22             23         2  0.31008998      1          0
12             24             25         2  0.93768737      1          0
13              0              0         0  0.00000000     -1          2
14             26             27         1  0.77335901      1          0
15              0              0         0  0.00000000     -1          2
16             28             29         1  0.60197189      1          0
17             30             31         2  0.17702958      1          0
18              0              0         0  0.00000000     -1          2
19             32             33         2  0.21206816      1          0
20             34             35         1  0.45733306      1          0
21              0              0         0  0.00000000     -1          2
22              0              0         0  0.00000000     -1          1
23             36             37         2  0.31392761      1          0
24             38             39         2  0.66613176      1          0
25              0              0         0  0.00000000     -1          1
26             40             41         2  0.71035040      1          0
27             42             43         1  0.82342912      1          0
28             44             45         1  0.06909634      1          0
29              0              0         0  0.00000000     -1          2
30             46             47         2  0.01639486      1          0
31              0              0         0  0.00000000     -1          2
32              0              0         0  0.00000000     -1          1
33             48             49         2  0.25858833      1          0
34              0              0         0  0.00000000     -1          2
35              0              0         0  0.00000000     -1          1
36              0              0         0  0.00000000     -1          2
37              0              0         0  0.00000000     -1          1
38             50             51         1  0.48809066      1          0
39             52             53         2  0.67371689      1          0
40             54             55         2  0.37286036      1          0
41             56             57         2  0.77128883      1          0
42             58             59         1  0.77810212      1          0
43             60             61         1  0.82516842      1          0
44              0              0         0  0.00000000     -1          1
45             62             63         1  0.08244606      1          0
46              0              0         0  0.00000000     -1          1
47              0              0         0  0.00000000     -1          1
48             64             65         1  0.56242051      1          0
49             66             67         2  0.26556463      1          0
50             68             69         2  0.36012063      1          0
51             70             71         1  0.50422434      1          0
52              0              0         0  0.00000000     -1          1
53             72             73         2  0.82929634      1          0
54              0              0         0  0.00000000     -1          2
55             74             75         2  0.52589144      1          0
56              0              0         0  0.00000000     -1          2
57             76             77         1  0.55881673      1          0
58              0              0         0  0.00000000     -1          1
59             78             79         2  0.92439785      1          0
60              0              0         0  0.00000000     -1          2
61             80             81         2  0.79026247      1          0
62              0              0         0  0.00000000     -1          2
63             82             83         1  0.27922564      1          0
64              0              0         0  0.00000000     -1          1
65              0              0         0  0.00000000     -1          1
66              0              0         0  0.00000000     -1          1
67              0              0         0  0.00000000     -1          1
68             84             85         2  0.35574247      1          0
69             86             87         2  0.46165050      1          0
70              0              0         0  0.00000000     -1          1
71             88             89         1  0.52542314      1          0
72             90             91         1  0.44884370      1          0
73             92             93         1  0.44025610      1          0
74              0              0         0  0.00000000     -1          1
75             94             95         2  0.54465110      1          0
76              0              0         0  0.00000000     -1          1
77             96             97         1  0.67844972      1          0
78              0              0         0  0.00000000     -1          1
79              0              0         0  0.00000000     -1          2
80             98             99         1  0.92176204      1          0
81            100            101         2  0.86780866      1          0
82            102            103         1  0.27588091      1          0
83            104            105         1  0.50364109      1          0
84              0              0         0  0.00000000     -1          2
85              0              0         0  0.00000000     -1          1
86              0              0         0  0.00000000     -1          2
87            106            107         1  0.23860616      1          0
88              0              0         0  0.00000000     -1          2
89              0              0         0  0.00000000     -1          2
90            108            109         2  0.73305388      1          0
91              0              0         0  0.00000000     -1          1
92            110            111         1  0.43514978      1          0
93              0              0         0  0.00000000     -1          2
94              0              0         0  0.00000000     -1          2
95            112            113         1  0.57130537      1          0
96              0              0         0  0.00000000     -1          2
97            114            115         2  0.92867005      1          0
98            116            117         2  0.66357558      1          0
99            118            119         2  0.45846061      1          0
100             0              0         0  0.00000000     -1          2
101             0              0         0  0.00000000     -1          2
102           120            121         1  0.13289476      1          0
103             0              0         0  0.00000000     -1          2
104           122            123         2  0.14211871      1          0
105           124            125         2  0.11132017      1          0
106           126            127         1  0.09724678      1          0
107             0              0         0  0.00000000     -1          2
108             0              0         0  0.00000000     -1          2
109             0              0         0  0.00000000     -1          2
110             0              0         0  0.00000000     -1          2
111             0              0         0  0.00000000     -1          1
112             0              0         0  0.00000000     -1          2
113             0              0         0  0.00000000     -1          1
114             0              0         0  0.00000000     -1          2
115             0              0         0  0.00000000     -1          2
116             0              0         0  0.00000000     -1          1
117             0              0         0  0.00000000     -1          1
118             0              0         0  0.00000000     -1          1
119             0              0         0  0.00000000     -1          1
120             0              0         0  0.00000000     -1          1
121             0              0         0  0.00000000     -1          1
122             0              0         0  0.00000000     -1          1
123             0              0         0  0.00000000     -1          1
124             0              0         0  0.00000000     -1          1
125             0              0         0  0.00000000     -1          1
126             0              0         0  0.00000000     -1          2
127             0              0         0  0.00000000     -1          2
