    left daughter right daughter split var split point status prediction
1               2              3         2  0.28797072      1          0
2               4              5         2  0.17795754      1          0
3               6              7         2  0.71645701      1          0
4               8              9         2  0.11098668      1          0
5              10             11         2  0.18163537      1          0
6              12             13         1  0.55122715      1          0
7              14             15         1  0.76883730      1          0
8              16             17         2  0.10936354      1          0
9              18             19         1  0.39029752      1          0
10              0              0         0  0.00000000     -1          2
11             20             21         2  0.24159362      1          0
12             22             23         1  0.47674544      1          0
13             24             25         2  0.68080615      1          0
14             26             27         1  0.04467417      1          0
15             28             29         2  0.77113983      1          0
16             30             31         1  0.22427782      1          0
17              0              0         0  0.00000000     -1          2
18             32             33         1  0.38236738      1          0
19              0              0         0  0.00000000     -1          1
20             34             35         1  0.26551702      1          0
21             36             37         1  0.54410063      1          0
22             38             39         2  0.32551551      1          0
23             40             41         1  0.50530248      1          0
24             42             43         2  0.35834933      1          0
25             44             45         1  0.65254691      1          0
26              0              0         0  0.00000000     -1          2
27             46             47         2  0.93823714      1          0
28              0              0         0  0.00000000     -1          1
29             48             49         2  0.86268190      1          0
30              0              0         0  0.00000000     -1          1
31             50             51         2  0.08261241      1          0
32              0              0         0  0.00000000     -1          1
33              0              0         0  0.00000000     -1          2
34              0              0         0  0.00000000     -1          1
35              0              0         0  0.00000000     -1          1
36             52             53         1  0.22748300      1          0
37             54             55         2  0.26175356      1          0
38             56             57         1  0.35851317      1          0
39             58             59         2  0.57489354      1          0
40              0              0         0  0.00000000     -1          1
41             60             61         2  0.48254790      1          0
42             62             63         1  0.60269939      1          0
43             64             65         1  0.92457093      1          0
44              0              0         0  0.00000000     -1          2
45              0              0         0  0.00000000     -1          1
46             66             67         2  0.93600157      1          0
47              0              0         0  0.00000000     -1          2
48             68             69         1  0.98371879      1          0
49             70             71         2  0.87105429      1          0
50             72             73         1  0.34660557      1          0
51             74             75         2  0.08605547      1          0
52              0              0         0  0.00000000     -1          1
53             76             77         1  0.36482533      1          0
54              0              0         0  0.00000000     -1          1
55              0              0         0  0.00000000     -1          1
56              0              0         0  0.00000000     -1          2
57              0              0         0  0.00000000     -1          1
58             78             79         1  0.23829745      1          0
59             80             81         1  0.21099813      1          0
60              0              0         0  0.00000000     -1          1
61              0              0         0  0.00000000     -1          2
62              0              0         0  0.00000000     -1          2
63              0              0         0  0.00000000     -1          1
64             82             83         2  0.65330960      1          0
65             84             85         2  0.45706848      1          0
66             86             87         2  0.87466406      1          0
67              0              0         0  0.00000000     -1          1
68              0              0         0  0.00000000     -1          2
69              0              0         0  0.00000000     -1          2
70              0              0         0  0.00000000     -1          1
71             88             89         1  0.81993864      1          0
72              0              0         0  0.00000000     -1          1
73             90             91         1  0.59830277      1          0
74              0              0         0  0.00000000     -1          2
75             92             93         1  0.50992227      1          0
76              0              0         0  0.00000000     -1          2
77              0              0         0  0.00000000     -1          1
78              0              0         0  0.00000000     -1          2
79             94             95         2  0.50956131      1          0
80             96             97         2  0.62754265      1          0
81             98             99         2  0.57925089      1          0
82            100            101         2  0.53924811      1          0
83              0              0         0  0.00000000     -1          1
84              0              0         0  0.00000000     -1          1
85              0              0         0  0.00000000     -1          2
86            102            103         2  0.73362826      1          0
87            104            105         1  0.54747476      1          0
88              0              0         0  0.00000000     -1          1
89              0              0         0  0.00000000     -1          2
90            106            107         1  0.56446968      1          0
91              0              0         0  0.00000000     -1          1
92              0              0         0  0.00000000     -1          1
93            108            109         2  0.09961696      1          0
94            110            111         1  0.24314066      1          0
95              0              0         0  0.00000000     -1          2
96              0              0         0  0.00000000     -1          2
97              0              0         0  0.00000000     -1          2
98              0              0         0  0.00000000     -1          1
99            112            113         1  0.29950546      1          0
100           114            115         1  0.67547179      1          0
101             0              0         0  0.00000000     -1          1
102             0              0         0  0.00000000     -1          2
103           116            117         2  0.77638406      1          0
104           118            119         2  0.87864252      1          0
105           120            121         1  0.55881673      1          0
106             0              0         0  0.00000000     -1          1
107             0              0         0  0.00000000     -1          2
108             0              0         0  0.00000000     -1          1
109             0              0         0  0.00000000     -1          1
110             0              0         0  0.00000000     -1          1
111           122            123         2  0.45930382      1          0
112           124            125         1  0.29208942      1          0
113             0              0         0  0.00000000     -1          2
114           126            127         1  0.64877491      1          0
115             0              0         0  0.00000000     -1          1
116             0              0         0  0.00000000     -1          2
117             0              0         0  0.00000000     -1          2
118             0              0         0  0.00000000     -1          1
119             0              0         0  0.00000000     -1          2
120             0              0         0  0.00000000     -1          1
121             0              0         0  0.00000000     -1          2
122             0              0         0  0.00000000     -1          2
123             0              0         0  0.00000000     -1          2
124             0              0         0  0.00000000     -1          2
125             0              0         0  0.00000000     -1          1
126             0              0         0  0.00000000     -1          1
127             0              0         0  0.00000000     -1          2
