    left daughter right daughter split var split point status prediction
1               2              3         1 0.521242982      1          0
2               4              5         1 0.380523269      1          0
3               6              7         2 0.710350401      1          0
4               8              9         1 0.014890203      1          0
5              10             11         2 0.361505961      1          0
6              12             13         2 0.466136870      1          0
7              14             15         2 0.990705500      1          0
8              16             17         1 0.008111991      1          0
9              18             19         1 0.041290294      1          0
10             20             21         2 0.282567746      1          0
11             22             23         1 0.511806379      1          0
12             24             25         2 0.024535681      1          0
13             26             27         1 0.551227151      1          0
14             28             29         1 0.684154142      1          0
15              0              0         0 0.000000000     -1          1
16              0              0         0 0.000000000     -1          2
17              0              0         0 0.000000000     -1          2
18             30             31         1 0.040142192      1          0
19             32             33         1 0.090456252      1          0
20              0              0         0 0.000000000     -1          1
21              0              0         0 0.000000000     -1          1
22             34             35         2 0.830412879      1          0
23              0              0         0 0.000000000     -1          2
24              0              0         0 0.000000000     -1          1
25             36             37         1 0.924941950      1          0
26              0              0         0 0.000000000     -1          2
27             38             39         1 0.973550239      1          0
28              0              0         0 0.000000000     -1          2
29             40             41         1 0.694595960      1          0
30             42             43         2 0.403126827      1          0
31              0              0         0 0.000000000     -1          1
32             44             45         2 0.315859055      1          0
33             46             47         2 0.261039057      1          0
34             48             49         2 0.817767192      1          0
35              0              0         0 0.000000000     -1          2
36             50             51         1 0.548573376      1          0
37             52             53         2 0.248873684      1          0
38             54             55         2 0.468732777      1          0
39              0              0         0 0.000000000     -1          2
40              0              0         0 0.000000000     -1          1
41             56             57         2 0.785819590      1          0
42              0              0         0 0.000000000     -1          1
43              0              0         0 0.000000000     -1          2
44              0              0         0 0.000000000     -1          1
45              0              0         0 0.000000000     -1          2
46             58             59         1 0.227482996      1          0
47             60             61         2 0.504902644      1          0
48             62             63         1 0.479774500      1          0
49              0              0         0 0.000000000     -1          1
50             64             65         1 0.546835530      1          0
51             66             67         1 0.726186672      1          0
52              0              0         0 0.000000000     -1          1
53             68             69         1 0.933035803      1          0
54              0              0         0 0.000000000     -1          2
55             70             71         1 0.707826909      1          0
56              0              0         0 0.000000000     -1          1
57             72             73         1 0.934696163      1          0
58             74             75         2 0.058659396      1          0
59             76             77         1 0.230273248      1          0
60             78             79         2 0.277231274      1          0
61             80             81         1 0.238865022      1          0
62             82             83         2 0.776092974      1          0
63              0              0         0 0.000000000     -1          2
64             84             85         1 0.540684524      1          0
65              0              0         0 0.000000000     -1          2
66             86             87         1 0.713092633      1          0
67             88             89         1 0.880497512      1          0
68              0              0         0 0.000000000     -1          2
69              0              0         0 0.000000000     -1          1
70             90             91         2 0.525490532      1          0
71             92             93         2 0.529341367      1          0
72             94             95         1 0.927853651      1          0
73              0              0         0 0.000000000     -1          2
74              0              0         0 0.000000000     -1          1
75              0              0         0 0.000000000     -1          1
76              0              0         0 0.000000000     -1          2
77             96             97         1 0.299891934      1          0
78              0              0         0 0.000000000     -1          1
79             98             99         1 0.311565403      1          0
80            100            101         1 0.092743971      1          0
81            102            103         2 0.510088879      1          0
82            104            105         1 0.428185263      1          0
83              0              0         0 0.000000000     -1          2
84              0              0         0 0.000000000     -1          1
85              0              0         0 0.000000000     -1          1
86            106            107         2 0.088885902      1          0
87              0              0         0 0.000000000     -1          2
88              0              0         0 0.000000000     -1          1
89            108            109         2 0.368137019      1          0
90              0              0         0 0.000000000     -1          1
91            110            111         1 0.701254046      1          0
92            112            113         1 0.821936988      1          0
93            114            115         1 0.845189915      1          0
94            116            117         1 0.909070600      1          0
95              0              0         0 0.000000000     -1          1
96              0              0         0 0.000000000     -1          1
97            118            119         2 0.225059895      1          0
98            120            121         2 0.313093264      1          0
99              0              0         0 0.000000000     -1          2
100             0              0         0 0.000000000     -1          1
101           122            123         2 0.601526332      1          0
102             0              0         0 0.000000000     -1          1
103           124            125         2 0.826449120      1          0
104             0              0         0 0.000000000     -1          2
105             0              0         0 0.000000000     -1          2
106             0              0         0 0.000000000     -1          1
107             0              0         0 0.000000000     -1          1
108             0              0         0 0.000000000     -1          1
109             0              0         0 0.000000000     -1          1
110           126            127         1 0.571305366      1          0
111             0              0         0 0.000000000     -1          2
112             0              0         0 0.000000000     -1          1
113             0              0         0 0.000000000     -1          1
114             0              0         0 0.000000000     -1          1
115             0              0         0 0.000000000     -1          1
116             0              0         0 0.000000000     -1          2
117             0              0         0 0.000000000     -1          2
118             0              0         0 0.000000000     -1          1
119             0              0         0 0.000000000     -1          2
120             0              0         0 0.000000000     -1          2
121             0              0         0 0.000000000     -1          2
122             0              0         0 0.000000000     -1          2
123             0              0         0 0.000000000     -1          2
124             0              0         0 0.000000000     -1          2
125             0              0         0 0.000000000     -1          2
126             0              0         0 0.000000000     -1          2
127             0              0         0 0.000000000     -1          1
