    left daughter right daughter split var split point status prediction
1               2              3         1 0.627978806      1          0
2               4              5         1 0.340409260      1          0
3               6              7         2 0.709659571      1          0
4               8              9         1 0.036266659      1          0
5              10             11         2 0.322365921      1          0
6              12             13         1 0.984288995      1          0
7              14             15         1 0.953469457      1          0
8              16             17         1 0.026630267      1          0
9              18             19         2 0.260333948      1          0
10             20             21         2 0.005548306      1          0
11             22             23         1 0.343837408      1          0
12             24             25         1 0.925711268      1          0
13              0              0         0 0.000000000     -1          2
14             26             27         1 0.949854239      1          0
15              0              0         0 0.000000000     -1          2
16             28             29         2 0.295290164      1          0
17              0              0         0 0.000000000     -1          1
18             30             31         2 0.027348429      1          0
19             32             33         1 0.182761243      1          0
20              0              0         0 0.000000000     -1          2
21             34             35         2 0.241593618      1          0
22              0              0         0 0.000000000     -1          1
23             36             37         1 0.539231455      1          0
24             38             39         1 0.835302950      1          0
25             40             41         1 0.926837145      1          0
26             42             43         2 0.771288835      1          0
27              0              0         0 0.000000000     -1          1
28              0              0         0 0.000000000     -1          1
29              0              0         0 0.000000000     -1          2
30              0              0         0 0.000000000     -1          2
31             44             45         1 0.229692428      1          0
32             46             47         2 0.936440294      1          0
33             48             49         2 0.296475805      1          0
34             50             51         1 0.605003971      1          0
35             52             53         1 0.414347095      1          0
36             54             55         1 0.411249053      1          0
37             56             57         1 0.545894533      1          0
38             58             59         2 0.101540531      1          0
39             60             61         2 0.679040979      1          0
40              0              0         0 0.000000000     -1          2
41             62             63         2 0.650522407      1          0
42              0              0         0 0.000000000     -1          2
43             64             65         2 0.858950794      1          0
44             66             67         2 0.112296679      1          0
45             68             69         2 0.199491534      1          0
46              0              0         0 0.000000000     -1          2
47              0              0         0 0.000000000     -1          2
48              0              0         0 0.000000000     -1          2
49             70             71         2 0.504370625      1          0
50             72             73         2 0.143306234      1          0
51              0              0         0 0.000000000     -1          2
52              0              0         0 0.000000000     -1          2
53             74             75         1 0.542114400      1          0
54              0              0         0 0.000000000     -1          2
55             76             77         1 0.412744928      1          0
56              0              0         0 0.000000000     -1          1
57             78             79         1 0.594580994      1          0
58             80             81         1 0.708091537      1          0
59             82             83         1 0.669510863      1          0
60             84             85         1 0.837260528      1          0
61              0              0         0 0.000000000     -1          1
62              0              0         0 0.000000000     -1          1
63              0              0         0 0.000000000     -1          2
64              0              0         0 0.000000000     -1          2
65             86             87         1 0.770225672      1          0
66             88             89         2 0.107909896      1          0
67              0              0         0 0.000000000     -1          1
68             90             91         1 0.279225645      1          0
69              0              0         0 0.000000000     -1          2
70             92             93         2 0.316215719      1          0
71             94             95         2 0.510088879      1          0
72             96             97         1 0.385535256      1          0
73              0              0         0 0.000000000     -1          1
74              0              0         0 0.000000000     -1          1
75              0              0         0 0.000000000     -1          1
76              0              0         0 0.000000000     -1          1
77             98             99         1 0.457777127      1          0
78            100            101         2 0.690043984      1          0
79            102            103         1 0.611903772      1          0
80              0              0         0 0.000000000     -1          1
81              0              0         0 0.000000000     -1          1
82            104            105         2 0.657403308      1          0
83            106            107         2 0.366642021      1          0
84              0              0         0 0.000000000     -1          2
85            108            109         2 0.311123588      1          0
86              0              0         0 0.000000000     -1          2
87              0              0         0 0.000000000     -1          2
88            110            111         1 0.161792727      1          0
89              0              0         0 0.000000000     -1          2
90              0              0         0 0.000000000     -1          1
91              0              0         0 0.000000000     -1          1
92              0              0         0 0.000000000     -1          2
93              0              0         0 0.000000000     -1          2
94              0              0         0 0.000000000     -1          1
95            112            113         1 0.260183934      1          0
96              0              0         0 0.000000000     -1          1
97            114            115         1 0.388837434      1          0
98            116            117         2 0.801426361      1          0
99            118            119         2 0.377106661      1          0
100             0              0         0 0.000000000     -1          1
101             0              0         0 0.000000000     -1          2
102             0              0         0 0.000000000     -1          2
103             0              0         0 0.000000000     -1          2
104           120            121         1 0.666688924      1          0
105             0              0         0 0.000000000     -1          2
106           122            123         2 0.359656864      1          0
107             0              0         0 0.000000000     -1          1
108           124            125         1 0.857883625      1          0
109             0              0         0 0.000000000     -1          1
110             0              0         0 0.000000000     -1          1
111             0              0         0 0.000000000     -1          1
112           126            127         2 0.590526332      1          0
113             0              0         0 0.000000000     -1          2
114             0              0         0 0.000000000     -1          2
115             0              0         0 0.000000000     -1          1
116             0              0         0 0.000000000     -1          2
117             0              0         0 0.000000000     -1          2
118             0              0         0 0.000000000     -1          2
119             0              0         0 0.000000000     -1          2
120             0              0         0 0.000000000     -1          1
121             0              0         0 0.000000000     -1          2
122             0              0         0 0.000000000     -1          1
123             0              0         0 0.000000000     -1          2
124             0              0         0 0.000000000     -1          1
125             0              0         0 0.000000000     -1          1
126             0              0         0 0.000000000     -1          2
127             0              0         0 0.000000000     -1          2
