    left daughter right daughter split var split point status prediction
1               2              3         1  0.51029438      1          0
2               4              5         1  0.38307183      1          0
3               6              7         2  0.71035040      1          0
4               8              9         2  0.26033395      1          0
5              10             11         2  0.36753367      1          0
6              12             13         2  0.33247269      1          0
7              14             15         1  0.71089438      1          0
8              16             17         2  0.12240143      1          0
9              18             19         2  0.31356418      1          0
10             20             21         2  0.14694157      1          0
11             22             23         1  0.42603295      1          0
12             24             25         1  0.97294459      1          0
13             26             27         1  0.66951086      1          0
14             28             29         1  0.65678376      1          0
15             30             31         2  0.77465267      1          0
16             32             33         1  0.28932627      1          0
17             34             35         2  0.17842323      1          0
18             36             37         1  0.12424945      1          0
19             38             39         2  0.60204630      1          0
20             40             41         2  0.10204241      1          0
21             42             43         2  0.28256775      1          0
22              0              0         0  0.00000000     -1          2
23             44             45         1  0.42823467      1          0
24             46             47         1  0.88638976      1          0
25              0              0         0  0.00000000     -1          1
26             48             49         1  0.57130537      1          0
27             50             51         2  0.36664202      1          0
28              0              0         0  0.00000000     -1          2
29             52             53         2  0.92369424      1          0
30              0              0         0  0.00000000     -1          1
31             54             55         2  0.94042759      1          0
32             56             57         1  0.25556466      1          0
33              0              0         0  0.00000000     -1          1
34              0              0         0  0.00000000     -1          1
35             58             59         2  0.18762020      1          0
36              0              0         0  0.00000000     -1          1
37             60             61         2  0.31154161      1          0
38             62             63         2  0.36012063      1          0
39             64             65         1  0.27634935      1          0
40              0              0         0  0.00000000     -1          1
41              0              0         0  0.00000000     -1          1
42              0              0         0  0.00000000     -1          1
43              0              0         0  0.00000000     -1          1
44              0              0         0  0.00000000     -1          1
45             66             67         1  0.43777433      1          0
46             68             69         1  0.72736225      1          0
47             70             71         2  0.13080642      1          0
48              0              0         0  0.00000000     -1          2
49             72             73         2  0.54194717      1          0
50              0              0         0  0.00000000     -1          2
51             74             75         1  0.95410986      1          0
52              0              0         0  0.00000000     -1          2
53              0              0         0  0.00000000     -1          2
54             76             77         1  0.73198891      1          0
55             78             79         1  0.93639250      1          0
56             80             81         1  0.16485749      1          0
57              0              0         0  0.00000000     -1          2
58              0              0         0  0.00000000     -1          2
59             82             83         2  0.24739415      1          0
60             84             85         2  0.29290474      1          0
61              0              0         0  0.00000000     -1          1
62             86             87         1  0.21918758      1          0
63             88             89         2  0.46787102      1          0
64             90             91         1  0.27346305      1          0
65             92             93         1  0.31003825      1          0
66              0              0         0  0.00000000     -1          2
67             94             95         1  0.48077589      1          0
68             96             97         1  0.71308955      1          0
69              0              0         0  0.00000000     -1          1
70              0              0         0  0.00000000     -1          1
71              0              0         0  0.00000000     -1          1
72             98             99         2  0.52549053      1          0
73            100            101         1  0.62300148      1          0
74            102            103         2  0.46613687      1          0
75              0              0         0  0.00000000     -1          1
76              0              0         0  0.00000000     -1          1
77            104            105         1  0.98265813      1          0
78              0              0         0  0.00000000     -1          2
79              0              0         0  0.00000000     -1          2
80            106            107         2  0.10624771      1          0
81              0              0         0  0.00000000     -1          1
82            108            109         1  0.32615681      1          0
83              0              0         0  0.00000000     -1          1
84              0              0         0  0.00000000     -1          2
85              0              0         0  0.00000000     -1          2
86              0              0         0  0.00000000     -1          2
87              0              0         0  0.00000000     -1          2
88            110            111         1  0.30744161      1          0
89              0              0         0  0.00000000     -1          2
90            112            113         1  0.04195187      1          0
91              0              0         0  0.00000000     -1          1
92              0              0         0  0.00000000     -1          2
93            114            115         2  0.63252790      1          0
94              0              0         0  0.00000000     -1          2
95              0              0         0  0.00000000     -1          2
96            116            117         2  0.03008894      1          0
97              0              0         0  0.00000000     -1          2
98              0              0         0  0.00000000     -1          1
99              0              0         0  0.00000000     -1          2
100             0              0         0  0.00000000     -1          1
101             0              0         0  0.00000000     -1          1
102             0              0         0  0.00000000     -1          1
103           118            119         2  0.47193531      1          0
104           120            121         2  0.86315531      1          0
105             0              0         0  0.00000000     -1          1
106           122            123         2  0.05865940      1          0
107             0              0         0  0.00000000     -1          1
108             0              0         0  0.00000000     -1          1
109             0              0         0  0.00000000     -1          1
110             0              0         0  0.00000000     -1          2
111             0              0         0  0.00000000     -1          2
112           124            125         1  0.03512320      1          0
113           126            127         1  0.09045625      1          0
114             0              0         0  0.00000000     -1          1
115             0              0         0  0.00000000     -1          2
116             0              0         0  0.00000000     -1          1
117             0              0         0  0.00000000     -1          1
118             0              0         0  0.00000000     -1          2
119             0              0         0  0.00000000     -1          1
120             0              0         0  0.00000000     -1          2
121             0              0         0  0.00000000     -1          2
122             0              0         0  0.00000000     -1          1
123             0              0         0  0.00000000     -1          1
124             0              0         0  0.00000000     -1          2
125             0              0         0  0.00000000     -1          1
126             0              0         0  0.00000000     -1          2
127             0              0         0  0.00000000     -1          2
