    left daughter right daughter split var split point status prediction
1               2              3         2  0.32963416      1          0
2               4              5         2  0.25947206      1          0
3               6              7         2  0.71231151      1          0
4               8              9         1  0.08632438      1          0
5              10             11         1  0.38127457      1          0
6              12             13         1  0.52464326      1          0
7              14             15         2  0.78131597      1          0
8               0              0         0  0.00000000     -1          1
9              16             17         2  0.11613286      1          0
10             18             19         1  0.03746868      1          0
11             20             21         1  0.43757927      1          0
12             22             23         1  0.21352345      1          0
13             24             25         1  0.66951086      1          0
14             26             27         1  0.79946461      1          0
15             28             29         2  0.93856940      1          0
16             30             31         1  0.98320751      1          0
17             32             33         2  0.18244845      1          0
18              0              0         0  0.00000000     -1          1
19             34             35         2  0.31154161      1          0
20              0              0         0  0.00000000     -1          1
21             36             37         2  0.30451642      1          0
22             38             39         2  0.62486909      1          0
23             40             41         1  0.21425906      1          0
24             42             43         1  0.65313445      1          0
25             44             45         1  0.97355024      1          0
26             46             47         1  0.04393754      1          0
27              0              0         0  0.00000000     -1          1
28             48             49         2  0.93768737      1          0
29             50             51         2  0.99105385      1          0
30             52             53         1  0.14876251      1          0
31              0              0         0  0.00000000     -1          2
32             54             55         2  0.14330623      1          0
33             56             57         2  0.18507192      1          0
34              0              0         0  0.00000000     -1          2
35              0              0         0  0.00000000     -1          1
36              0              0         0  0.00000000     -1          1
37             58             59         1  0.82894919      1          0
38              0              0         0  0.00000000     -1          2
39             60             61         2  0.62754265      1          0
40              0              0         0  0.00000000     -1          1
41             62             63         1  0.31775579      1          0
42             64             65         2  0.60182637      1          0
43              0              0         0  0.00000000     -1          2
44             66             67         2  0.35834933      1          0
45              0              0         0  0.00000000     -1          2
46              0              0         0  0.00000000     -1          1
47             68             69         2  0.77803683      1          0
48             70             71         1  0.55842106      1          0
49              0              0         0  0.00000000     -1          1
50              0              0         0  0.00000000     -1          2
51              0              0         0  0.00000000     -1          2
52              0              0         0  0.00000000     -1          1
53             72             73         2  0.01639486      1          0
54             74             75         2  0.14228111      1          0
55              0              0         0  0.00000000     -1          1
56              0              0         0  0.00000000     -1          2
57             76             77         1  0.54722346      1          0
58              0              0         0  0.00000000     -1          1
59              0              0         0  0.00000000     -1          1
60              0              0         0  0.00000000     -1          1
61              0              0         0  0.00000000     -1          2
62             78             79         2  0.45703750      1          0
63             80             81         1  0.42488439      1          0
64             82             83         2  0.33728185      1          0
65             84             85         2  0.60812530      1          0
66              0              0         0  0.00000000     -1          2
67             86             87         1  0.70616784      1          0
68             88             89         1  0.26238820      1          0
69              0              0         0  0.00000000     -1          2
70             90             91         2  0.82460558      1          0
71             92             93         1  0.76271613      1          0
72              0              0         0  0.00000000     -1          1
73             94             95         1  0.37591122      1          0
74              0              0         0  0.00000000     -1          1
75              0              0         0  0.00000000     -1          2
76             96             97         1  0.51967823      1          0
77              0              0         0  0.00000000     -1          1
78              0              0         0  0.00000000     -1          2
79             98             99         2  0.46787102      1          0
80              0              0         0  0.00000000     -1          2
81            100            101         1  0.42925435      1          0
82              0              0         0  0.00000000     -1          2
83            102            103         2  0.40537131      1          0
84              0              0         0  0.00000000     -1          2
85              0              0         0  0.00000000     -1          1
86              0              0         0  0.00000000     -1          1
87            104            105         1  0.83383983      1          0
88            106            107         1  0.25013708      1          0
89              0              0         0  0.00000000     -1          2
90              0              0         0  0.00000000     -1          2
91            108            109         1  0.54747476      1          0
92              0              0         0  0.00000000     -1          2
93            110            111         2  0.86392521      1          0
94            112            113         2  0.07935744      1          0
95            114            115         2  0.09753229      1          0
96            116            117         1  0.23145618      1          0
97              0              0         0  0.00000000     -1          2
98              0              0         0  0.00000000     -1          1
99            118            119         2  0.67292666      1          0
100             0              0         0  0.00000000     -1          1
101           120            121         1  0.43817384      1          0
102             0              0         0  0.00000000     -1          1
103             0              0         0  0.00000000     -1          1
104             0              0         0  0.00000000     -1          1
105           122            123         1  0.84186261      1          0
106             0              0         0  0.00000000     -1          2
107             0              0         0  0.00000000     -1          1
108           124            125         2  0.82643161      1          0
109             0              0         0  0.00000000     -1          1
110             0              0         0  0.00000000     -1          2
111             0              0         0  0.00000000     -1          2
112           126            127         2  0.03564494      1          0
113             0              0         0  0.00000000     -1          1
114             0              0         0  0.00000000     -1          1
115             0              0         0  0.00000000     -1          1
116             0              0         0  0.00000000     -1          1
117             0              0         0  0.00000000     -1          1
118             0              0         0  0.00000000     -1          2
119             0              0         0  0.00000000     -1          1
120             0              0         0  0.00000000     -1          2
121             0              0         0  0.00000000     -1          2
122             0              0         0  0.00000000     -1          2
123             0              0         0  0.00000000     -1          1
124             0              0         0  0.00000000     -1          1
125             0              0         0  0.00000000     -1          2
126             0              0         0  0.00000000     -1          1
127             0              0         0  0.00000000     -1          1
