    left daughter right daughter split var split point status prediction
1               2              3         2 0.283908596      1          0
2               4              5         1 0.353443993      1          0
3               6              7         1 0.510294379      1          0
4               8              9         1 0.338873582      1          0
5              10             11         1 0.886389755      1          0
6              12             13         1 0.038159313      1          0
7              14             15         1 0.801323661      1          0
8              16             17         2 0.178423229      1          0
9               0              0         0 0.000000000     -1          2
10             18             19         2 0.005548306      1          0
11             20             21         2 0.139115307      1          0
12              0              0         0 0.000000000     -1          2
13             22             23         1 0.039193296      1          0
14             24             25         2 0.706507447      1          0
15             26             27         1 0.972526243      1          0
16             28             29         2 0.061529023      1          0
17             30             31         2 0.187620203      1          0
18              0              0         0 0.000000000     -1          2
19             32             33         2 0.143306234      1          0
20              0              0         0 0.000000000     -1          1
21             34             35         1 0.891201540      1          0
22              0              0         0 0.000000000     -1          1
23             36             37         2 0.314413378      1          0
24             38             39         2 0.595950143      1          0
25             40             41         1 0.686991162      1          0
26             42             43         2 0.790768497      1          0
27              0              0         0 0.000000000     -1          2
28             44             45         2 0.053469854      1          0
29             46             47         2 0.112263971      1          0
30              0              0         0 0.000000000     -1          2
31             48             49         2 0.247492342      1          0
32             50             51         2 0.140101196      1          0
33              0              0         0 0.000000000     -1          1
34              0              0         0 0.000000000     -1          2
35             52             53         2 0.245545889      1          0
36             54             55         1 0.072603121      1          0
37             56             57         2 0.462095179      1          0
38             58             59         2 0.416457579      1          0
39             60             61         2 0.665664920      1          0
40             62             63         1 0.558421057      1          0
41             64             65         2 0.939078637      1          0
42             66             67         1 0.918042235      1          0
43             68             69         1 0.817585107      1          0
44             70             71         2 0.026246738      1          0
45              0              0         0 0.000000000     -1          2
46              0              0         0 0.000000000     -1          1
47              0              0         0 0.000000000     -1          1
48             72             73         2 0.238810391      1          0
49              0              0         0 0.000000000     -1          1
50             74             75         1 0.503641092      1          0
51              0              0         0 0.000000000     -1          2
52              0              0         0 0.000000000     -1          1
53              0              0         0 0.000000000     -1          1
54              0              0         0 0.000000000     -1          1
55             76             77         1 0.203877949      1          0
56             78             79         2 0.358024436      1          0
57             80             81         2 0.476592995      1          0
58             82             83         2 0.405769908      1          0
59             84             85         1 0.611815518      1          0
60             86             87         2 0.657440752      1          0
61              0              0         0 0.000000000     -1          1
62              0              0         0 0.000000000     -1          2
63              0              0         0 0.000000000     -1          2
64             88             89         1 0.698209530      1          0
65              0              0         0 0.000000000     -1          2
66             90             91         1 0.859381880      1          0
67             92             93         2 0.650522407      1          0
68              0              0         0 0.000000000     -1          1
69             94             95         2 0.861911993      1          0
70              0              0         0 0.000000000     -1          1
71              0              0         0 0.000000000     -1          1
72              0              0         0 0.000000000     -1          1
73              0              0         0 0.000000000     -1          2
74              0              0         0 0.000000000     -1          1
75             96             97         2 0.104148621      1          0
76              0              0         0 0.000000000     -1          2
77              0              0         0 0.000000000     -1          2
78             98             99         1 0.349057983      1          0
79              0              0         0 0.000000000     -1          2
80              0              0         0 0.000000000     -1          1
81            100            101         1 0.342084109      1          0
82            102            103         2 0.332867138      1          0
83              0              0         0 0.000000000     -1          2
84              0              0         0 0.000000000     -1          1
85              0              0         0 0.000000000     -1          1
86            104            105         2 0.597365644      1          0
87              0              0         0 0.000000000     -1          2
88              0              0         0 0.000000000     -1          1
89            106            107         1 0.797302788      1          0
90              0              0         0 0.000000000     -1          1
91            108            109         2 0.315318790      1          0
92            110            111         2 0.458460614      1          0
93              0              0         0 0.000000000     -1          2
94              0              0         0 0.000000000     -1          2
95              0              0         0 0.000000000     -1          2
96            112            113         2 0.094846098      1          0
97              0              0         0 0.000000000     -1          1
98              0              0         0 0.000000000     -1          2
99              0              0         0 0.000000000     -1          1
100           114            115         2 0.574896242      1          0
101           116            117         1 0.426032953      1          0
102             0              0         0 0.000000000     -1          1
103           118            119         1 0.793507531      1          0
104             0              0         0 0.000000000     -1          2
105           120            121         2 0.653868680      1          0
106           122            123         1 0.772687999      1          0
107             0              0         0 0.000000000     -1          1
108             0              0         0 0.000000000     -1          2
109           124            125         2 0.411715567      1          0
110             0              0         0 0.000000000     -1          1
111             0              0         0 0.000000000     -1          1
112           126            127         1 0.576387671      1          0
113             0              0         0 0.000000000     -1          2
114             0              0         0 0.000000000     -1          2
115             0              0         0 0.000000000     -1          2
116             0              0         0 0.000000000     -1          2
117             0              0         0 0.000000000     -1          2
118             0              0         0 0.000000000     -1          1
119             0              0         0 0.000000000     -1          2
120             0              0         0 0.000000000     -1          1
121             0              0         0 0.000000000     -1          1
122             0              0         0 0.000000000     -1          2
123             0              0         0 0.000000000     -1          2
124             0              0         0 0.000000000     -1          1
125             0              0         0 0.000000000     -1          1
126             0              0         0 0.000000000     -1          1
127             0              0         0 0.000000000     -1          1
