    left daughter right daughter split var split point status prediction
1               2              3         2 0.287970720      1          0
2               4              5         1 0.311993087      1          0
3               6              7         1 0.534107464      1          0
4               8              9         1 0.244280844      1          0
5              10             11         2 0.005548306      1          0
6              12             13         2 0.313093264      1          0
7              14             15         2 0.707253294      1          0
8              16             17         1 0.069096337      1          0
9               0              0         0 0.000000000     -1          2
10              0              0         0 0.000000000     -1          2
11             18             19         1 0.983207506      1          0
12             20             21         1 0.414347095      1          0
13             22             23         1 0.257190735      1          0
14             24             25         2 0.639003502      1          0
15             26             27         2 0.939853657      1          0
16              0              0         0 0.000000000     -1          1
17             28             29         1 0.074319650      1          0
18             30             31         1 0.370670555      1          0
19              0              0         0 0.000000000     -1          2
20             32             33         2 0.311541614      1          0
21              0              0         0 0.000000000     -1          1
22             34             35         2 0.574893542      1          0
23             36             37         2 0.664778513      1          0
24             38             39         2 0.332163963      1          0
25             40             41         2 0.642681077      1          0
26             42             43         2 0.898281065      1          0
27              0              0         0 0.000000000     -1          2
28              0              0         0 0.000000000     -1          2
29             44             45         2 0.276865318      1          0
30              0              0         0 0.000000000     -1          1
31             46             47         1 0.972944585      1          0
32             48             49         1 0.062318490      1          0
33              0              0         0 0.000000000     -1          1
34              0              0         0 0.000000000     -1          2
35             50             51         1 0.039193296      1          0
36             52             53         1 0.525423140      1          0
37             54             55         1 0.276117179      1          0
38              0              0         0 0.000000000     -1          1
39             56             57         2 0.376431111      1          0
40              0              0         0 0.000000000     -1          2
41             58             59         2 0.694175094      1          0
42             60             61         1 0.983718788      1          0
43             62             63         1 0.656783757      1          0
44             64             65         1 0.148762508      1          0
45              0              0         0 0.000000000     -1          2
46             66             67         2 0.145370301      1          0
47              0              0         0 0.000000000     -1          1
48              0              0         0 0.000000000     -1          1
49              0              0         0 0.000000000     -1          2
50             68             69         1 0.038146567      1          0
51             70             71         1 0.222201456      1          0
52             72             73         2 0.482388528      1          0
53              0              0         0 0.000000000     -1          1
54              0              0         0 0.000000000     -1          1
55             74             75         1 0.435149785      1          0
56              0              0         0 0.000000000     -1          1
57             76             77         2 0.515877365      1          0
58             78             79         1 0.554055560      1          0
59              0              0         0 0.000000000     -1          1
60             80             81         1 0.799464615      1          0
61              0              0         0 0.000000000     -1          1
62              0              0         0 0.000000000     -1          2
63              0              0         0 0.000000000     -1          1
64             82             83         1 0.131693816      1          0
65             84             85         2 0.207859946      1          0
66             86             87         2 0.144504482      1          0
67              0              0         0 0.000000000     -1          1
68              0              0         0 0.000000000     -1          2
69              0              0         0 0.000000000     -1          1
70              0              0         0 0.000000000     -1          2
71             88             89         1 0.224181081      1          0
72             90             91         1 0.482848242      1          0
73             92             93         2 0.591773106      1          0
74             94             95         2 0.932531633      1          0
75             96             97         2 0.681585762      1          0
76             98             99         1 0.924608045      1          0
77            100            101         2 0.518121501      1          0
78              0              0         0 0.000000000     -1          2
79            102            103         1 0.922228460      1          0
80            104            105         1 0.558421057      1          0
81            106            107         1 0.820615300      1          0
82              0              0         0 0.000000000     -1          1
83              0              0         0 0.000000000     -1          2
84              0              0         0 0.000000000     -1          1
85              0              0         0 0.000000000     -1          1
86            108            109         2 0.082777721      1          0
87              0              0         0 0.000000000     -1          2
88              0              0         0 0.000000000     -1          1
89              0              0         0 0.000000000     -1          2
90            110            111         1 0.316743911      1          0
91              0              0         0 0.000000000     -1          1
92              0              0         0 0.000000000     -1          2
93            112            113         2 0.592520726      1          0
94              0              0         0 0.000000000     -1          2
95              0              0         0 0.000000000     -1          2
96              0              0         0 0.000000000     -1          1
97            114            115         1 0.437802950      1          0
98              0              0         0 0.000000000     -1          1
99              0              0         0 0.000000000     -1          1
100             0              0         0 0.000000000     -1          2
101           116            117         2 0.534112993      1          0
102           118            119         1 0.657790884      1          0
103             0              0         0 0.000000000     -1          2
104             0              0         0 0.000000000     -1          2
105           120            121         2 0.771288835      1          0
106             0              0         0 0.000000000     -1          1
107           122            123         2 0.783999488      1          0
108           124            125         1 0.576387671      1          0
109           126            127         1 0.627438553      1          0
110             0              0         0 0.000000000     -1          2
111             0              0         0 0.000000000     -1          2
112             0              0         0 0.000000000     -1          1
113             0              0         0 0.000000000     -1          2
114             0              0         0 0.000000000     -1          1
115             0              0         0 0.000000000     -1          2
116             0              0         0 0.000000000     -1          1
117             0              0         0 0.000000000     -1          1
118             0              0         0 0.000000000     -1          1
119             0              0         0 0.000000000     -1          1
120             0              0         0 0.000000000     -1          2
121             0              0         0 0.000000000     -1          2
122             0              0         0 0.000000000     -1          1
123             0              0         0 0.000000000     -1          2
124             0              0         0 0.000000000     -1          1
125             0              0         0 0.000000000     -1          1
126             0              0         0 0.000000000     -1          1
127             0              0         0 0.000000000     -1          1
