    left daughter right daughter split var split point status prediction
1               2              3         2 0.361153878      1          0
2               4              5         2 0.282727781      1          0
3               6              7         2 0.709023204      1          0
4               8              9         2 0.177957542      1          0
5              10             11         1 0.464015669      1          0
6              12             13         1 0.571305366      1          0
7              14             15         1 0.662318939      1          0
8              16             17         1 0.627438553      1          0
9              18             19         2 0.181635369      1          0
10             20             21         2 0.357923404      1          0
11             22             23         2 0.355459381      1          0
12             24             25         2 0.666131760      1          0
13             26             27         1 0.659256895      1          0
14             28             29         2 0.938237143      1          0
15             30             31         1 0.667361663      1          0
16             32             33         1 0.600474966      1          0
17             34             35         2 0.019017149      1          0
18              0              0         0 0.000000000     -1          2
19             36             37         2 0.268790568      1          0
20             38             39         1 0.190489767      1          0
21              0              0         0 0.000000000     -1          1
22              0              0         0 0.000000000     -1          1
23              0              0         0 0.000000000     -1          1
24             40             41         2 0.535274701      1          0
25             42             43         1 0.266875098      1          0
26             44             45         2 0.679061945      1          0
27             46             47         1 0.832063981      1          0
28             48             49         1 0.045978578      1          0
29              0              0         0 0.000000000     -1          2
30              0              0         0 0.000000000     -1          1
31             50             51         2 0.774523409      1          0
32             52             53         2 0.005548306      1          0
33              0              0         0 0.000000000     -1          2
34              0              0         0 0.000000000     -1          1
35             54             55         1 0.872281169      1          0
36             56             57         2 0.259472063      1          0
37              0              0         0 0.000000000     -1          1
38             58             59         2 0.311356613      1          0
39             60             61         2 0.293144329      1          0
40             62             63         2 0.528002564      1          0
41             64             65         1 0.274293513      1          0
42              0              0         0 0.000000000     -1          2
43              0              0         0 0.000000000     -1          1
44             66             67         1 0.653134452      1          0
45              0              0         0 0.000000000     -1          2
46             68             69         2 0.644975969      1          0
47             70             71         2 0.458460614      1          0
48              0              0         0 0.000000000     -1          2
49             72             73         1 0.155530313      1          0
50              0              0         0 0.000000000     -1          1
51             74             75         2 0.834728651      1          0
52              0              0         0 0.000000000     -1          2
53             76             77         1 0.132002175      1          0
54              0              0         0 0.000000000     -1          1
55             78             79         2 0.139115307      1          0
56             80             81         2 0.247394152      1          0
57              0              0         0 0.000000000     -1          2
58              0              0         0 0.000000000     -1          2
59              0              0         0 0.000000000     -1          2
60              0              0         0 0.000000000     -1          2
61              0              0         0 0.000000000     -1          1
62             82             83         1 0.517695472      1          0
63              0              0         0 0.000000000     -1          1
64              0              0         0 0.000000000     -1          2
65             84             85         1 0.277270318      1          0
66             86             87         1 0.610063010      1          0
67              0              0         0 0.000000000     -1          2
68              0              0         0 0.000000000     -1          1
69              0              0         0 0.000000000     -1          1
70              0              0         0 0.000000000     -1          1
71             88             89         2 0.468610686      1          0
72              0              0         0 0.000000000     -1          2
73             90             91         1 0.158885659      1          0
74              0              0         0 0.000000000     -1          2
75             92             93         2 0.842742755      1          0
76              0              0         0 0.000000000     -1          1
77             94             95         1 0.142230252      1          0
78              0              0         0 0.000000000     -1          1
79              0              0         0 0.000000000     -1          1
80             96             97         1 0.950870091      1          0
81              0              0         0 0.000000000     -1          1
82             98             99         1 0.482848242      1          0
83              0              0         0 0.000000000     -1          1
84              0              0         0 0.000000000     -1          1
85            100            101         2 0.604716245      1          0
86              0              0         0 0.000000000     -1          1
87              0              0         0 0.000000000     -1          1
88              0              0         0 0.000000000     -1          2
89            102            103         2 0.527401172      1          0
90              0              0         0 0.000000000     -1          1
91            104            105         2 0.874028425      1          0
92              0              0         0 0.000000000     -1          1
93            106            107         1 0.817585107      1          0
94              0              0         0 0.000000000     -1          2
95            108            109         2 0.034324558      1          0
96            110            111         1 0.370027364      1          0
97              0              0         0 0.000000000     -1          2
98            112            113         2 0.504902644      1          0
99              0              0         0 0.000000000     -1          2
100           114            115         1 0.319193766      1          0
101             0              0         0 0.000000000     -1          2
102             0              0         0 0.000000000     -1          1
103           116            117         2 0.679040979      1          0
104           118            119         1 0.460308889      1          0
105           120            121         1 0.169529363      1          0
106           122            123         2 0.941692664      1          0
107             0              0         0 0.000000000     -1          2
108             0              0         0 0.000000000     -1          1
109           124            125         1 0.507256698      1          0
110           126            127         2 0.239570372      1          0
111             0              0         0 0.000000000     -1          1
112             0              0         0 0.000000000     -1          2
113             0              0         0 0.000000000     -1          2
114             0              0         0 0.000000000     -1          1
115             0              0         0 0.000000000     -1          2
116             0              0         0 0.000000000     -1          1
117             0              0         0 0.000000000     -1          2
118             0              0         0 0.000000000     -1          2
119             0              0         0 0.000000000     -1          2
120             0              0         0 0.000000000     -1          1
121             0              0         0 0.000000000     -1          2
122             0              0         0 0.000000000     -1          1
123             0              0         0 0.000000000     -1          2
124             0              0         0 0.000000000     -1          1
125             0              0         0 0.000000000     -1          1
126             0              0         0 0.000000000     -1          1
127             0              0         0 0.000000000     -1          2
