    left daughter right daughter split var split point status prediction
1               2              3         1  0.51907786      1          0
2               4              5         1  0.22385870      1          0
3               6              7         2  0.71679568      1          0
4               8              9         1  0.21681844      1          0
5              10             11         1  0.31062599      1          0
6              12             13         2  0.60616972      1          0
7              14             15         1  0.68699116      1          0
8              16             17         1  0.19501439      1          0
9               0              0         0  0.00000000     -1          1
10             18             19         2  0.19949153      1          0
11             20             21         1  0.32435631      1          0
12             22             23         2  0.45846061      1          0
13             24             25         2  0.60819801      1          0
14              0              0         0  0.00000000     -1          2
15             26             27         2  0.73813940      1          0
16             28             29         1  0.19257924      1          0
17             30             31         2  0.28548514      1          0
18              0              0         0  0.00000000     -1          1
19             32             33         1  0.27350617      1          0
20              0              0         0  0.00000000     -1          1
21             34             35         2  0.28209708      1          0
22             36             37         2  0.08261241      1          0
23             38             39         2  0.47003843      1          0
24              0              0         0  0.00000000     -1          2
25             40             41         2  0.64096780      1          0
26              0              0         0  0.00000000     -1          1
27             42             43         2  0.93706172      1          0
28             44             45         2  0.28363533      1          0
29              0              0         0  0.00000000     -1          1
30              0              0         0  0.00000000     -1          1
31              0              0         0  0.00000000     -1          2
32             46             47         2  0.52167051      1          0
33             48             49         1  0.27597285      1          0
34             50             51         2  0.10436091      1          0
35             52             53         1  0.48077589      1          0
36              0              0         0  0.00000000     -1          1
37             54             55         2  0.08605547      1          0
38              0              0         0  0.00000000     -1          2
39             56             57         1  0.62239201      1          0
40              0              0         0  0.00000000     -1          1
41             58             59         1  0.57130537      1          0
42             60             61         1  0.69418213      1          0
43              0              0         0  0.00000000     -1          2
44             62             63         2  0.20895320      1          0
45             64             65         2  0.74731870      1          0
46             66             67         1  0.23875092      1          0
47              0              0         0  0.00000000     -1          2
48              0              0         0  0.00000000     -1          1
49             68             69         1  0.27649146      1          0
50             70             71         2  0.07551231      1          0
51             72             73         2  0.14211871      1          0
52             74             75         1  0.41176356      1          0
53             76             77         1  0.51180638      1          0
54              0              0         0  0.00000000     -1          2
55             78             79         1  0.92539047      1          0
56              0              0         0  0.00000000     -1          1
57             80             81         1  0.97355024      1          0
58              0              0         0  0.00000000     -1          2
59             82             83         1  0.92222846      1          0
60              0              0         0  0.00000000     -1          1
61             84             85         1  0.71089438      1          0
62             86             87         2  0.11153866      1          0
63              0              0         0  0.00000000     -1          1
64             88             89         2  0.31297991      1          0
65             90             91         1  0.04467417      1          0
66              0              0         0  0.00000000     -1          2
67              0              0         0  0.00000000     -1          2
68              0              0         0  0.00000000     -1          2
69             92             93         1  0.29576834      1          0
70             94             95         1  0.34660557      1          0
71              0              0         0  0.00000000     -1          2
72              0              0         0  0.00000000     -1          1
73              0              0         0  0.00000000     -1          1
74             96             97         1  0.34208411      1          0
75             98             99         2  0.52699469      1          0
76            100            101         2  0.70617008      1          0
77              0              0         0  0.00000000     -1          2
78            102            103         2  0.09961696      1          0
79            104            105         2  0.17131140      1          0
80            106            107         2  0.51812150      1          0
81              0              0         0  0.00000000     -1          1
82            108            109         1  0.63169895      1          0
83              0              0         0  0.00000000     -1          2
84              0              0         0  0.00000000     -1          2
85            110            111         1  0.71461173      1          0
86              0              0         0  0.00000000     -1          1
87              0              0         0  0.00000000     -1          1
88              0              0         0  0.00000000     -1          2
89            112            113         1  0.09724678      1          0
90              0              0         0  0.00000000     -1          2
91            114            115         1  0.14805855      1          0
92              0              0         0  0.00000000     -1          2
93            116            117         1  0.29777717      1          0
94              0              0         0  0.00000000     -1          2
95              0              0         0  0.00000000     -1          1
96              0              0         0  0.00000000     -1          2
97              0              0         0  0.00000000     -1          2
98              0              0         0  0.00000000     -1          2
99            118            119         1  0.41262363      1          0
100             0              0         0  0.00000000     -1          1
101             0              0         0  0.00000000     -1          2
102             0              0         0  0.00000000     -1          1
103           120            121         2  0.25781823      1          0
104             0              0         0  0.00000000     -1          1
105           122            123         1  0.93306468      1          0
106           124            125         1  0.83170469      1          0
107             0              0         0  0.00000000     -1          1
108             0              0         0  0.00000000     -1          1
109           126            127         1  0.65254691      1          0
110             0              0         0  0.00000000     -1          1
111             0              0         0  0.00000000     -1          2
112             0              0         0  0.00000000     -1          2
113             0              0         0  0.00000000     -1          2
114             0              0         0  0.00000000     -1          2
115             0              0         0  0.00000000     -1          2
116             0              0         0  0.00000000     -1          1
117             0              0         0  0.00000000     -1          2
118             0              0         0  0.00000000     -1          1
119             0              0         0  0.00000000     -1          2
120             0              0         0  0.00000000     -1          1
121             0              0         0  0.00000000     -1          1
122             0              0         0  0.00000000     -1          2
123             0              0         0  0.00000000     -1          1
124             0              0         0  0.00000000     -1          1
125             0              0         0  0.00000000     -1          1
126             0              0         0  0.00000000     -1          2
127             0              0         0  0.00000000     -1          1
