    left daughter right daughter split var split point status prediction
1               2              3         1 0.502449427      1          0
2               4              5         1 0.002186996      1          0
3               6              7         1 0.805828213      1          0
4               0              0         0 0.000000000     -1          1
5               8              9         1 0.490484482      1          0
6              10             11         1 0.736482660      1          0
7              12             13         1 0.985661574      1          0
8              14             15         2 0.254710134      1          0
9               0              0         0 0.000000000     -1          2
10             16             17         1 0.722998499      1          0
11             18             19         1 0.764865640      1          0
12             20             21         2 0.776043090      1          0
13              0              0         0 0.000000000     -1          1
14             22             23         2 0.102085716      1          0
15             24             25         1 0.445490852      1          0
16             26             27         2 0.671388986      1          0
17              0              0         0 0.000000000     -1          1
18              0              0         0 0.000000000     -1          2
19             28             29         2 0.762715181      1          0
20             30             31         2 0.302496551      1          0
21             32             33         1 0.971613959      1          0
22             34             35         1 0.198792481      1          0
23             36             37         2 0.208289318      1          0
24             38             39         1 0.282145290      1          0
25             40             41         1 0.446593868      1          0
26             42             43         1 0.712818660      1          0
27             44             45         2 0.883979421      1          0
28             46             47         1 0.805199005      1          0
29              0              0         0 0.000000000     -1          2
30             48             49         1 0.960816009      1          0
31             50             51         2 0.455692925      1          0
32             52             53         1 0.955504216      1          0
33              0              0         0 0.000000000     -1          2
34             54             55         2 0.015066291      1          0
35              0              0         0 0.000000000     -1          1
36             56             57         2 0.198789471      1          0
37             58             59         2 0.228324297      1          0
38             60             61         1 0.279541217      1          0
39             62             63         1 0.358466276      1          0
40              0              0         0 0.000000000     -1          1
41             64             65         2 0.387866664      1          0
42             66             67         1 0.552439471      1          0
43              0              0         0 0.000000000     -1          1
44             68             69         1 0.650285250      1          0
45             70             71         2 0.906505811      1          0
46             72             73         2 0.616594539      1          0
47              0              0         0 0.000000000     -1          2
48             74             75         2 0.239017073      1          0
49              0              0         0 0.000000000     -1          1
50              0              0         0 0.000000000     -1          1
51             76             77         2 0.457913708      1          0
52             78             79         1 0.883700912      1          0
53              0              0         0 0.000000000     -1          1
54              0              0         0 0.000000000     -1          1
55              0              0         0 0.000000000     -1          1
56             80             81         2 0.171512574      1          0
57              0              0         0 0.000000000     -1          2
58              0              0         0 0.000000000     -1          1
59              0              0         0 0.000000000     -1          1
60             82             83         2 0.261109984      1          0
61              0              0         0 0.000000000     -1          1
62             84             85         1 0.356518695      1          0
63              0              0         0 0.000000000     -1          2
64              0              0         0 0.000000000     -1          1
65             86             87         1 0.465431859      1          0
66             88             89         1 0.549571266      1          0
67             90             91         1 0.690638186      1          0
68              0              0         0 0.000000000     -1          2
69             92             93         2 0.848109636      1          0
70              0              0         0 0.000000000     -1          1
71             94             95         2 0.969170447      1          0
72             96             97         2 0.552070218      1          0
73              0              0         0 0.000000000     -1          1
74             98             99         1 0.899759223      1          0
75              0              0         0 0.000000000     -1          2
76              0              0         0 0.000000000     -1          2
77            100            101         1 0.978613774      1          0
78              0              0         0 0.000000000     -1          2
79              0              0         0 0.000000000     -1          2
80            102            103         1 0.273962001      1          0
81              0              0         0 0.000000000     -1          1
82              0              0         0 0.000000000     -1          1
83            104            105         1 0.259399974      1          0
84            106            107         2 0.681876934      1          0
85              0              0         0 0.000000000     -1          1
86              0              0         0 0.000000000     -1          2
87              0              0         0 0.000000000     -1          2
88            108            109         2 0.481017384      1          0
89              0              0         0 0.000000000     -1          2
90            110            111         1 0.688628271      1          0
91              0              0         0 0.000000000     -1          1
92              0              0         0 0.000000000     -1          2
93              0              0         0 0.000000000     -1          2
94              0              0         0 0.000000000     -1          2
95              0              0         0 0.000000000     -1          2
96            112            113         2 0.479257573      1          0
97              0              0         0 0.000000000     -1          2
98            114            115         1 0.864614877      1          0
99              0              0         0 0.000000000     -1          1
100           116            117         2 0.742056195      1          0
101             0              0         0 0.000000000     -1          2
102           118            119         1 0.185912123      1          0
103           120            121         1 0.388472648      1          0
104           122            123         1 0.206960743      1          0
105           124            125         2 0.376435017      1          0
106           126            127         1 0.310288162      1          0
107             0              0         0 0.000000000     -1          2
108             0              0         0 0.000000000     -1          1
109             0              0         0 0.000000000     -1          1
110             0              0         0 0.000000000     -1          1
111             0              0         0 0.000000000     -1          2
112             0              0         0 0.000000000     -1          1
113             0              0         0 0.000000000     -1          1
114             0              0         0 0.000000000     -1          1
115             0              0         0 0.000000000     -1          2
116             0              0         0 0.000000000     -1          1
117             0              0         0 0.000000000     -1          1
118             0              0         0 0.000000000     -1          1
119             0              0         0 0.000000000     -1          1
120             0              0         0 0.000000000     -1          2
121             0              0         0 0.000000000     -1          1
122             0              0         0 0.000000000     -1          2
123             0              0         0 0.000000000     -1          2
124             0              0         0 0.000000000     -1          1
125             0              0         0 0.000000000     -1          2
126             0              0         0 0.000000000     -1          2
127             0              0         0 0.000000000     -1          2
