    left daughter right daughter split var split point status prediction
1               2              3         2 0.263545032      1          0
2               4              5         1 0.363171245      1          0
3               6              7         2 0.799180576      1          0
4               8              9         2 0.029698327      1          0
5              10             11         2 0.059290915      1          0
6              12             13         1 0.506100245      1          0
7              14             15         1 0.002186996      1          0
8               0              0         0 0.000000000     -1          1
9              16             17         1 0.355991353      1          0
10             18             19         1 0.667669255      1          0
11             20             21         2 0.185433242      1          0
12             22             23         1 0.248583304      1          0
13             24             25         2 0.712377803      1          0
14              0              0         0 0.000000000     -1          1
15             26             27         2 0.873466715      1          0
16             28             29         2 0.199253738      1          0
17              0              0         0 0.000000000     -1          2
18              0              0         0 0.000000000     -1          1
19             30             31         2 0.056044953      1          0
20             32             33         2 0.116148628      1          0
21             34             35         2 0.187682905      1          0
22             36             37         1 0.107098790      1          0
23             38             39         2 0.377337753      1          0
24             40             41         1 0.552439471      1          0
25             42             43         2 0.782294745      1          0
26             44             45         2 0.828401764      1          0
27             46             47         1 0.868341820      1          0
28             48             49         2 0.171512574      1          0
29             50             51         1 0.052500025      1          0
30             52             53         1 0.777256782      1          0
31              0              0         0 0.000000000     -1          2
32              0              0         0 0.000000000     -1          1
33             54             55         1 0.881753655      1          0
34              0              0         0 0.000000000     -1          2
35             56             57         2 0.239017073      1          0
36             58             59         1 0.101865264      1          0
37             60             61         2 0.792997374      1          0
38             62             63         2 0.368761954      1          0
39             64             65         1 0.251520637      1          0
40             66             67         2 0.298961200      1          0
41             68             69         2 0.271414938      1          0
42             70             71         1 0.739427556      1          0
43              0              0         0 0.000000000     -1          1
44             72             73         1 0.415739136      1          0
45              0              0         0 0.000000000     -1          2
46             74             75         1 0.239839065      1          0
47             76             77         2 0.980767049      1          0
48             78             79         2 0.170242369      1          0
49              0              0         0 0.000000000     -1          1
50              0              0         0 0.000000000     -1          2
51             80             81         1 0.150585106      1          0
52              0              0         0 0.000000000     -1          1
53              0              0         0 0.000000000     -1          1
54              0              0         0 0.000000000     -1          1
55              0              0         0 0.000000000     -1          1
56              0              0         0 0.000000000     -1          1
57              0              0         0 0.000000000     -1          1
58             82             83         2 0.697506750      1          0
59              0              0         0 0.000000000     -1          1
60             84             85         1 0.122304795      1          0
61              0              0         0 0.000000000     -1          1
62             86             87         1 0.462814868      1          0
63              0              0         0 0.000000000     -1          1
64              0              0         0 0.000000000     -1          1
65             88             89         2 0.544152123      1          0
66              0              0         0 0.000000000     -1          2
67             90             91         2 0.497983371      1          0
68              0              0         0 0.000000000     -1          2
69             92             93         2 0.456316034      1          0
70             94             95         2 0.777016852      1          0
71              0              0         0 0.000000000     -1          1
72              0              0         0 0.000000000     -1          2
73              0              0         0 0.000000000     -1          2
74             96             97         1 0.166830440      1          0
75             98             99         2 0.874341346      1          0
76            100            101         1 0.972427787      1          0
77              0              0         0 0.000000000     -1          1
78            102            103         1 0.273962001      1          0
79              0              0         0 0.000000000     -1          2
80              0              0         0 0.000000000     -1          1
81              0              0         0 0.000000000     -1          1
82            104            105         2 0.292091426      1          0
83              0              0         0 0.000000000     -1          1
84              0              0         0 0.000000000     -1          2
85            106            107         1 0.220539452      1          0
86            108            109         2 0.312786375      1          0
87              0              0         0 0.000000000     -1          1
88            110            111         2 0.449607614      1          0
89            112            113         1 0.367846234      1          0
90              0              0         0 0.000000000     -1          1
91              0              0         0 0.000000000     -1          2
92            114            115         2 0.295851557      1          0
93            116            117         1 0.585325956      1          0
94              0              0         0 0.000000000     -1          2
95              0              0         0 0.000000000     -1          1
96            118            119         2 0.972312383      1          0
97              0              0         0 0.000000000     -1          1
98              0              0         0 0.000000000     -1          1
99            120            121         2 0.909663235      1          0
100             0              0         0 0.000000000     -1          1
101             0              0         0 0.000000000     -1          2
102           122            123         2 0.115800851      1          0
103             0              0         0 0.000000000     -1          1
104             0              0         0 0.000000000     -1          1
105             0              0         0 0.000000000     -1          2
106             0              0         0 0.000000000     -1          2
107             0              0         0 0.000000000     -1          2
108             0              0         0 0.000000000     -1          2
109             0              0         0 0.000000000     -1          2
110             0              0         0 0.000000000     -1          2
111           124            125         2 0.458343698      1          0
112           126            127         2 0.548878427      1          0
113             0              0         0 0.000000000     -1          2
114             0              0         0 0.000000000     -1          1
115             0              0         0 0.000000000     -1          1
116             0              0         0 0.000000000     -1          1
117             0              0         0 0.000000000     -1          1
118             0              0         0 0.000000000     -1          2
119             0              0         0 0.000000000     -1          2
120             0              0         0 0.000000000     -1          2
121             0              0         0 0.000000000     -1          2
122             0              0         0 0.000000000     -1          1
123             0              0         0 0.000000000     -1          1
124             0              0         0 0.000000000     -1          1
125             0              0         0 0.000000000     -1          2
126             0              0         0 0.000000000     -1          1
127             0              0         0 0.000000000     -1          2
