    left daughter right daughter split var split point status prediction
1               2              3         2  0.29247078      1          0
2               4              5         2  0.12373804      1          0
3               6              7         1  0.58970327      1          0
4               8              9         2  0.01882235      1          0
5              10             11         2  0.17151257      1          0
6              12             13         1  0.50626398      1          0
7              14             15         1  0.62429443      1          0
8              16             17         2  0.01830908      1          0
9              18             19         2  0.08436668      1          0
10             20             21         2  0.17024237      1          0
11             22             23         1  0.55338304      1          0
12             24             25         1  0.35948053      1          0
13             26             27         1  0.54789966      1          0
14             28             29         2  0.97614269      1          0
15             30             31         1  0.64009342      1          0
16             32             33         1  0.22588136      1          0
17              0              0         0  0.00000000     -1          2
18             34             35         2  0.07954710      1          0
19              0              0         0  0.00000000     -1          1
20             36             37         2  0.16511317      1          0
21              0              0         0  0.00000000     -1          2
22             38             39         1  0.46256350      1          0
23             40             41         2  0.26587994      1          0
24             42             43         2  0.94236503      1          0
25              0              0         0  0.00000000     -1          2
26             44             45         1  0.53444739      1          0
27             46             47         1  0.57226101      1          0
28             48             49         1  0.59097681      1          0
29              0              0         0  0.00000000     -1          2
30              0              0         0  0.00000000     -1          2
31             50             51         2  0.79918058      1          0
32              0              0         0  0.00000000     -1          1
33              0              0         0  0.00000000     -1          1
34             52             53         1  0.82474288      1          0
35              0              0         0  0.00000000     -1          2
36             54             55         2  0.16331934      1          0
37              0              0         0  0.00000000     -1          1
38             56             57         2  0.26328382      1          0
39              0              0         0  0.00000000     -1          2
40              0              0         0  0.00000000     -1          1
41             58             59         2  0.27141494      1          0
42             60             61         1  0.35651869      1          0
43              0              0         0  0.00000000     -1          2
44             62             63         1  0.52457715      1          0
45              0              0         0  0.00000000     -1          1
46             64             65         2  0.64775823      1          0
47              0              0         0  0.00000000     -1          2
48              0              0         0  0.00000000     -1          1
49             66             67         2  0.80179030      1          0
50             68             69         2  0.30034004      1          0
51             70             71         2  0.82269523      1          0
52              0              0         0  0.00000000     -1          1
53             72             73         1  0.85118944      1          0
54             74             75         1  0.27396200      1          0
55              0              0         0  0.00000000     -1          2
56             76             77         1  0.04393738      1          0
57              0              0         0  0.00000000     -1          2
58              0              0         0  0.00000000     -1          2
59              0              0         0  0.00000000     -1          1
60             78             79         2  0.94104987      1          0
61              0              0         0  0.00000000     -1          1
62              0              0         0  0.00000000     -1          1
63              0              0         0  0.00000000     -1          2
64              0              0         0  0.00000000     -1          1
65              0              0         0  0.00000000     -1          2
66              0              0         0  0.00000000     -1          1
67              0              0         0  0.00000000     -1          1
68              0              0         0  0.00000000     -1          2
69             80             81         2  0.53715527      1          0
70              0              0         0  0.00000000     -1          2
71             82             83         2  0.82889479      1          0
72              0              0         0  0.00000000     -1          2
73             84             85         2  0.02980838      1          0
74              0              0         0  0.00000000     -1          1
75             86             87         2  0.14731611      1          0
76              0              0         0  0.00000000     -1          1
77             88             89         2  0.19878947      1          0
78             90             91         1  0.10430936      1          0
79              0              0         0  0.00000000     -1          1
80              0              0         0  0.00000000     -1          1
81             92             93         2  0.59599257      1          0
82              0              0         0  0.00000000     -1          1
83             94             95         1  0.88213292      1          0
84              0              0         0  0.00000000     -1          2
85              0              0         0  0.00000000     -1          1
86             96             97         1  0.32309035      1          0
87              0              0         0  0.00000000     -1          2
88              0              0         0  0.00000000     -1          1
89             98             99         1  0.33183107      1          0
90            100            101         1  0.02248210      1          0
91            102            103         1  0.10768813      1          0
92            104            105         2  0.58369041      1          0
93            106            107         1  0.83284876      1          0
94            108            109         1  0.67174242      1          0
95            110            111         2  0.96575002      1          0
96              0              0         0  0.00000000     -1          2
97            112            113         2  0.13046588      1          0
98              0              0         0  0.00000000     -1          1
99              0              0         0  0.00000000     -1          1
100           114            115         2  0.72626825      1          0
101             0              0         0  0.00000000     -1          2
102             0              0         0  0.00000000     -1          1
103           116            117         1  0.13298575      1          0
104           118            119         2  0.56381352      1          0
105             0              0         0  0.00000000     -1          2
106           120            121         1  0.82497365      1          0
107           122            123         2  0.68592266      1          0
108             0              0         0  0.00000000     -1          1
109           124            125         2  0.90326528      1          0
110             0              0         0  0.00000000     -1          2
111             0              0         0  0.00000000     -1          1
112             0              0         0  0.00000000     -1          2
113           126            127         1  0.71345517      1          0
114             0              0         0  0.00000000     -1          2
115             0              0         0  0.00000000     -1          2
116             0              0         0  0.00000000     -1          2
117             0              0         0  0.00000000     -1          2
118             0              0         0  0.00000000     -1          2
119             0              0         0  0.00000000     -1          1
120             0              0         0  0.00000000     -1          1
121             0              0         0  0.00000000     -1          2
122             0              0         0  0.00000000     -1          1
123             0              0         0  0.00000000     -1          1
124             0              0         0  0.00000000     -1          2
125             0              0         0  0.00000000     -1          2
126             0              0         0  0.00000000     -1          1
127             0              0         0  0.00000000     -1          1
