    left daughter right daughter split var split point status prediction
1               2              3         2 0.590447071      1          0
2               4              5         1 0.502451345      1          0
3               6              7         2 0.774140511      1          0
4               8              9         2 0.262336093      1          0
5              10             11         2 0.302608811      1          0
6              12             13         2 0.769513520      1          0
7              14             15         2 0.954622045      1          0
8              16             17         1 0.209805212      1          0
9              18             19         1 0.448830414      1          0
10             20             21         1 0.864716544      1          0
11             22             23         1 0.772693206      1          0
12             24             25         2 0.710492081      1          0
13              0              0         0 0.000000000     -1          1
14             26             27         1 0.002186996      1          0
15             28             29         2 0.972097012      1          0
16             30             31         1 0.124702333      1          0
17             32             33         2 0.124568955      1          0
18             34             35         1 0.290666796      1          0
19              0              0         0 0.000000000     -1          2
20             36             37         2 0.265879941      1          0
21             38             39         2 0.183392780      1          0
22              0              0         0 0.000000000     -1          1
23             40             41         2 0.587469738      1          0
24             42             43         2 0.697163746      1          0
25             44             45         2 0.719249537      1          0
26              0              0         0 0.000000000     -1          1
27             46             47         2 0.951497259      1          0
28             48             49         1 0.716461212      1          0
29              0              0         0 0.000000000     -1          2
30             50             51         1 0.042426828      1          0
31             52             53         2 0.058386165      1          0
32              0              0         0 0.000000000     -1          1
33             54             55         2 0.128893432      1          0
34             56             57         2 0.571234470      1          0
35              0              0         0 0.000000000     -1          2
36             58             59         2 0.162869539      1          0
37             60             61         2 0.271414938      1          0
38             62             63         1 0.899759223      1          0
39              0              0         0 0.000000000     -1          2
40             64             65         1 0.782590291      1          0
41              0              0         0 0.000000000     -1          2
42             66             67         1 0.582676075      1          0
43             68             69         2 0.704266141      1          0
44              0              0         0 0.000000000     -1          2
45             70             71         2 0.721533970      1          0
46             72             73         2 0.908061987      1          0
47              0              0         0 0.000000000     -1          1
48              0              0         0 0.000000000     -1          2
49              0              0         0 0.000000000     -1          2
50              0              0         0 0.000000000     -1          1
51              0              0         0 0.000000000     -1          1
52              0              0         0 0.000000000     -1          2
53             74             75         2 0.166622517      1          0
54              0              0         0 0.000000000     -1          2
55             76             77         2 0.164866043      1          0
56             78             79         1 0.285966209      1          0
57              0              0         0 0.000000000     -1          1
58             80             81         2 0.159280350      1          0
59              0              0         0 0.000000000     -1          1
60              0              0         0 0.000000000     -1          2
61              0              0         0 0.000000000     -1          1
62              0              0         0 0.000000000     -1          2
63             82             83         2 0.123985640      1          0
64              0              0         0 0.000000000     -1          2
65             84             85         1 0.859656804      1          0
66             86             87         1 0.220660994      1          0
67             88             89         2 0.659573510      1          0
68              0              0         0 0.000000000     -1          1
69              0              0         0 0.000000000     -1          2
70              0              0         0 0.000000000     -1          1
71             90             91         2 0.748634813      1          0
72             92             93         1 0.534036745      1          0
73             94             95         2 0.923380423      1          0
74              0              0         0 0.000000000     -1          1
75              0              0         0 0.000000000     -1          2
76              0              0         0 0.000000000     -1          1
77             96             97         2 0.255235138      1          0
78             98             99         1 0.149636592      1          0
79              0              0         0 0.000000000     -1          1
80            100            101         2 0.135822211      1          0
81              0              0         0 0.000000000     -1          2
82              0              0         0 0.000000000     -1          1
83              0              0         0 0.000000000     -1          1
84            102            103         2 0.577604340      1          0
85            104            105         2 0.519843558      1          0
86              0              0         0 0.000000000     -1          2
87            106            107         1 0.231318374      1          0
88              0              0         0 0.000000000     -1          1
89              0              0         0 0.000000000     -1          1
90            108            109         2 0.727293936      1          0
91              0              0         0 0.000000000     -1          2
92            110            111         2 0.899227603      1          0
93            112            113         1 0.740115557      1          0
94              0              0         0 0.000000000     -1          2
95              0              0         0 0.000000000     -1          2
96            114            115         1 0.293564520      1          0
97              0              0         0 0.000000000     -1          1
98            116            117         2 0.317460029      1          0
99            118            119         1 0.279396999      1          0
100           120            121         1 0.843817392      1          0
101             0              0         0 0.000000000     -1          1
102           122            123         1 0.852515166      1          0
103             0              0         0 0.000000000     -1          2
104             0              0         0 0.000000000     -1          1
105             0              0         0 0.000000000     -1          1
106             0              0         0 0.000000000     -1          1
107           124            125         1 0.379406449      1          0
108             0              0         0 0.000000000     -1          2
109           126            127         1 0.857370387      1          0
110             0              0         0 0.000000000     -1          2
111             0              0         0 0.000000000     -1          1
112             0              0         0 0.000000000     -1          2
113             0              0         0 0.000000000     -1          2
114             0              0         0 0.000000000     -1          1
115             0              0         0 0.000000000     -1          1
116             0              0         0 0.000000000     -1          1
117             0              0         0 0.000000000     -1          2
118             0              0         0 0.000000000     -1          2
119             0              0         0 0.000000000     -1          2
120             0              0         0 0.000000000     -1          1
121             0              0         0 0.000000000     -1          1
122             0              0         0 0.000000000     -1          1
123             0              0         0 0.000000000     -1          2
124             0              0         0 0.000000000     -1          2
125             0              0         0 0.000000000     -1          2
126             0              0         0 0.000000000     -1          2
127             0              0         0 0.000000000     -1          1
