    left daughter right daughter split var split point status prediction
1               2              3         2 0.263545032      1          0
2               4              5         1 0.363171245      1          0
3               6              7         2 0.738455540      1          0
4               8              9         1 0.293796726      1          0
5              10             11         1 0.993233493      1          0
6              12             13         2 0.728516348      1          0
7              14             15         2 0.822006265      1          0
8              16             17         2 0.201527805      1          0
9               0              0         0 0.000000000     -1          2
10             18             19         1 0.811543811      1          0
11              0              0         0 0.000000000     -1          1
12             20             21         2 0.272237335      1          0
13              0              0         0 0.000000000     -1          1
14             22             23         1 0.946086976      1          0
15             24             25         2 0.828313552      1          0
16             26             27         2 0.009266222      1          0
17              0              0         0 0.000000000     -1          1
18              0              0         0 0.000000000     -1          1
19             28             29         1 0.818258524      1          0
20              0              0         0 0.000000000     -1          2
21             30             31         1 0.504462488      1          0
22             32             33         2 0.748314403      1          0
23              0              0         0 0.000000000     -1          1
24              0              0         0 0.000000000     -1          1
25             34             35         1 0.550314547      1          0
26              0              0         0 0.000000000     -1          2
27             36             37         2 0.029698327      1          0
28              0              0         0 0.000000000     -1          2
29             38             39         1 0.901055370      1          0
30             40             41         1 0.499748979      1          0
31             42             43         2 0.537155274      1          0
32              0              0         0 0.000000000     -1          2
33             44             45         1 0.342770156      1          0
34             46             47         1 0.008546924      1          0
35             48             49         2 0.983813171      1          0
36              0              0         0 0.000000000     -1          1
37             50             51         2 0.102085716      1          0
38             52             53         2 0.045740185      1          0
39              0              0         0 0.000000000     -1          1
40             54             55         1 0.282283479      1          0
41              0              0         0 0.000000000     -1          2
42             56             57         2 0.300340039      1          0
43             58             59         1 0.585325956      1          0
44              0              0         0 0.000000000     -1          2
45             60             61         1 0.385164014      1          0
46              0              0         0 0.000000000     -1          1
47             62             63         2 0.897876668      1          0
48             64             65         1 0.626138258      1          0
49              0              0         0 0.000000000     -1          2
50              0              0         0 0.000000000     -1          1
51             66             67         2 0.103526461      1          0
52              0              0         0 0.000000000     -1          1
53              0              0         0 0.000000000     -1          1
54             68             69         1 0.279541217      1          0
55             70             71         1 0.480551668      1          0
56             72             73         2 0.293206845      1          0
57             74             75         1 0.642153026      1          0
58              0              0         0 0.000000000     -1          2
59             76             77         2 0.540545814      1          0
60              0              0         0 0.000000000     -1          1
61             78             79         2 0.779841550      1          0
62              0              0         0 0.000000000     -1          2
63             80             81         1 0.451726588      1          0
64              0              0         0 0.000000000     -1          1
65             82             83         1 0.928427511      1          0
66              0              0         0 0.000000000     -1          2
67             84             85         2 0.130171682      1          0
68             86             87         2 0.292091426      1          0
69              0              0         0 0.000000000     -1          1
70              0              0         0 0.000000000     -1          2
71              0              0         0 0.000000000     -1          2
72              0              0         0 0.000000000     -1          1
73              0              0         0 0.000000000     -1          2
74             88             89         1 0.632961234      1          0
75             90             91         1 0.929285898      1          0
76              0              0         0 0.000000000     -1          2
77             92             93         1 0.978613774      1          0
78              0              0         0 0.000000000     -1          2
79              0              0         0 0.000000000     -1          2
80             94             95         2 0.910579595      1          0
81              0              0         0 0.000000000     -1          2
82             96             97         1 0.745452783      1          0
83              0              0         0 0.000000000     -1          2
84              0              0         0 0.000000000     -1          1
85             98             99         1 0.174010229      1          0
86              0              0         0 0.000000000     -1          1
87            100            101         1 0.248583304      1          0
88            102            103         1 0.580391075      1          0
89              0              0         0 0.000000000     -1          2
90              0              0         0 0.000000000     -1          1
91              0              0         0 0.000000000     -1          1
92            104            105         2 0.685251863      1          0
93              0              0         0 0.000000000     -1          1
94              0              0         0 0.000000000     -1          1
95            106            107         1 0.091913097      1          0
96            108            109         1 0.727098909      1          0
97              0              0         0 0.000000000     -1          2
98              0              0         0 0.000000000     -1          1
99            110            111         2 0.170242369      1          0
100           112            113         1 0.141960230      1          0
101           114            115         1 0.251197834      1          0
102             0              0         0 0.000000000     -1          1
103             0              0         0 0.000000000     -1          1
104           116            117         2 0.679857634      1          0
105             0              0         0 0.000000000     -1          1
106             0              0         0 0.000000000     -1          2
107             0              0         0 0.000000000     -1          2
108           118            119         2 0.967287874      1          0
109             0              0         0 0.000000000     -1          1
110             0              0         0 0.000000000     -1          1
111             0              0         0 0.000000000     -1          1
112           120            121         2 0.696663884      1          0
113           122            123         1 0.148601233      1          0
114             0              0         0 0.000000000     -1          1
115             0              0         0 0.000000000     -1          2
116           124            125         2 0.644360562      1          0
117             0              0         0 0.000000000     -1          2
118           126            127         2 0.848109636      1          0
119             0              0         0 0.000000000     -1          1
120             0              0         0 0.000000000     -1          2
121             0              0         0 0.000000000     -1          2
122             0              0         0 0.000000000     -1          1
123             0              0         0 0.000000000     -1          2
124             0              0         0 0.000000000     -1          1
125             0              0         0 0.000000000     -1          1
126             0              0         0 0.000000000     -1          2
127             0              0         0 0.000000000     -1          2
