    left daughter right daughter split var split point status prediction
1               2              3         2 0.254177694      1          0
2               4              5         2 0.185433242      1          0
3               6              7         2 0.797786597      1          0
4               8              9         2 0.029808375      1          0
5              10             11         1 0.869075107      1          0
6              12             13         1 0.499748979      1          0
7              14             15         1 0.010441308      1          0
8              16             17         2 0.028776585      1          0
9              18             19         2 0.083356708      1          0
10             20             21         2 0.227190110      1          0
11              0              0         0 0.000000000     -1          1
12             22             23         1 0.221521079      1          0
13             24             25         2 0.704266141      1          0
14              0              0         0 0.000000000     -1          1
15             26             27         2 0.904965333      1          0
16             28             29         2 0.006971735      1          0
17              0              0         0 0.000000000     -1          2
18             30             31         1 0.667082703      1          0
19             32             33         2 0.084366679      1          0
20             34             35         1 0.308778418      1          0
21              0              0         0 0.000000000     -1          1
22             36             37         2 0.790792488      1          0
23             38             39         1 0.310288162      1          0
24             40             41         1 0.590806140      1          0
25             42             43         1 0.863630511      1          0
26             44             45         2 0.896181292      1          0
27             46             47         2 0.951497259      1          0
28              0              0         0 0.000000000     -1          1
29              0              0         0 0.000000000     -1          1
30              0              0         0 0.000000000     -1          1
31             48             49         2 0.059290915      1          0
32              0              0         0 0.000000000     -1          2
33             50             51         1 0.994241143      1          0
34              0              0         0 0.000000000     -1          2
35              0              0         0 0.000000000     -1          1
36             52             53         2 0.292091426      1          0
37              0              0         0 0.000000000     -1          1
38              0              0         0 0.000000000     -1          2
39             54             55         2 0.378249379      1          0
40             56             57         2 0.641331023      1          0
41             58             59         1 0.633830098      1          0
42             60             61         2 0.785531174      1          0
43              0              0         0 0.000000000     -1          1
44             62             63         1 0.661770572      1          0
45              0              0         0 0.000000000     -1          1
46             64             65         2 0.923305688      1          0
47             66             67         2 0.958510128      1          0
48              0              0         0 0.000000000     -1          1
49              0              0         0 0.000000000     -1          1
50             68             69         1 0.032901036      1          0
51              0              0         0 0.000000000     -1          2
52              0              0         0 0.000000000     -1          1
53             70             71         1 0.220660994      1          0
54             72             73         1 0.311985719      1          0
55             74             75         2 0.758428404      1          0
56             76             77         1 0.589092507      1          0
57              0              0         0 0.000000000     -1          2
58              0              0         0 0.000000000     -1          1
59             78             79         1 0.639112266      1          0
60              0              0         0 0.000000000     -1          2
61              0              0         0 0.000000000     -1          1
62             80             81         2 0.827985071      1          0
63              0              0         0 0.000000000     -1          2
64             82             83         2 0.923232164      1          0
65              0              0         0 0.000000000     -1          2
66              0              0         0 0.000000000     -1          2
67             84             85         1 0.978627674      1          0
68              0              0         0 0.000000000     -1          1
69             86             87         2 0.147316112      1          0
70             88             89         1 0.148447392      1          0
71              0              0         0 0.000000000     -1          1
72              0              0         0 0.000000000     -1          1
73             90             91         1 0.392390875      1          0
74              0              0         0 0.000000000     -1          2
75              0              0         0 0.000000000     -1          2
76             92             93         1 0.504462488      1          0
77              0              0         0 0.000000000     -1          2
78              0              0         0 0.000000000     -1          2
79             94             95         2 0.455285981      1          0
80             96             97         2 0.806638730      1          0
81             98             99         2 0.873466715      1          0
82              0              0         0 0.000000000     -1          2
83              0              0         0 0.000000000     -1          1
84              0              0         0 0.000000000     -1          2
85              0              0         0 0.000000000     -1          1
86            100            101         2 0.116180861      1          0
87            102            103         2 0.147913220      1          0
88            104            105         2 0.501268311      1          0
89              0              0         0 0.000000000     -1          2
90              0              0         0 0.000000000     -1          2
91              0              0         0 0.000000000     -1          1
92              0              0         0 0.000000000     -1          1
93            106            107         1 0.553693176      1          0
94            108            109         1 0.688647906      1          0
95            110            111         1 0.746977633      1          0
96              0              0         0 0.000000000     -1          2
97              0              0         0 0.000000000     -1          2
98              0              0         0 0.000000000     -1          2
99            112            113         2 0.874285371      1          0
100             0              0         0 0.000000000     -1          1
101           114            115         1 0.286868148      1          0
102             0              0         0 0.000000000     -1          2
103           116            117         2 0.159280350      1          0
104           118            119         2 0.486841938      1          0
105             0              0         0 0.000000000     -1          2
106           120            121         1 0.547999210      1          0
107             0              0         0 0.000000000     -1          1
108             0              0         0 0.000000000     -1          1
109           122            123         1 0.920963805      1          0
110             0              0         0 0.000000000     -1          1
111           124            125         2 0.462937328      1          0
112             0              0         0 0.000000000     -1          1
113           126            127         1 0.531427398      1          0
114             0              0         0 0.000000000     -1          1
115             0              0         0 0.000000000     -1          1
116             0              0         0 0.000000000     -1          1
117             0              0         0 0.000000000     -1          1
118             0              0         0 0.000000000     -1          2
119             0              0         0 0.000000000     -1          1
120             0              0         0 0.000000000     -1          1
121             0              0         0 0.000000000     -1          2
122             0              0         0 0.000000000     -1          1
123             0              0         0 0.000000000     -1          1
124             0              0         0 0.000000000     -1          2
125             0              0         0 0.000000000     -1          1
126             0              0         0 0.000000000     -1          2
127             0              0         0 0.000000000     -1          2
