    left daughter right daughter split var split point status prediction
1               2              3         2  0.25523514      1          0
2               4              5         2  0.12547309      1          0
3               6              7         1  0.49942004      1          0
4               8              9         2  0.01263654      1          0
5              10             11         2  0.12948740      1          0
6              12             13         1  0.44549085      1          0
7              14             15         2  0.68095350      1          0
8               0              0         0  0.00000000     -1          1
9              16             17         2  0.11576862      1          0
10              0              0         0  0.00000000     -1          2
11             18             19         1  0.36317125      1          0
12             20             21         2  0.37025509      1          0
13             22             23         2  0.36959546      1          0
14             24             25         1  0.74440992      1          0
15             26             27         2  0.75898746      1          0
16             28             29         2  0.11568255      1          0
17              0              0         0  0.00000000     -1          1
18             30             31         1  0.35342261      1          0
19             32             33         1  0.80461076      1          0
20             34             35         2  0.31663589      1          0
21             36             37         1  0.28734861      1          0
22              0              0         0  0.00000000     -1          1
23             38             39         1  0.44675990      1          0
24             40             41         2  0.27543373      1          0
25             42             43         2  0.30034004      1          0
26             44             45         2  0.72471789      1          0
27             46             47         1  0.93254660      1          0
28             48             49         1  0.02301871      1          0
29              0              0         0  0.00000000     -1          2
30             50             51         1  0.14687642      1          0
31              0              0         0  0.00000000     -1          2
32             52             53         1  0.38827896      1          0
33             54             55         2  0.18643940      1          0
34             56             57         1  0.13482385      1          0
35              0              0         0  0.00000000     -1          2
36             58             59         2  0.37816291      1          0
37             60             61         2  0.37824938      1          0
38              0              0         0  0.00000000     -1          1
39              0              0         0  0.00000000     -1          2
40              0              0         0  0.00000000     -1          2
41             62             63         1  0.59131366      1          0
42              0              0         0  0.00000000     -1          2
43             64             65         1  0.85825006      1          0
44             66             67         1  0.71587470      1          0
45              0              0         0  0.00000000     -1          1
46             68             69         2  0.91014730      1          0
47              0              0         0  0.00000000     -1          1
48              0              0         0  0.00000000     -1          2
49             70             71         2  0.08347651      1          0
50              0              0         0  0.00000000     -1          1
51             72             73         1  0.19403071      1          0
52              0              0         0  0.00000000     -1          1
53             74             75         2  0.13931124      1          0
54              0              0         0  0.00000000     -1          1
55             76             77         1  0.95532413      1          0
56              0              0         0  0.00000000     -1          2
57              0              0         0  0.00000000     -1          2
58              0              0         0  0.00000000     -1          1
59             78             79         2  0.68043380      1          0
60              0              0         0  0.00000000     -1          1
61             80             81         2  0.63976379      1          0
62             82             83         2  0.49798337      1          0
63             84             85         2  0.63832459      1          0
64             86             87         1  0.85251517      1          0
65              0              0         0  0.00000000     -1          1
66              0              0         0  0.00000000     -1          2
67              0              0         0  0.00000000     -1          1
68             88             89         2  0.88128267      1          0
69             90             91         1  0.70598485      1          0
70             92             93         1  0.66766925      1          0
71              0              0         0  0.00000000     -1          1
72              0              0         0  0.00000000     -1          2
73             94             95         1  0.28802412      1          0
74              0              0         0  0.00000000     -1          1
75              0              0         0  0.00000000     -1          1
76              0              0         0  0.00000000     -1          1
77              0              0         0  0.00000000     -1          1
78             96             97         1  0.28596621      1          0
79             98             99         1  0.10373124      1          0
80            100            101         2  0.61147130      1          0
81              0              0         0  0.00000000     -1          2
82            102            103         1  0.58039107      1          0
83              0              0         0  0.00000000     -1          1
84              0              0         0  0.00000000     -1          1
85              0              0         0  0.00000000     -1          1
86            104            105         2  0.55314404      1          0
87              0              0         0  0.00000000     -1          2
88            106            107         2  0.82708742      1          0
89              0              0         0  0.00000000     -1          1
90            108            109         1  0.68484277      1          0
91            110            111         2  0.98225117      1          0
92            112            113         2  0.07879408      1          0
93            114            115         1  0.69369973      1          0
94              0              0         0  0.00000000     -1          1
95              0              0         0  0.00000000     -1          1
96            116            117         2  0.58659726      1          0
97              0              0         0  0.00000000     -1          1
98            118            119         2  0.70559624      1          0
99            120            121         2  0.80769297      1          0
100             0              0         0  0.00000000     -1          2
101             0              0         0  0.00000000     -1          1
102             0              0         0  0.00000000     -1          1
103             0              0         0  0.00000000     -1          2
104           122            123         2  0.43543305      1          0
105             0              0         0  0.00000000     -1          1
106           124            125         1  0.90639346      1          0
107           126            127         2  0.83064744      1          0
108             0              0         0  0.00000000     -1          2
109             0              0         0  0.00000000     -1          1
110             0              0         0  0.00000000     -1          2
111             0              0         0  0.00000000     -1          2
112             0              0         0  0.00000000     -1          1
113             0              0         0  0.00000000     -1          1
114             0              0         0  0.00000000     -1          2
115             0              0         0  0.00000000     -1          1
116             0              0         0  0.00000000     -1          2
117             0              0         0  0.00000000     -1          2
118             0              0         0  0.00000000     -1          1
119             0              0         0  0.00000000     -1          2
120             0              0         0  0.00000000     -1          2
121             0              0         0  0.00000000     -1          2
122             0              0         0  0.00000000     -1          1
123             0              0         0  0.00000000     -1          1
124             0              0         0  0.00000000     -1          2
125             0              0         0  0.00000000     -1          2
126             0              0         0  0.00000000     -1          1
127             0              0         0  0.00000000     -1          2
