    left daughter right daughter split var split point status prediction
1               2              3         1  0.50245135      1          0
2               4              5         2  0.25471013      1          0
3               6              7         2  0.73944084      1          0
4               8              9         1  0.36317840      1          0
5              10             11         2  0.49100077      1          0
6              12             13         1  0.53554717      1          0
7              14             15         2  0.79684772      1          0
8              16             17         2  0.01882235      1          0
9               0              0         0  0.00000000     -1          1
10             18             19         2  0.48760220      1          0
11             20             21         2  0.90257306      1          0
12              0              0         0  0.00000000     -1          1
13             22             23         1  0.55238237      1          0
14             24             25         2  0.76983027      1          0
15             26             27         1  0.65151930      1          0
16              0              0         0  0.00000000     -1          2
17             28             29         2  0.10116544      1          0
18             30             31         1  0.47657759      1          0
19              0              0         0  0.00000000     -1          1
20             32             33         2  0.82207219      1          0
21             34             35         2  0.94192626      1          0
22              0              0         0  0.00000000     -1          2
23             36             37         1  0.95323826      1          0
24              0              0         0  0.00000000     -1          2
25             38             39         2  0.77446356      1          0
26             40             41         2  0.95380071      1          0
27             42             43         1  0.81150791      1          0
28             44             45         1  0.31867192      1          0
29             46             47         2  0.10315245      1          0
30             48             49         1  0.17081140      1          0
31              0              0         0  0.00000000     -1          1
32             50             51         1  0.28730934      1          0
33              0              0         0  0.00000000     -1          2
34              0              0         0  0.00000000     -1          2
35              0              0         0  0.00000000     -1          2
36             52             53         2  0.55386658      1          0
37             54             55         1  0.97861377      1          0
38              0              0         0  0.00000000     -1          1
39              0              0         0  0.00000000     -1          1
40             56             57         1  0.64424835      1          0
41              0              0         0  0.00000000     -1          2
42             58             59         2  0.89917996      1          0
43             60             61         1  0.82533224      1          0
44              0              0         0  0.00000000     -1          1
45              0              0         0  0.00000000     -1          2
46              0              0         0  0.00000000     -1          2
47             62             63         1  0.29693157      1          0
48             64             65         2  0.29209143      1          0
49             66             67         1  0.25653254      1          0
50             68             69         2  0.81688007      1          0
51             70             71         2  0.74463894      1          0
52             72             73         2  0.05844564      1          0
53             74             75         1  0.81931480      1          0
54              0              0         0  0.00000000     -1          1
55             76             77         2  0.53351623      1          0
56             78             79         1  0.58901447      1          0
57              0              0         0  0.00000000     -1          1
58             80             81         1  0.72924019      1          0
59              0              0         0  0.00000000     -1          2
60              0              0         0  0.00000000     -1          1
61             82             83         2  0.96575002      1          0
62             84             85         2  0.19925374      1          0
63              0              0         0  0.00000000     -1          1
64              0              0         0  0.00000000     -1          1
65             86             87         2  0.34554349      1          0
66              0              0         0  0.00000000     -1          2
67             88             89         1  0.26592973      1          0
68             90             91         2  0.70559624      1          0
69              0              0         0  0.00000000     -1          1
70              0              0         0  0.00000000     -1          2
71              0              0         0  0.00000000     -1          2
72             92             93         2  0.05604495      1          0
73             94             95         2  0.26587994      1          0
74             96             97         1  0.78058744      1          0
75             98             99         1  0.94274511      1          0
76              0              0         0  0.00000000     -1          1
77              0              0         0  0.00000000     -1          1
78              0              0         0  0.00000000     -1          2
79              0              0         0  0.00000000     -1          2
80              0              0         0  0.00000000     -1          2
81              0              0         0  0.00000000     -1          2
82            100            101         1  0.95641128      1          0
83              0              0         0  0.00000000     -1          2
84            102            103         2  0.12889343      1          0
85            104            105         2  0.20872813      1          0
86              0              0         0  0.00000000     -1          2
87            106            107         1  0.10186526      1          0
88              0              0         0  0.00000000     -1          1
89            108            109         2  0.37522072      1          0
90            110            111         1  0.27967941      1          0
91              0              0         0  0.00000000     -1          2
92            112            113         2  0.03887252      1          0
93              0              0         0  0.00000000     -1          2
94            114            115         1  0.88720621      1          0
95            116            117         1  0.91802048      1          0
96            118            119         2  0.70438844      1          0
97              0              0         0  0.00000000     -1          2
98              0              0         0  0.00000000     -1          1
99              0              0         0  0.00000000     -1          1
100             0              0         0  0.00000000     -1          2
101             0              0         0  0.00000000     -1          2
102           120            121         1  0.20168662      1          0
103             0              0         0  0.00000000     -1          1
104             0              0         0  0.00000000     -1          2
105             0              0         0  0.00000000     -1          1
106           122            123         1  0.04115093      1          0
107             0              0         0  0.00000000     -1          2
108           124            125         2  0.37127920      1          0
109             0              0         0  0.00000000     -1          2
110           126            127         1  0.05085746      1          0
111             0              0         0  0.00000000     -1          1
112             0              0         0  0.00000000     -1          1
113             0              0         0  0.00000000     -1          1
114             0              0         0  0.00000000     -1          1
115             0              0         0  0.00000000     -1          1
116             0              0         0  0.00000000     -1          1
117             0              0         0  0.00000000     -1          2
118             0              0         0  0.00000000     -1          1
119             0              0         0  0.00000000     -1          2
120             0              0         0  0.00000000     -1          1
121             0              0         0  0.00000000     -1          1
122             0              0         0  0.00000000     -1          2
123             0              0         0  0.00000000     -1          2
124             0              0         0  0.00000000     -1          2
125             0              0         0  0.00000000     -1          1
126             0              0         0  0.00000000     -1          2
127             0              0         0  0.00000000     -1          2
