    left daughter right daughter split var split point status prediction
1               2              3         1 0.502451345      1          0
2               4              5         1 0.002383925      1          0
3               6              7         1 0.856191755      1          0
4               0              0         0 0.000000000     -1          1
5               8              9         2 0.264051640      1          0
6              10             11         2 0.680953496      1          0
7              12             13         2 0.799180576      1          0
8              14             15         1 0.384334175      1          0
9              16             17         1 0.022611387      1          0
10             18             19         2 0.537434390      1          0
11             20             21         1 0.678145735      1          0
12             22             23         1 0.899413918      1          0
13             24             25         1 0.970945597      1          0
14             26             27         1 0.379043511      1          0
15              0              0         0 0.000000000     -1          1
16              0              0         0 0.000000000     -1          2
17             28             29         2 0.312786375      1          0
18             30             31         1 0.638575932      1          0
19             32             33         1 0.789360782      1          0
20             34             35         2 0.873466715      1          0
21             36             37         1 0.698651731      1          0
22             38             39         1 0.898893156      1          0
23              0              0         0 0.000000000     -1          1
24             40             41         1 0.955504216      1          0
25              0              0         0 0.000000000     -1          2
26             42             43         2 0.198325211      1          0
27              0              0         0 0.000000000     -1          2
28              0              0         0 0.000000000     -1          2
29             44             45         2 0.372550041      1          0
30              0              0         0 0.000000000     -1          1
31             46             47         2 0.272210315      1          0
32             48             49         1 0.548274470      1          0
33              0              0         0 0.000000000     -1          2
34             50             51         1 0.634773219      1          0
35             52             53         2 0.898540720      1          0
36              0              0         0 0.000000000     -1          1
37             54             55         1 0.771978155      1          0
38             56             57         2 0.551838117      1          0
39              0              0         0 0.000000000     -1          2
40             58             59         1 0.883700912      1          0
41              0              0         0 0.000000000     -1          1
42             60             61         2 0.015579560      1          0
43             62             63         1 0.198218217      1          0
44             64             65         1 0.444798670      1          0
45             66             67         1 0.024424864      1          0
46             68             69         2 0.259830997      1          0
47             70             71         2 0.443914000      1          0
48              0              0         0 0.000000000     -1          2
49             72             73         2 0.638324588      1          0
50              0              0         0 0.000000000     -1          2
51              0              0         0 0.000000000     -1          2
52              0              0         0 0.000000000     -1          1
53             74             75         2 0.961315318      1          0
54             76             77         1 0.770708409      1          0
55             78             79         2 0.976888919      1          0
56              0              0         0 0.000000000     -1          1
57              0              0         0 0.000000000     -1          1
58              0              0         0 0.000000000     -1          2
59              0              0         0 0.000000000     -1          2
60              0              0         0 0.000000000     -1          1
61             80             81         2 0.078230230      1          0
62              0              0         0 0.000000000     -1          2
63              0              0         0 0.000000000     -1          1
64              0              0         0 0.000000000     -1          2
65              0              0         0 0.000000000     -1          1
66              0              0         0 0.000000000     -1          1
67             82             83         1 0.357704294      1          0
68             84             85         1 0.656583968      1          0
69              0              0         0 0.000000000     -1          2
70              0              0         0 0.000000000     -1          1
71             86             87         2 0.463365424      1          0
72             88             89         1 0.738305232      1          0
73              0              0         0 0.000000000     -1          1
74              0              0         0 0.000000000     -1          2
75              0              0         0 0.000000000     -1          2
76             90             91         1 0.737538970      1          0
77              0              0         0 0.000000000     -1          1
78              0              0         0 0.000000000     -1          2
79              0              0         0 0.000000000     -1          1
80              0              0         0 0.000000000     -1          1
81             92             93         1 0.273962001      1          0
82             94             95         2 0.378162914      1          0
83             96             97         2 0.462619408      1          0
84              0              0         0 0.000000000     -1          1
85             98             99         2 0.060781989      1          0
86              0              0         0 0.000000000     -1          2
87            100            101         1 0.639112266      1          0
88              0              0         0 0.000000000     -1          1
89              0              0         0 0.000000000     -1          1
90            102            103         2 0.795913372      1          0
91              0              0         0 0.000000000     -1          2
92            104            105         2 0.168857060      1          0
93            106            107         2 0.157213579      1          0
94              0              0         0 0.000000000     -1          1
95            108            109         2 0.575955090      1          0
96              0              0         0 0.000000000     -1          2
97              0              0         0 0.000000000     -1          2
98              0              0         0 0.000000000     -1          1
99            110            111         1 0.810229695      1          0
100             0              0         0 0.000000000     -1          2
101             0              0         0 0.000000000     -1          1
102             0              0         0 0.000000000     -1          1
103             0              0         0 0.000000000     -1          2
104           112            113         2 0.103526461      1          0
105             0              0         0 0.000000000     -1          1
106             0              0         0 0.000000000     -1          2
107             0              0         0 0.000000000     -1          1
108             0              0         0 0.000000000     -1          2
109           114            115         1 0.318298792      1          0
110             0              0         0 0.000000000     -1          1
111             0              0         0 0.000000000     -1          1
112             0              0         0 0.000000000     -1          1
113             0              0         0 0.000000000     -1          1
114           116            117         1 0.252008830      1          0
115             0              0         0 0.000000000     -1          2
116           118            119         2 0.595858449      1          0
117             0              0         0 0.000000000     -1          2
118             0              0         0 0.000000000     -1          1
119           120            121         1 0.042042991      1          0
120             0              0         0 0.000000000     -1          2
121           122            123         1 0.043440811      1          0
122             0              0         0 0.000000000     -1          1
123           124            125         1 0.111347521      1          0
124           126            127         2 0.969704982      1          0
125             0              0         0 0.000000000     -1          2
126             0              0         0 0.000000000     -1          2
127             0              0         0 0.000000000     -1          1
