    left daughter right daughter split var split point status prediction
1               2              3         1 0.581278802      1          0
2               4              5         2 0.267049260      1          0
3               6              7         1 0.625000574      1          0
4               8              9         1 0.364838316      1          0
5              10             11         1 0.499420040      1          0
6              12             13         1 0.617247568      1          0
7              14             15         1 0.779790290      1          0
8              16             17         1 0.329923017      1          0
9               0              0         0 0.000000000     -1          1
10             18             19         1 0.001683716      1          0
11             20             21         1 0.573552577      1          0
12             22             23         2 0.690783995      1          0
13              0              0         0 0.000000000     -1          1
14             24             25         2 0.757936843      1          0
15             26             27         1 0.866951542      1          0
16             28             29         2 0.021856042      1          0
17              0              0         0 0.000000000     -1          2
18              0              0         0 0.000000000     -1          1
19             30             31         2 0.308579125      1          0
20             32             33         2 0.655426869      1          0
21              0              0         0 0.000000000     -1          2
22              0              0         0 0.000000000     -1          1
23              0              0         0 0.000000000     -1          2
24             34             35         2 0.636986611      1          0
25             36             37         2 0.901522338      1          0
26             38             39         2 0.763030823      1          0
27             40             41         2 0.802211210      1          0
28              0              0         0 0.000000000     -1          1
29             42             43         2 0.102085716      1          0
30             44             45         1 0.372591813      1          0
31             46             47         1 0.359480526      1          0
32             48             49         1 0.547999210      1          0
33             50             51         1 0.556946679      1          0
34             52             53         1 0.690638186      1          0
35              0              0         0 0.000000000     -1          1
36             54             55         2 0.881359137      1          0
37             56             57         1 0.700458709      1          0
38             58             59         1 0.817413369      1          0
39              0              0         0 0.000000000     -1          2
40             60             61         1 0.899759223      1          0
41             62             63         1 0.932546604      1          0
42              0              0         0 0.000000000     -1          1
43             64             65         1 0.042426828      1          0
44              0              0         0 0.000000000     -1          2
45              0              0         0 0.000000000     -1          1
46             66             67         1 0.355750946      1          0
47             68             69         1 0.444633720      1          0
48             70             71         1 0.530746114      1          0
49              0              0         0 0.000000000     -1          1
50             72             73         1 0.539965926      1          0
51              0              0         0 0.000000000     -1          1
52             74             75         1 0.685058466      1          0
53             76             77         1 0.724870585      1          0
54             78             79         2 0.843604129      1          0
55              0              0         0 0.000000000     -1          1
56              0              0         0 0.000000000     -1          2
57              0              0         0 0.000000000     -1          2
58             80             81         1 0.815261753      1          0
59             82             83         1 0.848498782      1          0
60             84             85         2 0.374214281      1          0
61             86             87         1 0.960254084      1          0
62              0              0         0 0.000000000     -1          2
63              0              0         0 0.000000000     -1          2
64              0              0         0 0.000000000     -1          2
65             88             89         1 0.152427443      1          0
66             90             91         1 0.024292952      1          0
67              0              0         0 0.000000000     -1          1
68              0              0         0 0.000000000     -1          2
69             92             93         1 0.446593868      1          0
70              0              0         0 0.000000000     -1          1
71              0              0         0 0.000000000     -1          1
72              0              0         0 0.000000000     -1          2
73              0              0         0 0.000000000     -1          2
74             94             95         2 0.472001096      1          0
75              0              0         0 0.000000000     -1          2
76              0              0         0 0.000000000     -1          1
77             96             97         2 0.097267587      1          0
78             98             99         1 0.711475304      1          0
79              0              0         0 0.000000000     -1          2
80            100            101         1 0.793424520      1          0
81              0              0         0 0.000000000     -1          2
82              0              0         0 0.000000000     -1          1
83              0              0         0 0.000000000     -1          1
84              0              0         0 0.000000000     -1          2
85            102            103         2 0.546416377      1          0
86            104            105         1 0.958592091      1          0
87            106            107         2 0.567773528      1          0
88              0              0         0 0.000000000     -1          1
89            108            109         1 0.162330103      1          0
90            110            111         2 0.726268253      1          0
91            112            113         1 0.131097254      1          0
92              0              0         0 0.000000000     -1          1
93            114            115         1 0.470899072      1          0
94            116            117         1 0.676752842      1          0
95              0              0         0 0.000000000     -1          1
96              0              0         0 0.000000000     -1          2
97              0              0         0 0.000000000     -1          1
98              0              0         0 0.000000000     -1          2
99              0              0         0 0.000000000     -1          2
100             0              0         0 0.000000000     -1          1
101           118            119         2 0.577604340      1          0
102             0              0         0 0.000000000     -1          1
103           120            121         1 0.884562593      1          0
104           122            123         2 0.243694910      1          0
105             0              0         0 0.000000000     -1          2
106             0              0         0 0.000000000     -1          1
107             0              0         0 0.000000000     -1          1
108             0              0         0 0.000000000     -1          2
109           124            125         2 0.128893432      1          0
110             0              0         0 0.000000000     -1          2
111             0              0         0 0.000000000     -1          2
112           126            127         1 0.104309363      1          0
113             0              0         0 0.000000000     -1          2
114             0              0         0 0.000000000     -1          2
115             0              0         0 0.000000000     -1          2
116             0              0         0 0.000000000     -1          1
117             0              0         0 0.000000000     -1          1
118             0              0         0 0.000000000     -1          1
119             0              0         0 0.000000000     -1          1
120             0              0         0 0.000000000     -1          1
121             0              0         0 0.000000000     -1          1
122             0              0         0 0.000000000     -1          1
123             0              0         0 0.000000000     -1          1
124             0              0         0 0.000000000     -1          2
125             0              0         0 0.000000000     -1          1
126             0              0         0 0.000000000     -1          2
127             0              0         0 0.000000000     -1          2
