    left daughter right daughter split var split point status prediction
1               2              3         2 0.264051640      1          0
2               4              5         2 0.125473086      1          0
3               6              7         2 0.800116722      1          0
4               8              9         2 0.029808375      1          0
5              10             11         1 0.993077120      1          0
6              12             13         1 0.507371220      1          0
7              14             15         1 0.981789634      1          0
8              16             17         2 0.028776585      1          0
9              18             19         1 0.030487103      1          0
10             20             21         2 0.129239807      1          0
11              0              0         0 0.000000000     -1          2
12             22             23         1 0.042680340      1          0
13             24             25         2 0.710492081      1          0
14             26             27         2 0.904965333      1          0
15              0              0         0 0.000000000     -1          1
16             28             29         2 0.009153997      1          0
17              0              0         0 0.000000000     -1          2
18              0              0         0 0.000000000     -1          1
19             30             31         1 0.343684987      1          0
20              0              0         0 0.000000000     -1          2
21             32             33         1 0.386066061      1          0
22              0              0         0 0.000000000     -1          2
23             34             35         2 0.796491444      1          0
24             36             37         2 0.271414938      1          0
25             38             39         2 0.787511208      1          0
26             40             41         1 0.194295720      1          0
27             42             43         2 0.953233677      1          0
28              0              0         0 0.000000000     -1          1
29             44             45         2 0.009655845      1          0
30             46             47         2 0.082315989      1          0
31             48             49         2 0.038872519      1          0
32             50             51         1 0.376775570      1          0
33             52             53         1 0.809208595      1          0
34             54             55         2 0.271279089      1          0
35              0              0         0 0.000000000     -1          1
36              0              0         0 0.000000000     -1          2
37             56             57         2 0.519843558      1          0
38             58             59         2 0.775727447      1          0
39              0              0         0 0.000000000     -1          1
40             60             61         2 0.833455603      1          0
41             62             63         2 0.873466715      1          0
42             64             65         1 0.008546924      1          0
43             66             67         1 0.807398205      1          0
44              0              0         0 0.000000000     -1          2
45              0              0         0 0.000000000     -1          1
46              0              0         0 0.000000000     -1          1
47              0              0         0 0.000000000     -1          1
48              0              0         0 0.000000000     -1          1
49              0              0         0 0.000000000     -1          1
50             68             69         1 0.361334860      1          0
51              0              0         0 0.000000000     -1          2
52              0              0         0 0.000000000     -1          1
53              0              0         0 0.000000000     -1          1
54              0              0         0 0.000000000     -1          1
55             70             71         2 0.378162914      1          0
56             72             73         2 0.295851557      1          0
57             74             75         1 0.819314798      1          0
58             76             77         2 0.716960002      1          0
59              0              0         0 0.000000000     -1          2
60              0              0         0 0.000000000     -1          1
61              0              0         0 0.000000000     -1          2
62             78             79         2 0.843604129      1          0
63             80             81         1 0.522106973      1          0
64              0              0         0 0.000000000     -1          1
65             82             83         1 0.909152647      1          0
66             84             85         2 0.955871437      1          0
67              0              0         0 0.000000000     -1          2
68             86             87         2 0.198023567      1          0
69              0              0         0 0.000000000     -1          1
70             88             89         1 0.446939468      1          0
71             90             91         2 0.572001668      1          0
72             92             93         1 0.851830861      1          0
73             94             95         2 0.457067437      1          0
74             96             97         1 0.710319339      1          0
75             98             99         2 0.522669252      1          0
76              0              0         0 0.000000000     -1          2
77            100            101         2 0.721717464      1          0
78            102            103         2 0.842394518      1          0
79              0              0         0 0.000000000     -1          2
80              0              0         0 0.000000000     -1          2
81              0              0         0 0.000000000     -1          1
82              0              0         0 0.000000000     -1          2
83              0              0         0 0.000000000     -1          2
84              0              0         0 0.000000000     -1          1
85              0              0         0 0.000000000     -1          2
86            104            105         2 0.164866043      1          0
87              0              0         0 0.000000000     -1          2
88            106            107         1 0.253553793      1          0
89              0              0         0 0.000000000     -1          1
90            108            109         2 0.487602204      1          0
91            110            111         1 0.049877133      1          0
92              0              0         0 0.000000000     -1          1
93              0              0         0 0.000000000     -1          2
94              0              0         0 0.000000000     -1          1
95            112            113         1 0.858250056      1          0
96            114            115         1 0.582676075      1          0
97            116            117         2 0.560147355      1          0
98              0              0         0 0.000000000     -1          2
99            118            119         2 0.542027515      1          0
100             0              0         0 0.000000000     -1          1
101           120            121         2 0.724717891      1          0
102           122            123         1 0.661770572      1          0
103             0              0         0 0.000000000     -1          1
104             0              0         0 0.000000000     -1          1
105             0              0         0 0.000000000     -1          1
106           124            125         1 0.134823851      1          0
107           126            127         1 0.282145290      1          0
108             0              0         0 0.000000000     -1          2
109             0              0         0 0.000000000     -1          2
110             0              0         0 0.000000000     -1          1
111             0              0         0 0.000000000     -1          2
112             0              0         0 0.000000000     -1          1
113             0              0         0 0.000000000     -1          1
114             0              0         0 0.000000000     -1          1
115             0              0         0 0.000000000     -1          1
116             0              0         0 0.000000000     -1          1
117             0              0         0 0.000000000     -1          2
118             0              0         0 0.000000000     -1          1
119             0              0         0 0.000000000     -1          1
120             0              0         0 0.000000000     -1          2
121             0              0         0 0.000000000     -1          1
122             0              0         0 0.000000000     -1          2
123             0              0         0 0.000000000     -1          2
124             0              0         0 0.000000000     -1          2
125             0              0         0 0.000000000     -1          2
126             0              0         0 0.000000000     -1          1
127             0              0         0 0.000000000     -1          2
