    left daughter right daughter split var split point status prediction
1               2              3         2 0.293846741      1          0
2               4              5         2 0.039716053      1          0
3               6              7         1 0.591484328      1          0
4               8              9         1 0.714993968      1          0
5              10             11         2 0.116180861      1          0
6              12             13         1 0.519410069      1          0
7              14             15         1 0.978056741      1          0
8              16             17         2 0.012772465      1          0
9               0              0         0 0.000000000     -1          2
10             18             19         2 0.058445641      1          0
11             20             21         2 0.159629875      1          0
12             22             23         2 0.378162914      1          0
13             24             25         1 0.524577151      1          0
14             26             27         1 0.972341283      1          0
15             28             29         2 0.850644890      1          0
16              0              0         0 0.000000000     -1          1
17              0              0         0 0.000000000     -1          1
18              0              0         0 0.000000000     -1          1
19             30             31         2 0.081235494      1          0
20             32             33         1 0.273962001      1          0
21             34             35         2 0.255235138      1          0
22             36             37         2 0.373246104      1          0
23             38             39         1 0.001683716      1          0
24              0              0         0 0.000000000     -1          1
25             40             41         2 0.525013248      1          0
26             42             43         1 0.884562593      1          0
27              0              0         0 0.000000000     -1          2
28              0              0         0 0.000000000     -1          1
29              0              0         0 0.000000000     -1          2
30             44             45         1 0.379273439      1          0
31              0              0         0 0.000000000     -1          1
32              0              0         0 0.000000000     -1          1
33             46             47         2 0.135822211      1          0
34             48             49         1 0.193538856      1          0
35             50             51         2 0.270630025      1          0
36             52             53         2 0.338285985      1          0
37              0              0         0 0.000000000     -1          1
38              0              0         0 0.000000000     -1          1
39             54             55         1 0.084001309      1          0
40              0              0         0 0.000000000     -1          1
41             56             57         2 0.863045679      1          0
42             58             59         2 0.709781931      1          0
43             60             61         2 0.798571713      1          0
44              0              0         0 0.000000000     -1          1
45              0              0         0 0.000000000     -1          1
46              0              0         0 0.000000000     -1          1
47              0              0         0 0.000000000     -1          2
48             62             63         1 0.152427443      1          0
49              0              0         0 0.000000000     -1          1
50              0              0         0 0.000000000     -1          2
51             64             65         1 0.377384488      1          0
52             66             67         1 0.432646860      1          0
53              0              0         0 0.000000000     -1          2
54             68             69         2 0.430686916      1          0
55             70             71         1 0.086852905      1          0
56              0              0         0 0.000000000     -1          2
57              0              0         0 0.000000000     -1          2
58             72             73         1 0.710319339      1          0
59             74             75         1 0.600720313      1          0
60             76             77         2 0.299520423      1          0
61              0              0         0 0.000000000     -1          1
62             78             79         2 0.227551721      1          0
63              0              0         0 0.000000000     -1          2
64              0              0         0 0.000000000     -1          2
65              0              0         0 0.000000000     -1          1
66             80             81         2 0.311764910      1          0
67              0              0         0 0.000000000     -1          1
68              0              0         0 0.000000000     -1          2
69             82             83         1 0.042680340      1          0
70              0              0         0 0.000000000     -1          1
71             84             85         2 0.915111788      1          0
72             86             87         1 0.639112266      1          0
73             88             89         1 0.715313275      1          0
74              0              0         0 0.000000000     -1          1
75             90             91         1 0.650285250      1          0
76              0              0         0 0.000000000     -1          2
77              0              0         0 0.000000000     -1          1
78              0              0         0 0.000000000     -1          1
79              0              0         0 0.000000000     -1          1
80              0              0         0 0.000000000     -1          2
81              0              0         0 0.000000000     -1          2
82              0              0         0 0.000000000     -1          2
83             92             93         2 0.703282847      1          0
84             94             95         1 0.148743492      1          0
85             96             97         1 0.228057619      1          0
86             98             99         1 0.633830098      1          0
87              0              0         0 0.000000000     -1          1
88              0              0         0 0.000000000     -1          2
89            100            101         1 0.773357335      1          0
90              0              0         0 0.000000000     -1          2
91            102            103         1 0.659041412      1          0
92              0              0         0 0.000000000     -1          2
93              0              0         0 0.000000000     -1          2
94            104            105         2 0.809206996      1          0
95            106            107         2 0.896145403      1          0
96              0              0         0 0.000000000     -1          2
97              0              0         0 0.000000000     -1          2
98              0              0         0 0.000000000     -1          1
99              0              0         0 0.000000000     -1          2
100           108            109         2 0.560147355      1          0
101           110            111         1 0.789820395      1          0
102             0              0         0 0.000000000     -1          1
103           112            113         2 0.912592024      1          0
104           114            115         1 0.138322811      1          0
105             0              0         0 0.000000000     -1          2
106           116            117         1 0.358466276      1          0
107             0              0         0 0.000000000     -1          1
108             0              0         0 0.000000000     -1          1
109             0              0         0 0.000000000     -1          1
110             0              0         0 0.000000000     -1          2
111           118            119         2 0.297458661      1          0
112           120            121         1 0.822119420      1          0
113           122            123         2 0.965387763      1          0
114           124            125         2 0.401030723      1          0
115             0              0         0 0.000000000     -1          1
116           126            127         1 0.354658824      1          0
117             0              0         0 0.000000000     -1          2
118             0              0         0 0.000000000     -1          2
119             0              0         0 0.000000000     -1          1
120             0              0         0 0.000000000     -1          2
121             0              0         0 0.000000000     -1          2
122             0              0         0 0.000000000     -1          2
123             0              0         0 0.000000000     -1          2
124             0              0         0 0.000000000     -1          1
125             0              0         0 0.000000000     -1          2
126             0              0         0 0.000000000     -1          2
127             0              0         0 0.000000000     -1          1
