    left daughter right daughter split var split point status prediction
1               2              3         2  0.29054447      1          0
2               4              5         1  0.99261254      1          0
3               6              7         2  0.77414051      1          0
4               8              9         1  0.15242744      1          0
5               0              0         0  0.00000000     -1          2
6              10             11         2  0.63832459      1          0
7              12             13         1  0.93254660      1          0
8               0              0         0  0.00000000     -1          1
9              14             15         1  0.16233010      1          0
10             16             17         2  0.30388016      1          0
11             18             19         2  0.66658731      1          0
12             20             21         1  0.20698207      1          0
13             22             23         2  0.79918058      1          0
14              0              0         0  0.00000000     -1          2
15             24             25         2  0.26354503      1          0
16              0              0         0  0.00000000     -1          2
17             26             27         2  0.31176491      1          0
18             28             29         2  0.64836544      1          0
19             30             31         1  0.73627216      1          0
20             32             33         2  0.83345560      1          0
21             34             35         2  0.82708742      1          0
22              0              0         0  0.00000000     -1          1
23             36             37         2  0.90353978      1          0
24             38             39         1  0.81154381      1          0
25             40             41         2  0.27617297      1          0
26              0              0         0  0.00000000     -1          1
27             42             43         1  0.50215430      1          0
28              0              0         0  0.00000000     -1          2
29             44             45         2  0.65136752      1          0
30             46             47         2  0.67214557      1          0
31             48             49         2  0.74136385      1          0
32              0              0         0  0.00000000     -1          1
33             50             51         2  0.97231238      1          0
34              0              0         0  0.00000000     -1          2
35             52             53         2  0.82789686      1          0
36              0              0         0  0.00000000     -1          2
37              0              0         0  0.00000000     -1          1
38             54             55         2  0.14809381      1          0
39             56             57         1  0.89975922      1          0
40              0              0         0  0.00000000     -1          2
41              0              0         0  0.00000000     -1          1
42             58             59         1  0.45598202      1          0
43             60             61         1  0.77335734      1          0
44              0              0         0  0.00000000     -1          1
45              0              0         0  0.00000000     -1          2
46              0              0         0  0.00000000     -1          1
47             62             63         2  0.69056022      1          0
48              0              0         0  0.00000000     -1          1
49              0              0         0  0.00000000     -1          1
50             64             65         2  0.94348466      1          0
51              0              0         0  0.00000000     -1          1
52              0              0         0  0.00000000     -1          1
53             66             67         1  0.52736451      1          0
54             68             69         2  0.13754161      1          0
55             70             71         2  0.25470270      1          0
56             72             73         1  0.86551138      1          0
57              0              0         0  0.00000000     -1          1
58             74             75         2  0.37655976      1          0
59              0              0         0  0.00000000     -1          2
60             76             77         1  0.52962631      1          0
61             78             79         1  0.79175306      1          0
62              0              0         0  0.00000000     -1          2
63             80             81         1  0.02348617      1          0
64             82             83         2  0.93559856      1          0
65              0              0         0  0.00000000     -1          2
66             84             85         2  0.95149726      1          0
67             86             87         2  0.89854072      1          0
68             88             89         2  0.03784342      1          0
69              0              0         0  0.00000000     -1          2
70             90             91         2  0.22600968      1          0
71              0              0         0  0.00000000     -1          1
72             92             93         1  0.81882078      1          0
73              0              0         0  0.00000000     -1          2
74             94             95         2  0.37285697      1          0
75             96             97         1  0.28262448      1          0
76              0              0         0  0.00000000     -1          1
77             98             99         1  0.74413655      1          0
78              0              0         0  0.00000000     -1          2
79            100            101         2  0.58369041      1          0
80              0              0         0  0.00000000     -1          1
81            102            103         2  0.75921740      1          0
82              0              0         0  0.00000000     -1          2
83              0              0         0  0.00000000     -1          1
84              0              0         0  0.00000000     -1          2
85            104            105         1  0.24453160      1          0
86            106            107         2  0.87214746      1          0
87            108            109         1  0.70598485      1          0
88              0              0         0  0.00000000     -1          1
89            110            111         1  0.69120594      1          0
90            112            113         2  0.17151257      1          0
91              0              0         0  0.00000000     -1          1
92              0              0         0  0.00000000     -1          2
93            114            115         1  0.85118944      1          0
94            116            117         2  0.31663589      1          0
95              0              0         0  0.00000000     -1          1
96            118            119         2  0.42945585      1          0
97              0              0         0  0.00000000     -1          2
98              0              0         0  0.00000000     -1          1
99              0              0         0  0.00000000     -1          1
100           120            121         1  0.85965680      1          0
101           122            123         1  0.82049608      1          0
102           124            125         1  0.04987713      1          0
103             0              0         0  0.00000000     -1          2
104             0              0         0  0.00000000     -1          2
105             0              0         0  0.00000000     -1          2
106           126            127         1  0.67207742      1          0
107             0              0         0  0.00000000     -1          1
108             0              0         0  0.00000000     -1          2
109             0              0         0  0.00000000     -1          2
110             0              0         0  0.00000000     -1          1
111             0              0         0  0.00000000     -1          1
112             0              0         0  0.00000000     -1          1
113             0              0         0  0.00000000     -1          1
114             0              0         0  0.00000000     -1          1
115             0              0         0  0.00000000     -1          1
116             0              0         0  0.00000000     -1          2
117             0              0         0  0.00000000     -1          2
118             0              0         0  0.00000000     -1          2
119             0              0         0  0.00000000     -1          2
120             0              0         0  0.00000000     -1          1
121             0              0         0  0.00000000     -1          1
122             0              0         0  0.00000000     -1          2
123             0              0         0  0.00000000     -1          1
124             0              0         0  0.00000000     -1          2
125             0              0         0  0.00000000     -1          2
126             0              0         0  0.00000000     -1          2
127             0              0         0  0.00000000     -1          2
