    left daughter right daughter split var split point status prediction
1               2              3         2  0.26431285      1          0
2               4              5         1  0.21060237      1          0
3               6              7         1  0.50462622      1          0
4               8              9         1  0.19680991      1          0
5              10             11         1  0.27656743      1          0
6              12             13         2  0.27277389      1          0
7              14             15         2  0.73874850      1          0
8              16             17         1  0.17678651      1          0
9               0              0         0  0.00000000     -1          2
10              0              0         0  0.00000000     -1          1
11             18             19         2  0.23909257      1          0
12              0              0         0  0.00000000     -1          1
13             20             21         2  0.37285697      1          0
14             22             23         1  0.64864919      1          0
15             24             25         1  0.88213292      1          0
16             26             27         1  0.03206091      1          0
17              0              0         0  0.00000000     -1          1
18             28             29         1  0.28610653      1          0
19              0              0         0  0.00000000     -1          1
20             30             31         1  0.05883360      1          0
21             32             33         1  0.28262448      1          0
22             34             35         1  0.51667395      1          0
23             36             37         1  0.70935747      1          0
24             38             39         1  0.72924019      1          0
25             40             41         1  0.98773860      1          0
26              0              0         0  0.00000000     -1          1
27             42             43         1  0.15242744      1          0
28              0              0         0  0.00000000     -1          2
29             44             45         2  0.05844564      1          0
30              0              0         0  0.00000000     -1          2
31              0              0         0  0.00000000     -1          2
32             46             47         1  0.27954122      1          0
33             48             49         2  0.37815806      1          0
34              0              0         0  0.00000000     -1          1
35             50             51         2  0.67138899      1          0
36              0              0         0  0.00000000     -1          1
37             52             53         2  0.30034004      1          0
38             54             55         1  0.60072031      1          0
39             56             57         2  0.87595120      1          0
40             58             59         1  0.97805674      1          0
41              0              0         0  0.00000000     -1          2
42              0              0         0  0.00000000     -1          1
43              0              0         0  0.00000000     -1          1
44             60             61         1  0.85118944      1          0
45             62             63         1  0.30119303      1          0
46             64             65         1  0.04344081      1          0
47              0              0         0  0.00000000     -1          1
48              0              0         0  0.00000000     -1          1
49             66             67         2  0.66263626      1          0
50             68             69         1  0.51941007      1          0
51              0              0         0  0.00000000     -1          2
52              0              0         0  0.00000000     -1          1
53             70             71         1  0.71531327      1          0
54             72             73         2  0.86304568      1          0
55             74             75         1  0.67174242      1          0
56             76             77         2  0.76271518      1          0
57             78             79         1  0.73366812      1          0
58             80             81         2  0.79554108      1          0
59              0              0         0  0.00000000     -1          1
60             82             83         2  0.05634717      1          0
61              0              0         0  0.00000000     -1          1
62              0              0         0  0.00000000     -1          1
63             84             85         2  0.11699445      1          0
64             86             87         2  0.69750675      1          0
65             88             89         1  0.10186526      1          0
66             90             91         1  0.48040114      1          0
67             92             93         2  0.67126815      1          0
68              0              0         0  0.00000000     -1          2
69             94             95         2  0.27935214      1          0
70              0              0         0  0.00000000     -1          2
71             96             97         1  0.80582821      1          0
72              0              0         0  0.00000000     -1          2
73              0              0         0  0.00000000     -1          2
74             98             99         2  0.85513135      1          0
75              0              0         0  0.00000000     -1          2
76              0              0         0  0.00000000     -1          2
77              0              0         0  0.00000000     -1          2
78              0              0         0  0.00000000     -1          1
79            100            101         1  0.81150791      1          0
80              0              0         0  0.00000000     -1          1
81            102            103         1  0.88692097      1          0
82            104            105         1  0.79447673      1          0
83              0              0         0  0.00000000     -1          2
84            106            107         2  0.11614863      1          0
85              0              0         0  0.00000000     -1          1
86            108            109         2  0.44375234      1          0
87              0              0         0  0.00000000     -1          2
88              0              0         0  0.00000000     -1          2
89            110            111         2  0.40002592      1          0
90              0              0         0  0.00000000     -1          2
91              0              0         0  0.00000000     -1          2
92              0              0         0  0.00000000     -1          1
93            112            113         2  0.76697560      1          0
94              0              0         0  0.00000000     -1          2
95            114            115         1  0.57226101      1          0
96            116            117         2  0.43474785      1          0
97            118            119         1  0.92928590      1          0
98              0              0         0  0.00000000     -1          2
99              0              0         0  0.00000000     -1          2
100             0              0         0  0.00000000     -1          2
101             0              0         0  0.00000000     -1          2
102             0              0         0  0.00000000     -1          1
103             0              0         0  0.00000000     -1          2
104             0              0         0  0.00000000     -1          1
105             0              0         0  0.00000000     -1          2
106             0              0         0  0.00000000     -1          1
107             0              0         0  0.00000000     -1          2
108             0              0         0  0.00000000     -1          2
109             0              0         0  0.00000000     -1          2
110             0              0         0  0.00000000     -1          1
111           120            121         2  0.79299737      1          0
112           122            123         1  0.46379831      1          0
113           124            125         1  0.44463372      1          0
114             0              0         0  0.00000000     -1          1
115           126            127         1  0.59080614      1          0
116             0              0         0  0.00000000     -1          1
117             0              0         0  0.00000000     -1          1
118             0              0         0  0.00000000     -1          1
119             0              0         0  0.00000000     -1          1
120             0              0         0  0.00000000     -1          2
121             0              0         0  0.00000000     -1          2
122             0              0         0  0.00000000     -1          2
123             0              0         0  0.00000000     -1          2
124             0              0         0  0.00000000     -1          2
125             0              0         0  0.00000000     -1          2
126             0              0         0  0.00000000     -1          2
127             0              0         0  0.00000000     -1          1
