    left daughter right daughter split var split point status prediction
1               2              3         1  0.50245135      1          0
2               4              5         2  0.26328382      1          0
3               6              7         2  0.76711274      1          0
4               8              9         1  0.36133486      1          0
5              10             11         2  0.31176491      1          0
6              12             13         1  0.59190350      1          0
7              14             15         2  0.79218924      1          0
8              16             17         2  0.01882235      1          0
9              18             19         2  0.25026969      1          0
10              0              0         0  0.00000000     -1          2
11             20             21         2  0.81739619      1          0
12             22             23         2  0.62155540      1          0
13             24             25         1  0.80519900      1          0
14              0              0         0  0.00000000     -1          2
15             26             27         2  0.87346672      1          0
16              0              0         0  0.00000000     -1          2
17             28             29         1  0.35249570      1          0
18              0              0         0  0.00000000     -1          1
19              0              0         0  0.00000000     -1          1
20             30             31         1  0.48040114      1          0
21             32             33         2  0.87479976      1          0
22             34             35         2  0.29852907      1          0
23              0              0         0  0.00000000     -1          2
24             36             37         1  0.63911227      1          0
25             38             39         1  0.89941392      1          0
26             40             41         1  0.65151930      1          0
27             42             43         2  0.88820435      1          0
28             44             45         1  0.29693157      1          0
29              0              0         0  0.00000000     -1          2
30             46             47         1  0.32002094      1          0
31              0              0         0  0.00000000     -1          2
32              0              0         0  0.00000000     -1          2
33             48             49         2  0.87601012      1          0
34              0              0         0  0.00000000     -1          1
35             50             51         1  0.57993615      1          0
36             52             53         2  0.66373120      1          0
37             54             55         2  0.27738444      1          0
38             56             57         2  0.31060421      1          0
39             58             59         1  0.96025408      1          0
40              0              0         0  0.00000000     -1          2
41              0              0         0  0.00000000     -1          2
42              0              0         0  0.00000000     -1          1
43             60             61         1  0.60841566      1          0
44             62             63         2  0.17024237      1          0
45              0              0         0  0.00000000     -1          1
46             64             65         2  0.81688007      1          0
47             66             67         1  0.45480707      1          0
48              0              0         0  0.00000000     -1          1
49             68             69         2  0.91057960      1          0
50             70             71         1  0.52687600      1          0
51              0              0         0  0.00000000     -1          2
52             72             73         2  0.48397592      1          0
53              0              0         0  0.00000000     -1          2
54             74             75         1  0.75478380      1          0
55             76             77         2  0.63832459      1          0
56             78             79         2  0.28615820      1          0
57             80             81         2  0.72793464      1          0
58             82             83         2  0.21382661      1          0
59             84             85         1  0.98114792      1          0
60              0              0         0  0.00000000     -1          2
61             86             87         2  0.96765013      1          0
62             88             89         2  0.11662459      1          0
63             90             91         1  0.15058511      1          0
64             92             93         2  0.34796783      1          0
65              0              0         0  0.00000000     -1          1
66              0              0         0  0.00000000     -1          2
67              0              0         0  0.00000000     -1          2
68             94             95         2  0.90780428      1          0
69             96             97         1  0.09191310      1          0
70              0              0         0  0.00000000     -1          1
71              0              0         0  0.00000000     -1          1
72              0              0         0  0.00000000     -1          1
73              0              0         0  0.00000000     -1          1
74              0              0         0  0.00000000     -1          1
75              0              0         0  0.00000000     -1          1
76              0              0         0  0.00000000     -1          1
77              0              0         0  0.00000000     -1          1
78             98             99         2  0.21162986      1          0
79              0              0         0  0.00000000     -1          2
80            100            101         1  0.80582821      1          0
81              0              0         0  0.00000000     -1          1
82              0              0         0  0.00000000     -1          1
83            102            103         1  0.95859209      1          0
84              0              0         0  0.00000000     -1          1
85              0              0         0  0.00000000     -1          1
86            104            105         2  0.91049734      1          0
87              0              0         0  0.00000000     -1          2
88            106            107         2  0.11303919      1          0
89              0              0         0  0.00000000     -1          1
90              0              0         0  0.00000000     -1          1
91              0              0         0  0.00000000     -1          2
92              0              0         0  0.00000000     -1          2
93            108            109         2  0.34849768      1          0
94            110            111         1  0.31640094      1          0
95              0              0         0  0.00000000     -1          1
96              0              0         0  0.00000000     -1          2
97              0              0         0  0.00000000     -1          2
98            112            113         2  0.15572085      1          0
99              0              0         0  0.00000000     -1          1
100             0              0         0  0.00000000     -1          2
101           114            115         2  0.60746124      1          0
102           116            117         2  0.30260881      1          0
103             0              0         0  0.00000000     -1          2
104             0              0         0  0.00000000     -1          2
105             0              0         0  0.00000000     -1          2
106           118            119         1  0.02301871      1          0
107             0              0         0  0.00000000     -1          2
108             0              0         0  0.00000000     -1          1
109           120            121         1  0.31827607      1          0
110             0              0         0  0.00000000     -1          2
111             0              0         0  0.00000000     -1          2
112             0              0         0  0.00000000     -1          1
113             0              0         0  0.00000000     -1          2
114           122            123         1  0.89759213      1          0
115             0              0         0  0.00000000     -1          1
116             0              0         0  0.00000000     -1          1
117           124            125         1  0.93021873      1          0
118             0              0         0  0.00000000     -1          1
119             0              0         0  0.00000000     -1          1
120           126            127         2  0.39812411      1          0
121             0              0         0  0.00000000     -1          1
122             0              0         0  0.00000000     -1          1
123             0              0         0  0.00000000     -1          2
124             0              0         0  0.00000000     -1          1
125             0              0         0  0.00000000     -1          1
126             0              0         0  0.00000000     -1          2
127             0              0         0  0.00000000     -1          2
