    left daughter right daughter split var split point status prediction
1               2              3         2  0.26328382      1          0
2               4              5         1  0.21006626      1          0
3               6              7         1  0.49974898      1          0
4               8              9         1  0.18597346      1          0
5              10             11         1  0.99307712      1          0
6              12             13         1  0.39612346      1          0
7              14             15         2  0.73845554      1          0
8              16             17         2  0.01506629      1          0
9               0              0         0  0.00000000     -1          2
10             18             19         1  0.81154381      1          0
11              0              0         0  0.00000000     -1          1
12             20             21         2  0.27127909      1          0
13             22             23         2  0.34997967      1          0
14             24             25         2  0.63832459      1          0
15             26             27         2  0.78427478      1          0
16              0              0         0  0.00000000     -1          1
17             28             29         2  0.10208572      1          0
18             30             31         2  0.25471013      1          0
19             32             33         2  0.02980838      1          0
20              0              0         0  0.00000000     -1          2
21             34             35         1  0.35562900      1          0
22              0              0         0  0.00000000     -1          1
23             36             37         2  0.47050016      1          0
24             38             39         2  0.27223734      1          0
25             40             41         1  0.59097681      1          0
26             42             43         1  0.86924081      1          0
27             44             45         1  0.98024714      1          0
28              0              0         0  0.00000000     -1          1
29             46             47         1  0.17678651      1          0
30             48             49         1  0.39375924      1          0
31              0              0         0  0.00000000     -1          1
32              0              0         0  0.00000000     -1          2
33             50             51         2  0.15572085      1          0
34             52             53         1  0.02043470      1          0
35             54             55         2  0.32659118      1          0
36              0              0         0  0.00000000     -1          2
37             56             57         1  0.44659387      1          0
38              0              0         0  0.00000000     -1          2
39             58             59         1  0.74697763      1          0
40              0              0         0  0.00000000     -1          2
41             60             61         2  0.64158855      1          0
42             62             63         1  0.80593466      1          0
43              0              0         0  0.00000000     -1          1
44             64             65         2  0.96269292      1          0
45              0              0         0  0.00000000     -1          1
46             66             67         1  0.03290104      1          0
47              0              0         0  0.00000000     -1          1
48             68             69         2  0.13830594      1          0
49             70             71         2  0.13390100      1          0
50             72             73         2  0.08223811      1          0
51             74             75         1  0.81882078      1          0
52              0              0         0  0.00000000     -1          2
53             76             77         1  0.02429295      1          0
54              0              0         0  0.00000000     -1          1
55             78             79         2  0.68537634      1          0
56             80             81         2  0.89989947      1          0
57              0              0         0  0.00000000     -1          2
58             82             83         1  0.50446249      1          0
59             84             85         2  0.29745866      1          0
60              0              0         0  0.00000000     -1          2
61             86             87         2  0.68717594      1          0
62              0              0         0  0.00000000     -1          2
63              0              0         0  0.00000000     -1          2
64             88             89         1  0.55694668      1          0
65             90             91         2  0.98642009      1          0
66              0              0         0  0.00000000     -1          1
67              0              0         0  0.00000000     -1          1
68              0              0         0  0.00000000     -1          1
69             92             93         2  0.14797477      1          0
70              0              0         0  0.00000000     -1          1
71             94             95         2  0.13931124      1          0
72              0              0         0  0.00000000     -1          1
73             96             97         2  0.09026186      1          0
74              0              0         0  0.00000000     -1          2
75              0              0         0  0.00000000     -1          1
76              0              0         0  0.00000000     -1          1
77             98             99         1  0.08400131      1          0
78              0              0         0  0.00000000     -1          2
79              0              0         0  0.00000000     -1          1
80              0              0         0  0.00000000     -1          2
81              0              0         0  0.00000000     -1          2
82              0              0         0  0.00000000     -1          1
83            100            101         1  0.63911227      1          0
84              0              0         0  0.00000000     -1          2
85            102            103         1  0.75275047      1          0
86              0              0         0  0.00000000     -1          1
87            104            105         1  0.65499391      1          0
88              0              0         0  0.00000000     -1          2
89            106            107         2  0.91014730      1          0
90              0              0         0  0.00000000     -1          1
91              0              0         0  0.00000000     -1          2
92              0              0         0  0.00000000     -1          2
93            108            109         1  0.29202625      1          0
94              0              0         0  0.00000000     -1          2
95              0              0         0  0.00000000     -1          1
96              0              0         0  0.00000000     -1          2
97              0              0         0  0.00000000     -1          1
98            110            111         2  0.70986728      1          0
99            112            113         2  0.36928695      1          0
100           114            115         2  0.48397592      1          0
101             0              0         0  0.00000000     -1          1
102             0              0         0  0.00000000     -1          2
103           116            117         1  0.93251636      1          0
104             0              0         0  0.00000000     -1          2
105             0              0         0  0.00000000     -1          1
106           118            119         2  0.88135914      1          0
107           120            121         2  0.95692386      1          0
108             0              0         0  0.00000000     -1          1
109             0              0         0  0.00000000     -1          1
110           122            123         2  0.69666388      1          0
111             0              0         0  0.00000000     -1          2
112             0              0         0  0.00000000     -1          2
113           124            125         2  0.37816291      1          0
114           126            127         2  0.32038748      1          0
115             0              0         0  0.00000000     -1          1
116             0              0         0  0.00000000     -1          1
117             0              0         0  0.00000000     -1          1
118             0              0         0  0.00000000     -1          2
119             0              0         0  0.00000000     -1          1
120             0              0         0  0.00000000     -1          2
121             0              0         0  0.00000000     -1          2
122             0              0         0  0.00000000     -1          2
123             0              0         0  0.00000000     -1          1
124             0              0         0  0.00000000     -1          1
125             0              0         0  0.00000000     -1          2
126             0              0         0  0.00000000     -1          1
127             0              0         0  0.00000000     -1          1
