    left daughter right daughter split var split point status prediction
1               2              3         1  0.50462622      1          0
2               4              5         2  0.26328382      1          0
3               6              7         1  0.97840984      1          0
4               8              9         1  0.17678651      1          0
5              10             11         1  0.48365727      1          0
6              12             13         2  0.79554108      1          0
7              14             15         2  0.78455799      1          0
8              16             17         2  0.01506629      1          0
9              18             19         1  0.18834854      1          0
10             20             21         2  0.39812411      1          0
11              0              0         0  0.00000000     -1          2
12             22             23         2  0.55386658      1          0
13             24             25         2  0.87223248      1          0
14             26             27         2  0.13670715      1          0
15              0              0         0  0.00000000     -1          2
16              0              0         0  0.00000000     -1          1
17             28             29         2  0.21286190      1          0
18              0              0         0  0.00000000     -1          2
19             30             31         1  0.38927812      1          0
20             32             33         1  0.44118455      1          0
21             34             35         2  0.75828619      1          0
22             36             37         1  0.76297588      1          0
23             38             39         2  0.55547837      1          0
24             40             41         2  0.84287508      1          0
25             42             43         2  0.91014730      1          0
26              0              0         0  0.00000000     -1          1
27              0              0         0  0.00000000     -1          1
28              0              0         0  0.00000000     -1          1
29              0              0         0  0.00000000     -1          1
30             44             45         1  0.37669486      1          0
31             46             47         1  0.47760509      1          0
32             48             49         1  0.31198572      1          0
33              0              0         0  0.00000000     -1          1
34             50             51         2  0.68459680      1          0
35             52             53         2  0.75868160      1          0
36             54             55         1  0.54951417      1          0
37             56             57         1  0.76706753      1          0
38              0              0         0  0.00000000     -1          2
39             58             59         2  0.70978961      1          0
40              0              0         0  0.00000000     -1          2
41             60             61         2  0.84360413      1          0
42             62             63         2  0.88599132      1          0
43             64             65         1  0.69865173      1          0
44             66             67         2  0.25471013      1          0
45              0              0         0  0.00000000     -1          2
46              0              0         0  0.00000000     -1          1
47              0              0         0  0.00000000     -1          1
48             68             69         1  0.30476724      1          0
49             70             71         1  0.39239088      1          0
50             72             73         1  0.48040114      1          0
51              0              0         0  0.00000000     -1          2
52              0              0         0  0.00000000     -1          1
53             74             75         2  0.81739619      1          0
54              0              0         0  0.00000000     -1          1
55             76             77         2  0.27536036      1          0
56              0              0         0  0.00000000     -1          2
57             78             79         1  0.96025408      1          0
58             80             81         2  0.58619263      1          0
59             82             83         1  0.70902033      1          0
60              0              0         0  0.00000000     -1          1
61              0              0         0  0.00000000     -1          2
62              0              0         0  0.00000000     -1          2
63              0              0         0  0.00000000     -1          1
64             84             85         1  0.69573771      1          0
65             86             87         2  0.98238887      1          0
66             88             89         1  0.31244412      1          0
67              0              0         0  0.00000000     -1          2
68             90             91         1  0.25178980      1          0
69              0              0         0  0.00000000     -1          1
70              0              0         0  0.00000000     -1          2
71              0              0         0  0.00000000     -1          2
72             92             93         2  0.68043380      1          0
73              0              0         0  0.00000000     -1          1
74             94             95         2  0.81688007      1          0
75             96             97         1  0.24581032      1          0
76             98             99         2  0.26852113      1          0
77            100            101         2  0.43347499      1          0
78            102            103         2  0.10988070      1          0
79              0              0         0  0.00000000     -1          1
80              0              0         0  0.00000000     -1          1
81            104            105         1  0.58950111      1          0
82              0              0         0  0.00000000     -1          2
83              0              0         0  0.00000000     -1          1
84              0              0         0  0.00000000     -1          2
85              0              0         0  0.00000000     -1          1
86              0              0         0  0.00000000     -1          2
87              0              0         0  0.00000000     -1          2
88            106            107         2  0.01882235      1          0
89              0              0         0  0.00000000     -1          1
90            108            109         2  0.37267478      1          0
91              0              0         0  0.00000000     -1          2
92            110            111         1  0.14196023      1          0
93              0              0         0  0.00000000     -1          1
94            112            113         1  0.35266472      1          0
95              0              0         0  0.00000000     -1          1
96            114            115         1  0.22374762      1          0
97            116            117         1  0.35999936      1          0
98            118            119         1  0.65471896      1          0
99              0              0         0  0.00000000     -1          2
100             0              0         0  0.00000000     -1          1
101           120            121         2  0.43706653      1          0
102           122            123         2  0.03793482      1          0
103           124            125         1  0.89769941      1          0
104             0              0         0  0.00000000     -1          1
105           126            127         1  0.71031934      1          0
106             0              0         0  0.00000000     -1          2
107             0              0         0  0.00000000     -1          1
108             0              0         0  0.00000000     -1          2
109             0              0         0  0.00000000     -1          1
110             0              0         0  0.00000000     -1          2
111             0              0         0  0.00000000     -1          2
112             0              0         0  0.00000000     -1          2
113             0              0         0  0.00000000     -1          2
114             0              0         0  0.00000000     -1          2
115             0              0         0  0.00000000     -1          1
116             0              0         0  0.00000000     -1          2
117             0              0         0  0.00000000     -1          2
118             0              0         0  0.00000000     -1          1
119             0              0         0  0.00000000     -1          1
120             0              0         0  0.00000000     -1          2
121             0              0         0  0.00000000     -1          1
122             0              0         0  0.00000000     -1          2
123             0              0         0  0.00000000     -1          1
124             0              0         0  0.00000000     -1          1
125             0              0         0  0.00000000     -1          1
126             0              0         0  0.00000000     -1          1
127             0              0         0  0.00000000     -1          1
