    left daughter right daughter split var split point status prediction
1               2              3         2  0.25471013      1          0
2               4              5         2  0.11568255      1          0
3               6              7         2  0.71049208      1          0
4               8              9         2  0.03301002      1          0
5              10             11         1  0.17254751      1          0
6              12             13         2  0.70729647      1          0
7              14             15         2  0.92330569      1          0
8              16             17         1  0.83931495      1          0
9              18             19         1  0.03048710      1          0
10              0              0         0  0.00000000     -1          1
11             20             21         1  0.34136584      1          0
12             22             23         1  0.49974898      1          0
13              0              0         0  0.00000000     -1          1
14             24             25         1  0.88154238      1          0
15             26             27         1  0.24453160      1          0
16             28             29         2  0.01882235      1          0
17              0              0         0  0.00000000     -1          1
18              0              0         0  0.00000000     -1          2
19             30             31         2  0.08123549      1          0
20             32             33         2  0.15573686      1          0
21             34             35         1  0.80920860      1          0
22             36             37         1  0.31028816      1          0
23             38             39         1  0.55712929      1          0
24             40             41         1  0.55591482      1          0
25             42             43         2  0.80776143      1          0
26             44             45         2  0.95323368      1          0
27             46             47         2  0.96238372      1          0
28             48             49         2  0.01587933      1          0
29              0              0         0  0.00000000     -1          1
30             50             51         2  0.08107759      1          0
31              0              0         0  0.00000000     -1          1
32              0              0         0  0.00000000     -1          2
33             52             53         2  0.17024237      1          0
34             54             55         2  0.16500444      1          0
35             56             57         2  0.15299910      1          0
36             58             59         1  0.14907555      1          0
37             60             61         2  0.37522072      1          0
38             62             63         1  0.54818432      1          0
39             64             65         2  0.27141494      1          0
40             66             67         1  0.44659387      1          0
41             68             69         1  0.56847886      1          0
42              0              0         0  0.00000000     -1          1
43              0              0         0  0.00000000     -1          2
44              0              0         0  0.00000000     -1          2
45              0              0         0  0.00000000     -1          2
46              0              0         0  0.00000000     -1          2
47             70             71         1  0.60323739      1          0
48              0              0         0  0.00000000     -1          1
49              0              0         0  0.00000000     -1          2
50             72             73         2  0.05915033      1          0
51              0              0         0  0.00000000     -1          2
52              0              0         0  0.00000000     -1          1
53              0              0         0  0.00000000     -1          1
54             74             75         2  0.16141525      1          0
55              0              0         0  0.00000000     -1          1
56              0              0         0  0.00000000     -1          1
57              0              0         0  0.00000000     -1          1
58             76             77         1  0.14333252      1          0
59             78             79         1  0.25874089      1          0
60             80             81         1  0.31198572      1          0
61             82             83         2  0.61863133      1          0
62             84             85         2  0.49742860      1          0
63              0              0         0  0.00000000     -1          2
64              0              0         0  0.00000000     -1          2
65             86             87         2  0.45631603      1          0
66             88             89         2  0.89653731      1          0
67              0              0         0  0.00000000     -1          2
68              0              0         0  0.00000000     -1          1
69             90             91         2  0.87710896      1          0
70              0              0         0  0.00000000     -1          2
71              0              0         0  0.00000000     -1          2
72             92             93         2  0.05761681      1          0
73              0              0         0  0.00000000     -1          1
74             94             95         2  0.13754161      1          0
75              0              0         0  0.00000000     -1          2
76             96             97         2  0.28476720      1          0
77              0              0         0  0.00000000     -1          1
78             98             99         1  0.17184906      1          0
79            100            101         2  0.37643502      1          0
80              0              0         0  0.00000000     -1          1
81            102            103         2  0.34564821      1          0
82              0              0         0  0.00000000     -1          2
83              0              0         0  0.00000000     -1          2
84              0              0         0  0.00000000     -1          1
85              0              0         0  0.00000000     -1          1
86            104            105         1  0.86435275      1          0
87            106            107         1  0.58408357      1          0
88            108            109         1  0.10373124      1          0
89              0              0         0  0.00000000     -1          1
90            110            111         2  0.77916668      1          0
91            112            113         1  0.74739251      1          0
92              0              0         0  0.00000000     -1          1
93              0              0         0  0.00000000     -1          2
94              0              0         0  0.00000000     -1          1
95              0              0         0  0.00000000     -1          1
96              0              0         0  0.00000000     -1          1
97            114            115         1  0.04697963      1          0
98              0              0         0  0.00000000     -1          2
99              0              0         0  0.00000000     -1          2
100             0              0         0  0.00000000     -1          2
101             0              0         0  0.00000000     -1          2
102           116            117         1  0.36041969      1          0
103             0              0         0  0.00000000     -1          2
104             0              0         0  0.00000000     -1          1
105           118            119         1  0.86830154      1          0
106             0              0         0  0.00000000     -1          1
107           120            121         2  0.46377237      1          0
108             0              0         0  0.00000000     -1          2
109           122            123         1  0.11678914      1          0
110           124            125         1  0.66901098      1          0
111           126            127         2  0.84239452      1          0
112             0              0         0  0.00000000     -1          1
113             0              0         0  0.00000000     -1          2
114             0              0         0  0.00000000     -1          2
115             0              0         0  0.00000000     -1          2
116             0              0         0  0.00000000     -1          2
117             0              0         0  0.00000000     -1          1
118             0              0         0  0.00000000     -1          2
119             0              0         0  0.00000000     -1          1
120             0              0         0  0.00000000     -1          2
121             0              0         0  0.00000000     -1          1
122             0              0         0  0.00000000     -1          1
123             0              0         0  0.00000000     -1          2
124             0              0         0  0.00000000     -1          2
125             0              0         0  0.00000000     -1          2
126             0              0         0  0.00000000     -1          2
127             0              0         0  0.00000000     -1          2
