    left daughter right daughter split var split point status prediction
1               2              3         2 0.264312851      1          0
2               4              5         2 0.115682553      1          0
3               6              7         2 0.766140008      1          0
4               8              9         2 0.039716053      1          0
5              10             11         1 0.213103605      1          0
6              12             13         1 0.590806140      1          0
7              14             15         1 0.809922464      1          0
8              16             17         2 0.037149964      1          0
9              18             19         2 0.083356708      1          0
10             20             21         2 0.130772200      1          0
11             22             23         2 0.129487405      1          0
12             24             25         1 0.455982020      1          0
13             26             27         1 0.922527557      1          0
14             28             29         1 0.002186996      1          0
15             30             31         2 0.795541078      1          0
16             32             33         2 0.018309076      1          0
17              0              0         0 0.000000000     -1          2
18             34             35         1 0.693699731      1          0
19             36             37         1 0.035429214      1          0
20              0              0         0 0.000000000     -1          2
21             38             39         1 0.153163356      1          0
22              0              0         0 0.000000000     -1          1
23             40             41         2 0.254710134      1          0
24             42             43         2 0.317387315      1          0
25             44             45         1 0.572261010      1          0
26             46             47         2 0.274029106      1          0
27             48             49         1 0.953238256      1          0
28              0              0         0 0.000000000     -1          1
29             50             51         1 0.144772582      1          0
30              0              0         0 0.000000000     -1          1
31             52             53         2 0.888367040      1          0
32              0              0         0 0.000000000     -1          1
33             54             55         2 0.018822346      1          0
34             56             57         1 0.685058466      1          0
35              0              0         0 0.000000000     -1          1
36              0              0         0 0.000000000     -1          2
37             58             59         2 0.084366679      1          0
38             60             61         1 0.043403718      1          0
39              0              0         0 0.000000000     -1          2
40             62             63         1 0.654718957      1          0
41              0              0         0 0.000000000     -1          1
42             64             65         1 0.148265793      1          0
43             66             67         1 0.357704294      1          0
44             68             69         1 0.559001900      1          0
45              0              0         0 0.000000000     -1          2
46              0              0         0 0.000000000     -1          2
47             70             71         1 0.648200949      1          0
48              0              0         0 0.000000000     -1          2
49             72             73         2 0.567773528      1          0
50              0              0         0 0.000000000     -1          2
51             74             75         2 0.908061987      1          0
52              0              0         0 0.000000000     -1          2
53             76             77         2 0.929568694      1          0
54              0              0         0 0.000000000     -1          2
55             78             79         1 0.777052139      1          0
56              0              0         0 0.000000000     -1          1
57              0              0         0 0.000000000     -1          2
58              0              0         0 0.000000000     -1          2
59              0              0         0 0.000000000     -1          1
60              0              0         0 0.000000000     -1          1
61              0              0         0 0.000000000     -1          1
62             80             81         2 0.150391238      1          0
63             82             83         2 0.186439399      1          0
64              0              0         0 0.000000000     -1          2
65              0              0         0 0.000000000     -1          2
66             84             85         2 0.373246104      1          0
67              0              0         0 0.000000000     -1          2
68             86             87         2 0.489543645      1          0
69              0              0         0 0.000000000     -1          1
70             88             89         2 0.699588360      1          0
71             90             91         2 0.552070218      1          0
72              0              0         0 0.000000000     -1          1
73              0              0         0 0.000000000     -1          1
74             92             93         2 0.896028589      1          0
75             94             95         2 0.962692920      1          0
76              0              0         0 0.000000000     -1          1
77              0              0         0 0.000000000     -1          2
78              0              0         0 0.000000000     -1          1
79              0              0         0 0.000000000     -1          2
80              0              0         0 0.000000000     -1          1
81             96             97         1 0.308778418      1          0
82             98             99         1 0.658432883      1          0
83            100            101         1 0.934394198      1          0
84              0              0         0 0.000000000     -1          2
85            102            103         2 0.378763260      1          0
86            104            105         1 0.518071833      1          0
87            106            107         1 0.474722621      1          0
88            108            109         2 0.494242456      1          0
89              0              0         0 0.000000000     -1          2
90            110            111         1 0.862946005      1          0
91            112            113         2 0.564406838      1          0
92            114            115         2 0.828313552      1          0
93              0              0         0 0.000000000     -1          2
94              0              0         0 0.000000000     -1          2
95            116            117         2 0.965122044      1          0
96              0              0         0 0.000000000     -1          1
97              0              0         0 0.000000000     -1          1
98              0              0         0 0.000000000     -1          2
99            118            119         1 0.809208595      1          0
100             0              0         0 0.000000000     -1          1
101             0              0         0 0.000000000     -1          1
102             0              0         0 0.000000000     -1          1
103           120            121         1 0.354658824      1          0
104             0              0         0 0.000000000     -1          1
105             0              0         0 0.000000000     -1          1
106             0              0         0 0.000000000     -1          2
107           122            123         1 0.504462488      1          0
108             0              0         0 0.000000000     -1          1
109             0              0         0 0.000000000     -1          1
110             0              0         0 0.000000000     -1          1
111             0              0         0 0.000000000     -1          1
112             0              0         0 0.000000000     -1          2
113           124            125         2 0.742056195      1          0
114           126            127         2 0.827087415      1          0
115             0              0         0 0.000000000     -1          2
116             0              0         0 0.000000000     -1          1
117             0              0         0 0.000000000     -1          2
118             0              0         0 0.000000000     -1          1
119             0              0         0 0.000000000     -1          1
120             0              0         0 0.000000000     -1          2
121             0              0         0 0.000000000     -1          1
122             0              0         0 0.000000000     -1          2
123             0              0         0 0.000000000     -1          2
124             0              0         0 0.000000000     -1          1
125             0              0         0 0.000000000     -1          1
126             0              0         0 0.000000000     -1          2
127             0              0         0 0.000000000     -1          1
