    left daughter right daughter split var split point status prediction
1               2              3         2  0.26354503      1          0
2               4              5         2  0.11955675      1          0
3               6              7         1  0.58970327      1          0
4               8              9         1  0.03048710      1          0
5              10             11         1  0.65843288      1          0
6              12             13         1  0.48040114      1          0
7              14             15         2  0.76614001      1          0
8               0              0         0  0.00000000     -1          2
9              16             17         2  0.02969150      1          0
10             18             19         2  0.15201590      1          0
11             20             21         1  0.81882078      1          0
12             22             23         1  0.44549085      1          0
13             24             25         1  0.57366851      1          0
14             26             27         2  0.29585156      1          0
15             28             29         1  0.60072031      1          0
16             30             31         2  0.02877658      1          0
17             32             33         2  0.05844564      1          0
18             34             35         1  0.42056911      1          0
19             36             37         2  0.19925374      1          0
20             38             39         2  0.16286954      1          0
21              0              0         0  0.00000000     -1          1
22             40             41         1  0.35948053      1          0
23             42             43         2  0.36959546      1          0
24             44             45         1  0.55694668      1          0
25              0              0         0  0.00000000     -1          2
26              0              0         0  0.00000000     -1          1
27             46             47         2  0.52071961      1          0
28              0              0         0  0.00000000     -1          1
29             48             49         1  0.93254660      1          0
30             50             51         1  0.18834854      1          0
31              0              0         0  0.00000000     -1          2
32             52             53         2  0.05761681      1          0
33             54             55         1  0.37016422      1          0
34              0              0         0  0.00000000     -1          2
35              0              0         0  0.00000000     -1          1
36             56             57         2  0.17151257      1          0
37             58             59         2  0.20699401      1          0
38              0              0         0  0.00000000     -1          1
39              0              0         0  0.00000000     -1          1
40             60             61         2  0.37088002      1          0
41             62             63         1  0.39543346      1          0
42              0              0         0  0.00000000     -1          1
43             64             65         1  0.44675990      1          0
44             66             67         1  0.48285352      1          0
45              0              0         0  0.00000000     -1          1
46             68             69         1  0.60338418      1          0
47             70             71         1  0.97861377      1          0
48             72             73         2  0.79118420      1          0
49             74             75         2  0.82748095      1          0
50              0              0         0  0.00000000     -1          1
51              0              0         0  0.00000000     -1          1
52             76             77         2  0.03762433      1          0
53              0              0         0  0.00000000     -1          2
54             78             79         1  0.33310859      1          0
55              0              0         0  0.00000000     -1          1
56              0              0         0  0.00000000     -1          1
57              0              0         0  0.00000000     -1          1
58              0              0         0  0.00000000     -1          2
59             80             81         2  0.25417769      1          0
60             82             83         1  0.11871787      1          0
61             84             85         1  0.35575095      1          0
62             86             87         2  0.32659118      1          0
63              0              0         0  0.00000000     -1          2
64              0              0         0  0.00000000     -1          1
65             88             89         1  0.46543186      1          0
66              0              0         0  0.00000000     -1          1
67             90             91         2  0.49798337      1          0
68              0              0         0  0.00000000     -1          2
69             92             93         2  0.48520658      1          0
70             94             95         2  0.52266925      1          0
71              0              0         0  0.00000000     -1          2
72              0              0         0  0.00000000     -1          2
73             96             97         1  0.73624471      1          0
74              0              0         0  0.00000000     -1          1
75              0              0         0  0.00000000     -1          2
76              0              0         0  0.00000000     -1          1
77             98             99         1  0.73241856      1          0
78              0              0         0  0.00000000     -1          1
79              0              0         0  0.00000000     -1          2
80            100            101         2  0.22832430      1          0
81              0              0         0  0.00000000     -1          1
82            102            103         2  0.29648182      1          0
83              0              0         0  0.00000000     -1          2
84            104            105         2  0.37655976      1          0
85              0              0         0  0.00000000     -1          1
86              0              0         0  0.00000000     -1          2
87              0              0         0  0.00000000     -1          2
88              0              0         0  0.00000000     -1          2
89              0              0         0  0.00000000     -1          2
90            106            107         1  0.54951417      1          0
91            108            109         1  0.51072694      1          0
92              0              0         0  0.00000000     -1          1
93            110            111         2  0.49038208      1          0
94              0              0         0  0.00000000     -1          2
95            112            113         2  0.65957351      1          0
96            114            115         1  0.72995675      1          0
97            116            117         2  0.96367079      1          0
98              0              0         0  0.00000000     -1          1
99              0              0         0  0.00000000     -1          1
100             0              0         0  0.00000000     -1          1
101             0              0         0  0.00000000     -1          1
102             0              0         0  0.00000000     -1          1
103             0              0         0  0.00000000     -1          2
104             0              0         0  0.00000000     -1          1
105           118            119         1  0.18666195      1          0
106           120            121         1  0.52150950      1          0
107             0              0         0  0.00000000     -1          2
108             0              0         0  0.00000000     -1          2
109             0              0         0  0.00000000     -1          2
110             0              0         0  0.00000000     -1          2
111             0              0         0  0.00000000     -1          1
112           122            123         2  0.60767611      1          0
113           124            125         1  0.63147451      1          0
114           126            127         1  0.69865173      1          0
115             0              0         0  0.00000000     -1          1
116             0              0         0  0.00000000     -1          2
117             0              0         0  0.00000000     -1          2
118             0              0         0  0.00000000     -1          2
119             0              0         0  0.00000000     -1          2
120             0              0         0  0.00000000     -1          1
121             0              0         0  0.00000000     -1          1
122             0              0         0  0.00000000     -1          1
123             0              0         0  0.00000000     -1          1
124             0              0         0  0.00000000     -1          2
125             0              0         0  0.00000000     -1          1
126             0              0         0  0.00000000     -1          2
127             0              0         0  0.00000000     -1          2
