    left daughter right daughter split var split point status prediction
1               2              3         2 0.290544475      1          0
2               4              5         2 0.264312851      1          0
3               6              7         2 0.709142287      1          0
4               8              9         2 0.115682553      1          0
5              10             11         1 0.410697273      1          0
6              12             13         1 0.502483234      1          0
7              14             15         2 0.774140511      1          0
8              16             17         1 0.183876280      1          0
9              18             19         1 0.209805212      1          0
10              0              0         0 0.000000000     -1          2
11             20             21         1 0.673017383      1          0
12             22             23         2 0.311764910      1          0
13             24             25         2 0.520719614      1          0
14             26             27         2 0.772636398      1          0
15             28             29         2 0.874799763      1          0
16              0              0         0 0.000000000     -1          1
17             30             31         2 0.038872519      1          0
18             32             33         2 0.168857060      1          0
19             34             35         2 0.162731144      1          0
20              0              0         0 0.000000000     -1          1
21              0              0         0 0.000000000     -1          1
22              0              0         0 0.000000000     -1          2
23             36             37         2 0.666685149      1          0
24             38             39         2 0.308870240      1          0
25             40             41         1 0.584083572      1          0
26             42             43         2 0.719961162      1          0
27              0              0         0 0.000000000     -1          1
28             44             45         2 0.828313552      1          0
29             46             47         2 0.901249333      1          0
30             48             49         1 0.188348541      1          0
31             50             51         2 0.081235494      1          0
32              0              0         0 0.000000000     -1          1
33              0              0         0 0.000000000     -1          1
34             52             53         1 0.276567434      1          0
35              0              0         0 0.000000000     -1          1
36             54             55         2 0.430686916      1          0
37             56             57         2 0.671268147      1          0
38              0              0         0 0.000000000     -1          2
39             58             59         2 0.433474988      1          0
40              0              0         0 0.000000000     -1          2
41             60             61         2 0.524238081      1          0
42              0              0         0 0.000000000     -1          2
43             62             63         2 0.721225038      1          0
44             64             65         1 0.959998023      1          0
45              0              0         0 0.000000000     -1          2
46             66             67         2 0.897876668      1          0
47             68             69         1 0.979441502      1          0
48              0              0         0 0.000000000     -1          2
49             70             71         2 0.037843425      1          0
50             72             73         1 0.693699731      1          0
51              0              0         0 0.000000000     -1          1
52              0              0         0 0.000000000     -1          1
53             74             75         2 0.159280350      1          0
54             76             77         2 0.429455853      1          0
55             78             79         2 0.621571919      1          0
56              0              0         0 0.000000000     -1          1
57             80             81         1 0.266507005      1          0
58              0              0         0 0.000000000     -1          1
59             82             83         1 0.608873045      1          0
60              0              0         0 0.000000000     -1          2
61             84             85         2 0.560147355      1          0
62              0              0         0 0.000000000     -1          1
63             86             87         1 0.696015865      1          0
64             88             89         2 0.827087415      1          0
65              0              0         0 0.000000000     -1          1
66             90             91         2 0.876786053      1          0
67              0              0         0 0.000000000     -1          1
68             92             93         2 0.923380423      1          0
69              0              0         0 0.000000000     -1          1
70             94             95         2 0.015918954      1          0
71              0              0         0 0.000000000     -1          2
72             96             97         2 0.078794080      1          0
73              0              0         0 0.000000000     -1          1
74             98             99         2 0.151481062      1          0
75              0              0         0 0.000000000     -1          2
76            100            101         2 0.346990823      1          0
77              0              0         0 0.000000000     -1          1
78              0              0         0 0.000000000     -1          2
79            102            103         2 0.627823545      1          0
80              0              0         0 0.000000000     -1          2
81              0              0         0 0.000000000     -1          2
82              0              0         0 0.000000000     -1          1
83              0              0         0 0.000000000     -1          1
84              0              0         0 0.000000000     -1          1
85            104            105         1 0.819314798      1          0
86            106            107         1 0.059705443      1          0
87              0              0         0 0.000000000     -1          1
88            108            109         2 0.822502645      1          0
89              0              0         0 0.000000000     -1          1
90              0              0         0 0.000000000     -1          1
91            110            111         2 0.881282665      1          0
92              0              0         0 0.000000000     -1          2
93            112            113         1 0.008546924      1          0
94              0              0         0 0.000000000     -1          1
95            114            115         2 0.018822346      1          0
96            116            117         1 0.685058466      1          0
97              0              0         0 0.000000000     -1          2
98            118            119         2 0.147377661      1          0
99              0              0         0 0.000000000     -1          1
100             0              0         0 0.000000000     -1          2
101           120            121         2 0.351147511      1          0
102             0              0         0 0.000000000     -1          1
103             0              0         0 0.000000000     -1          2
104           122            123         2 0.615074482      1          0
105           124            125         2 0.601314055      1          0
106             0              0         0 0.000000000     -1          1
107           126            127         1 0.463798307      1          0
108             0              0         0 0.000000000     -1          2
109             0              0         0 0.000000000     -1          2
110             0              0         0 0.000000000     -1          2
111             0              0         0 0.000000000     -1          2
112             0              0         0 0.000000000     -1          1
113             0              0         0 0.000000000     -1          2
114             0              0         0 0.000000000     -1          2
115             0              0         0 0.000000000     -1          1
116             0              0         0 0.000000000     -1          1
117             0              0         0 0.000000000     -1          2
118             0              0         0 0.000000000     -1          1
119             0              0         0 0.000000000     -1          2
120             0              0         0 0.000000000     -1          1
121             0              0         0 0.000000000     -1          2
122             0              0         0 0.000000000     -1          2
123             0              0         0 0.000000000     -1          1
124             0              0         0 0.000000000     -1          1
125             0              0         0 0.000000000     -1          1
126             0              0         0 0.000000000     -1          2
127             0              0         0 0.000000000     -1          2
