    left daughter right daughter split var split point status prediction
1               2              3         2 0.292470779      1          0
2               4              5         2 0.254710134      1          0
3               6              7         1 0.504626222      1          0
4               8              9         1 0.384334175      1          0
5              10             11         1 0.569838956      1          0
6              12             13         2 0.311764910      1          0
7              14             15         2 0.739288998      1          0
8              16             17         1 0.124702333      1          0
9              18             19         1 0.650949917      1          0
10             20             21         2 0.277176209      1          0
11              0              0         0 0.000000000     -1          1
12              0              0         0 0.000000000     -1          2
13             22             23         2 0.347967829      1          0
14             24             25         1 0.639663175      1          0
15             26             27         1 0.984271329      1          0
16              0              0         0 0.000000000     -1          1
17             28             29         2 0.012772465      1          0
18              0              0         0 0.000000000     -1          1
19             30             31         1 0.690638186      1          0
20              0              0         0 0.000000000     -1          2
21              0              0         0 0.000000000     -1          1
22             32             33         2 0.317387315      1          0
23             34             35         1 0.001683716      1          0
24             36             37         1 0.621776838      1          0
25             38             39         2 0.305479650      1          0
26             40             41         1 0.970945597      1          0
27              0              0         0 0.000000000     -1          1
28              0              0         0 0.000000000     -1          2
29             42             43         1 0.379043511      1          0
30              0              0         0 0.000000000     -1          2
31             44             45         1 0.811543811      1          0
32              0              0         0 0.000000000     -1          2
33              0              0         0 0.000000000     -1          2
34              0              0         0 0.000000000     -1          1
35             46             47         2 0.349373598      1          0
36             48             49         2 0.670284491      1          0
37              0              0         0 0.000000000     -1          2
38              0              0         0 0.000000000     -1          2
39             50             51         1 0.806390698      1          0
40             52             53         1 0.949906304      1          0
41              0              0         0 0.000000000     -1          2
42             54             55         2 0.198325211      1          0
43              0              0         0 0.000000000     -1          2
44              0              0         0 0.000000000     -1          1
45             56             57         1 0.816972990      1          0
46              0              0         0 0.000000000     -1          1
47             58             59         2 0.377337753      1          0
48             60             61         1 0.549530324      1          0
49              0              0         0 0.000000000     -1          2
50             62             63         1 0.803130518      1          0
51             64             65         2 0.587469738      1          0
52             66             67         1 0.885821757      1          0
53              0              0         0 0.000000000     -1          1
54             68             69         1 0.273962001      1          0
55              0              0         0 0.000000000     -1          1
56              0              0         0 0.000000000     -1          2
57             70             71         2 0.034818433      1          0
58             72             73         2 0.372856967      1          0
59             74             75         2 0.544152123      1          0
60              0              0         0 0.000000000     -1          1
61             76             77         2 0.578363987      1          0
62             78             79         2 0.560147355      1          0
63              0              0         0 0.000000000     -1          2
64              0              0         0 0.000000000     -1          1
65             80             81         1 0.938981038      1          0
66             82             83         1 0.740115557      1          0
67              0              0         0 0.000000000     -1          2
68             84             85         2 0.035974488      1          0
69             86             87         2 0.166498476      1          0
70              0              0         0 0.000000000     -1          1
71             88             89         2 0.168772562      1          0
72              0              0         0 0.000000000     -1          2
73              0              0         0 0.000000000     -1          1
74             90             91         1 0.480401142      1          0
75             92             93         2 0.548878427      1          0
76              0              0         0 0.000000000     -1          1
77              0              0         0 0.000000000     -1          1
78             94             95         1 0.772693206      1          0
79              0              0         0 0.000000000     -1          1
80              0              0         0 0.000000000     -1          1
81              0              0         0 0.000000000     -1          1
82             96             97         2 0.821269134      1          0
83             98             99         2 0.758589162      1          0
84              0              0         0 0.000000000     -1          1
85              0              0         0 0.000000000     -1          1
86              0              0         0 0.000000000     -1          2
87              0              0         0 0.000000000     -1          1
88              0              0         0 0.000000000     -1          1
89              0              0         0 0.000000000     -1          1
90            100            101         1 0.105305903      1          0
91              0              0         0 0.000000000     -1          2
92              0              0         0 0.000000000     -1          1
93            102            103         2 0.575955090      1          0
94              0              0         0 0.000000000     -1          1
95              0              0         0 0.000000000     -1          1
96            104            105         1 0.683366736      1          0
97            106            107         2 0.899236252      1          0
98              0              0         0 0.000000000     -1          2
99            108            109         1 0.811507910      1          0
100             0              0         0 0.000000000     -1          2
101             0              0         0 0.000000000     -1          2
102             0              0         0 0.000000000     -1          2
103           110            111         2 0.578619632      1          0
104             0              0         0 0.000000000     -1          2
105             0              0         0 0.000000000     -1          2
106           112            113         1 0.715671222      1          0
107           114            115         2 0.969170447      1          0
108             0              0         0 0.000000000     -1          2
109             0              0         0 0.000000000     -1          2
110             0              0         0 0.000000000     -1          1
111           116            117         2 0.898029371      1          0
112           118            119         1 0.672077418      1          0
113             0              0         0 0.000000000     -1          1
114             0              0         0 0.000000000     -1          2
115             0              0         0 0.000000000     -1          2
116           120            121         1 0.053526843      1          0
117           122            123         2 0.905858456      1          0
118           124            125         2 0.881282665      1          0
119             0              0         0 0.000000000     -1          2
120             0              0         0 0.000000000     -1          2
121           126            127         2 0.627823545      1          0
122             0              0         0 0.000000000     -1          1
123             0              0         0 0.000000000     -1          2
124             0              0         0 0.000000000     -1          2
125             0              0         0 0.000000000     -1          1
126             0              0         0 0.000000000     -1          2
127             0              0         0 0.000000000     -1          2
