    left daughter right daughter split var split point status prediction
1               2              3         1  0.51945828      1          0
2               4              5         1  0.45928939      1          0
3               6              7         2  0.73524415      1          0
4               8              9         2  0.26110998      1          0
5              10             11         1  0.49011698      1          0
6              12             13         1  0.55243947      1          0
7              14             15         1  0.80992246      1          0
8              16             17         1  0.34229276      1          0
9              18             19         2  0.67868986      1          0
10             20             21         2  0.24989584      1          0
11             22             23         2  0.50258546      1          0
12             24             25         1  0.54784084      1          0
13             26             27         1  0.86695154      1          0
14             28             29         2  0.89923625      1          0
15             30             31         1  0.82211942      1          0
16             32             33         1  0.33109953      1          0
17              0              0         0  0.00000000     -1          1
18             34             35         1  0.45633511      1          0
19             36             37         2  0.68459680      1          0
20              0              0         0  0.00000000     -1          1
21              0              0         0  0.00000000     -1          2
22              0              0         0  0.00000000     -1          1
23              0              0         0  0.00000000     -1          2
24             38             39         2  0.49742860      1          0
25              0              0         0  0.00000000     -1          2
26             40             41         2  0.70307692      1          0
27             42             43         2  0.02980838      1          0
28             44             45         1  0.55759299      1          0
29             46             47         1  0.69865173      1          0
30              0              0         0  0.00000000     -1          1
31             48             49         2  0.79554108      1          0
32             50             51         1  0.02052516      1          0
33              0              0         0  0.00000000     -1          2
34             52             53         1  0.28734861      1          0
35              0              0         0  0.00000000     -1          2
36              0              0         0  0.00000000     -1          1
37             54             55         2  0.75828619      1          0
38              0              0         0  0.00000000     -1          1
39              0              0         0  0.00000000     -1          1
40             56             57         2  0.43347499      1          0
41              0              0         0  0.00000000     -1          2
42              0              0         0  0.00000000     -1          2
43             58             59         2  0.59599257      1          0
44              0              0         0  0.00000000     -1          2
45             60             61         2  0.88309777      1          0
46             62             63         2  0.95586880      1          0
47              0              0         0  0.00000000     -1          2
48              0              0         0  0.00000000     -1          1
49             64             65         1  0.88567132      1          0
50              0              0         0  0.00000000     -1          1
51             66             67         2  0.03597449      1          0
52             68             69         2  0.37337085      1          0
53             70             71         1  0.38914980      1          0
54              0              0         0  0.00000000     -1          2
55             72             73         1  0.35266472      1          0
56             74             75         2  0.27453796      1          0
57             76             77         2  0.45786331      1          0
58             78             79         1  0.93397087      1          0
59              0              0         0  0.00000000     -1          1
60             80             81         2  0.84360413      1          0
61              0              0         0  0.00000000     -1          1
62              0              0         0  0.00000000     -1          2
63              0              0         0  0.00000000     -1          2
64              0              0         0  0.00000000     -1          2
65             82             83         2  0.90353978      1          0
66              0              0         0  0.00000000     -1          2
67             84             85         1  0.04593190      1          0
68             86             87         1  0.06438953      1          0
69             88             89         2  0.38159865      1          0
70              0              0         0  0.00000000     -1          2
71             90             91         1  0.39719719      1          0
72             92             93         2  0.76015258      1          0
73             94             95         2  0.81387767      1          0
74             96             97         2  0.26769873      1          0
75              0              0         0  0.00000000     -1          1
76              0              0         0  0.00000000     -1          2
77             98             99         2  0.60746124      1          0
78            100            101         2  0.09875852      1          0
79            102            103         2  0.54814885      1          0
80            104            105         1  0.71147530      1          0
81              0              0         0  0.00000000     -1          2
82              0              0         0  0.00000000     -1          2
83              0              0         0  0.00000000     -1          2
84              0              0         0  0.00000000     -1          2
85            106            107         2  0.11396377      1          0
86              0              0         0  0.00000000     -1          2
87              0              0         0  0.00000000     -1          2
88              0              0         0  0.00000000     -1          1
89            108            109         1  0.27953519      1          0
90              0              0         0  0.00000000     -1          1
91              0              0         0  0.00000000     -1          2
92              0              0         0  0.00000000     -1          1
93            110            111         2  0.82958886      1          0
94              0              0         0  0.00000000     -1          1
95            112            113         2  0.89653731      1          0
96            114            115         2  0.05468183      1          0
97              0              0         0  0.00000000     -1          2
98            116            117         1  0.74697763      1          0
99              0              0         0  0.00000000     -1          1
100             0              0         0  0.00000000     -1          1
101           118            119         2  0.37421428      1          0
102           120            121         1  0.95323826      1          0
103             0              0         0  0.00000000     -1          2
104             0              0         0  0.00000000     -1          2
105             0              0         0  0.00000000     -1          2
106             0              0         0  0.00000000     -1          1
107           122            123         1  0.15242744      1          0
108           124            125         1  0.03213275      1          0
109             0              0         0  0.00000000     -1          1
110             0              0         0  0.00000000     -1          2
111           126            127         2  0.97385601      1          0
112             0              0         0  0.00000000     -1          2
113             0              0         0  0.00000000     -1          2
114             0              0         0  0.00000000     -1          1
115             0              0         0  0.00000000     -1          1
116             0              0         0  0.00000000     -1          1
117             0              0         0  0.00000000     -1          1
118             0              0         0  0.00000000     -1          2
119             0              0         0  0.00000000     -1          1
120             0              0         0  0.00000000     -1          1
121             0              0         0  0.00000000     -1          1
122             0              0         0  0.00000000     -1          1
123             0              0         0  0.00000000     -1          1
124             0              0         0  0.00000000     -1          2
125             0              0         0  0.00000000     -1          2
126             0              0         0  0.00000000     -1          2
127             0              0         0  0.00000000     -1          2
