    left daughter right daughter split var split point status prediction
1               2              3         1 0.590360812      1          0
2               4              5         2 0.254652494      1          0
3               6              7         2 0.767112737      1          0
4               8              9         2 0.199253738      1          0
5              10             11         1 0.499420040      1          0
6              12             13         2 0.029691504      1          0
7              14             15         2 0.802211210      1          0
8              16             17         1 0.352041388      1          0
9              18             19         2 0.206994012      1          0
10             20             21         2 0.317387315      1          0
11             22             23         1 0.572261010      1          0
12              0              0         0 0.000000000     -1          2
13             24             25         2 0.710492081      1          0
14             26             27         1 0.890951564      1          0
15             28             29         1 0.607487809      1          0
16             30             31         1 0.333108593      1          0
17              0              0         0 0.000000000     -1          1
18              0              0         0 0.000000000     -1          2
19             32             33         2 0.230242561      1          0
20             34             35         2 0.316520933      1          0
21             36             37         1 0.001683716      1          0
22             38             39         1 0.559001900      1          0
23              0              0         0 0.000000000     -1          2
24             40             41         1 0.851438366      1          0
25             42             43         2 0.715074280      1          0
26              0              0         0 0.000000000     -1          2
27              0              0         0 0.000000000     -1          1
28              0              0         0 0.000000000     -1          1
29             44             45         1 0.931571774      1          0
30             46             47         2 0.011378350      1          0
31              0              0         0 0.000000000     -1          2
32              0              0         0 0.000000000     -1          1
33              0              0         0 0.000000000     -1          1
34             48             49         1 0.415461325      1          0
35              0              0         0 0.000000000     -1          1
36              0              0         0 0.000000000     -1          1
37             50             51         1 0.251197834      1          0
38             52             53         1 0.524577151      1          0
39              0              0         0 0.000000000     -1          1
40             54             55         2 0.059290915      1          0
41             56             57         2 0.457863310      1          0
42              0              0         0 0.000000000     -1          2
43              0              0         0 0.000000000     -1          1
44             58             59         1 0.741910869      1          0
45              0              0         0 0.000000000     -1          2
46              0              0         0 0.000000000     -1          1
47             60             61         2 0.170242369      1          0
48             62             63         1 0.151113379      1          0
49              0              0         0 0.000000000     -1          1
50             64             65         2 0.953233677      1          0
51             66             67         2 0.455365217      1          0
52              0              0         0 0.000000000     -1          1
53             68             69         1 0.533862606      1          0
54              0              0         0 0.000000000     -1          1
55             70             71         1 0.638562326      1          0
56             72             73         2 0.452912058      1          0
57             74             75         2 0.672338389      1          0
58             76             77         2 0.827896859      1          0
59             78             79         1 0.811507910      1          0
60             80             81         2 0.104111485      1          0
61              0              0         0 0.000000000     -1          1
62              0              0         0 0.000000000     -1          2
63              0              0         0 0.000000000     -1          2
64             82             83         1 0.248219083      1          0
65              0              0         0 0.000000000     -1          2
66             84             85         1 0.476577593      1          0
67             86             87         2 0.758821984      1          0
68              0              0         0 0.000000000     -1          2
69             88             89         1 0.547881783      1          0
70              0              0         0 0.000000000     -1          1
71             90             91         2 0.455053205      1          0
72             92             93         1 0.910798178      1          0
73              0              0         0 0.000000000     -1          2
74              0              0         0 0.000000000     -1          1
75              0              0         0 0.000000000     -1          1
76              0              0         0 0.000000000     -1          1
77             94             95         1 0.722475199      1          0
78              0              0         0 0.000000000     -1          2
79             96             97         2 0.963670790      1          0
80             98             99         1 0.023018706      1          0
81              0              0         0 0.000000000     -1          1
82            100            101         2 0.680433796      1          0
83              0              0         0 0.000000000     -1          1
84            102            103         1 0.282486287      1          0
85              0              0         0 0.000000000     -1          1
86              0              0         0 0.000000000     -1          2
87            104            105         2 0.769989714      1          0
88              0              0         0 0.000000000     -1          1
89              0              0         0 0.000000000     -1          2
90            106            107         2 0.274029106      1          0
91            108            109         2 0.467897057      1          0
92            110            111         2 0.168772562      1          0
93            112            113         1 0.994241143      1          0
94            114            115         2 0.969170447      1          0
95              0              0         0 0.000000000     -1          1
96              0              0         0 0.000000000     -1          2
97              0              0         0 0.000000000     -1          1
98              0              0         0 0.000000000     -1          2
99              0              0         0 0.000000000     -1          1
100           116            117         2 0.398124108      1          0
101           118            119         2 0.684596797      1          0
102             0              0         0 0.000000000     -1          2
103             0              0         0 0.000000000     -1          2
104             0              0         0 0.000000000     -1          1
105           120            121         2 0.828401764      1          0
106           122            123         1 0.685886474      1          0
107             0              0         0 0.000000000     -1          1
108             0              0         0 0.000000000     -1          2
109           124            125         2 0.607461244      1          0
110             0              0         0 0.000000000     -1          1
111             0              0         0 0.000000000     -1          2
112           126            127         2 0.296088223      1          0
113             0              0         0 0.000000000     -1          1
114             0              0         0 0.000000000     -1          2
115             0              0         0 0.000000000     -1          2
116             0              0         0 0.000000000     -1          2
117             0              0         0 0.000000000     -1          2
118             0              0         0 0.000000000     -1          1
119             0              0         0 0.000000000     -1          2
120             0              0         0 0.000000000     -1          2
121             0              0         0 0.000000000     -1          2
122             0              0         0 0.000000000     -1          1
123             0              0         0 0.000000000     -1          1
124             0              0         0 0.000000000     -1          1
125             0              0         0 0.000000000     -1          1
126             0              0         0 0.000000000     -1          1
127             0              0         0 0.000000000     -1          1
