    left daughter right daughter split var split point status prediction
1               2              3         2 0.263283821      1          0
2               4              5         1 0.386066061      1          0
3               6              7         1 0.508453019      1          0
4               8              9         2 0.199253738      1          0
5              10             11         2 0.116148628      1          0
6              12             13         1 0.465431859      1          0
7              14             15         2 0.752002491      1          0
8              16             17         1 0.333108593      1          0
9              18             19         1 0.150585106      1          0
10             20             21         1 0.673303306      1          0
11             22             23         1 0.809208595      1          0
12             24             25         1 0.001683716      1          0
13             26             27         2 0.488382868      1          0
14             28             29         2 0.638898038      1          0
15             30             31         1 0.882132924      1          0
16             32             33         1 0.184383935      1          0
17              0              0         0 0.000000000     -1          1
18              0              0         0 0.000000000     -1          1
19             34             35         1 0.198218217      1          0
20              0              0         0 0.000000000     -1          1
21             36             37         2 0.087154084      1          0
22             38             39         2 0.141211527      1          0
23             40             41         1 0.918387362      1          0
24              0              0         0 0.000000000     -1          1
25             42             43         1 0.359480526      1          0
26              0              0         0 0.000000000     -1          1
27             44             45         2 0.738504876      1          0
28             46             47         1 0.595083363      1          0
29             48             49         2 0.653310990      1          0
30             50             51         1 0.659041412      1          0
31             52             53         2 0.799180576      1          0
32             54             55         1 0.174010229      1          0
33              0              0         0 0.000000000     -1          1
34              0              0         0 0.000000000     -1          2
35              0              0         0 0.000000000     -1          1
36             56             57         1 0.697091334      1          0
37              0              0         0 0.000000000     -1          1
38              0              0         0 0.000000000     -1          1
39              0              0         0 0.000000000     -1          1
40              0              0         0 0.000000000     -1          2
41             58             59         2 0.130465879      1          0
42             60             61         1 0.355629002      1          0
43             62             63         1 0.395433456      1          0
44              0              0         0 0.000000000     -1          2
45              0              0         0 0.000000000     -1          2
46             64             65         2 0.426232746      1          0
47             66             67         2 0.273998959      1          0
48              0              0         0 0.000000000     -1          2
49             68             69         1 0.615745660      1          0
50             70             71         2 0.898540720      1          0
51             72             73         1 0.822119420      1          0
52              0              0         0 0.000000000     -1          1
53             74             75         2 0.897371001      1          0
54              0              0         0 0.000000000     -1          1
55              0              0         0 0.000000000     -1          2
56              0              0         0 0.000000000     -1          2
57             76             77         1 0.839314953      1          0
58              0              0         0 0.000000000     -1          1
59              0              0         0 0.000000000     -1          1
60             78             79         1 0.056641799      1          0
61              0              0         0 0.000000000     -1          1
62             80             81         2 0.326591177      1          0
63              0              0         0 0.000000000     -1          2
64              0              0         0 0.000000000     -1          1
65              0              0         0 0.000000000     -1          1
66              0              0         0 0.000000000     -1          2
67             82             83         2 0.297458661      1          0
68              0              0         0 0.000000000     -1          2
69             84             85         2 0.685234308      1          0
70             86             87         1 0.642455851      1          0
71              0              0         0 0.000000000     -1          2
72             88             89         1 0.814408231      1          0
73              0              0         0 0.000000000     -1          2
74              0              0         0 0.000000000     -1          2
75              0              0         0 0.000000000     -1          2
76              0              0         0 0.000000000     -1          1
77             90             91         2 0.082238112      1          0
78              0              0         0 0.000000000     -1          2
79             92             93         1 0.058358999      1          0
80              0              0         0 0.000000000     -1          2
81              0              0         0 0.000000000     -1          2
82              0              0         0 0.000000000     -1          1
83             94             95         1 0.773357335      1          0
84              0              0         0 0.000000000     -1          1
85              0              0         0 0.000000000     -1          1
86             96             97         2 0.873466715      1          0
87              0              0         0 0.000000000     -1          1
88             98             99         2 0.969170447      1          0
89              0              0         0 0.000000000     -1          1
90              0              0         0 0.000000000     -1          1
91              0              0         0 0.000000000     -1          2
92              0              0         0 0.000000000     -1          1
93            100            101         1 0.101776886      1          0
94            102            103         2 0.483975925      1          0
95            104            105         1 0.782590291      1          0
96              0              0         0 0.000000000     -1          2
97              0              0         0 0.000000000     -1          1
98            106            107         2 0.902278241      1          0
99              0              0         0 0.000000000     -1          2
100             0              0         0 0.000000000     -1          2
101           108            109         1 0.103218560      1          0
102             0              0         0 0.000000000     -1          1
103           110            111         1 0.639112266      1          0
104             0              0         0 0.000000000     -1          2
105           112            113         1 0.932516358      1          0
106           114            115         1 0.733827596      1          0
107             0              0         0 0.000000000     -1          2
108             0              0         0 0.000000000     -1          1
109           116            117         1 0.287861335      1          0
110             0              0         0 0.000000000     -1          1
111             0              0         0 0.000000000     -1          1
112           118            119         1 0.929285898      1          0
113             0              0         0 0.000000000     -1          1
114             0              0         0 0.000000000     -1          2
115             0              0         0 0.000000000     -1          2
116           120            121         2 0.383201805      1          0
117           122            123         2 0.681876934      1          0
118           124            125         2 0.544082049      1          0
119             0              0         0 0.000000000     -1          2
120           126            127         2 0.371269154      1          0
121             0              0         0 0.000000000     -1          2
122             0              0         0 0.000000000     -1          2
123             0              0         0 0.000000000     -1          2
124             0              0         0 0.000000000     -1          1
125             0              0         0 0.000000000     -1          1
126             0              0         0 0.000000000     -1          2
127             0              0         0 0.000000000     -1          1
