    left daughter right daughter split var split point status prediction
1               2              3         1  0.45928939      1          0
2               4              5         1  0.39869110      1          0
3               6              7         2  0.73944084      1          0
4               8              9         2  0.26233609      1          0
5              10             11         2  0.31260816      1          0
6              12             13         1  0.50047209      1          0
7              14             15         1  0.94990630      1          0
8              16             17         2  0.19878947      1          0
9              18             19         2  0.31663589      1          0
10              0              0         0  0.00000000     -1          1
11             20             21         2  0.36864476      1          0
12             22             23         1  0.49048448      1          0
13             24             25         1  0.98047606      1          0
14             26             27         2  0.96575002      1          0
15             28             29         2  0.90353978      1          0
16             30             31         1  0.33310859      1          0
17             32             33         2  0.20699401      1          0
18             34             35         1  0.39239088      1          0
19             36             37         2  0.70328285      1          0
20              0              0         0  0.00000000     -1          2
21              0              0         0  0.00000000     -1          2
22             38             39         2  0.48838287      1          0
23              0              0         0  0.00000000     -1          2
24             40             41         1  0.97989550      1          0
25              0              0         0  0.00000000     -1          1
26             42             43         2  0.91014730      1          0
27              0              0         0  0.00000000     -1          2
28              0              0         0  0.00000000     -1          2
29              0              0         0  0.00000000     -1          1
30             44             45         2  0.12320325      1          0
31             46             47         1  0.34136584      1          0
32              0              0         0  0.00000000     -1          2
33             48             49         1  0.05250003      1          0
34             50             51         1  0.13482385      1          0
35              0              0         0  0.00000000     -1          1
36             52             53         2  0.68043380      1          0
37             54             55         1  0.01044131      1          0
38             56             57         2  0.25026969      1          0
39              0              0         0  0.00000000     -1          2
40             58             59         2  0.58369041      1          0
41              0              0         0  0.00000000     -1          2
42             60             61         1  0.72180070      1          0
43              0              0         0  0.00000000     -1          2
44             62             63         1  0.19290664      1          0
45             64             65         1  0.17401023      1          0
46              0              0         0  0.00000000     -1          2
47              0              0         0  0.00000000     -1          1
48              0              0         0  0.00000000     -1          2
49             66             67         2  0.25471013      1          0
50              0              0         0  0.00000000     -1          2
51              0              0         0  0.00000000     -1          2
52             68             69         2  0.34754190      1          0
53              0              0         0  0.00000000     -1          1
54              0              0         0  0.00000000     -1          1
55             70             71         2  0.81893512      1          0
56              0              0         0  0.00000000     -1          1
57              0              0         0  0.00000000     -1          1
58             72             73         1  0.81466082      1          0
59             74             75         2  0.58619263      1          0
60             76             77         2  0.88040102      1          0
61             78             79         2  0.87429056      1          0
62              0              0         0  0.00000000     -1          1
63              0              0         0  0.00000000     -1          1
64              0              0         0  0.00000000     -1          1
65              0              0         0  0.00000000     -1          1
66              0              0         0  0.00000000     -1          1
67              0              0         0  0.00000000     -1          1
68              0              0         0  0.00000000     -1          2
69             80             81         2  0.35114751      1          0
70              0              0         0  0.00000000     -1          2
71             82             83         2  0.82539768      1          0
72             84             85         1  0.77834499      1          0
73             86             87         2  0.03098307      1          0
74              0              0         0  0.00000000     -1          2
75             88             89         1  0.63363553      1          0
76             90             91         1  0.47248674      1          0
77              0              0         0  0.00000000     -1          2
78             92             93         2  0.77572745      1          0
79              0              0         0  0.00000000     -1          1
80              0              0         0  0.00000000     -1          1
81             94             95         2  0.37166834      1          0
82              0              0         0  0.00000000     -1          1
83             96             97         1  0.26962718      1          0
84             98             99         1  0.77328280      1          0
85              0              0         0  0.00000000     -1          1
86              0              0         0  0.00000000     -1          2
87            100            101         1  0.81697299      1          0
88              0              0         0  0.00000000     -1          2
89            102            103         1  0.81931480      1          0
90              0              0         0  0.00000000     -1          1
91              0              0         0  0.00000000     -1          2
92              0              0         0  0.00000000     -1          1
93              0              0         0  0.00000000     -1          2
94              0              0         0  0.00000000     -1          2
95            104            105         2  0.37655976      1          0
96            106            107         2  0.97385601      1          0
97            108            109         1  0.35753294      1          0
98            110            111         1  0.76297588      1          0
99              0              0         0  0.00000000     -1          2
100             0              0         0  0.00000000     -1          2
101           112            113         2  0.52895093      1          0
102           114            115         1  0.81304533      1          0
103           116            117         2  0.68717594      1          0
104             0              0         0  0.00000000     -1          1
105           118            119         2  0.57595509      1          0
106           120            121         1  0.22103823      1          0
107             0              0         0  0.00000000     -1          1
108             0              0         0  0.00000000     -1          2
109             0              0         0  0.00000000     -1          2
110           122            123         1  0.69186234      1          0
111             0              0         0  0.00000000     -1          1
112           124            125         2  0.51419849      1          0
113             0              0         0  0.00000000     -1          1
114           126            127         1  0.78207721      1          0
115             0              0         0  0.00000000     -1          2
116             0              0         0  0.00000000     -1          1
117             0              0         0  0.00000000     -1          1
118             0              0         0  0.00000000     -1          2
119             0              0         0  0.00000000     -1          2
120             0              0         0  0.00000000     -1          2
121             0              0         0  0.00000000     -1          1
122             0              0         0  0.00000000     -1          1
123             0              0         0  0.00000000     -1          1
124             0              0         0  0.00000000     -1          1
125             0              0         0  0.00000000     -1          2
126             0              0         0  0.00000000     -1          1
127             0              0         0  0.00000000     -1          1
