    left daughter right daughter split var split point status prediction
1               2              3         2 0.254710134      1          0
2               4              5         1 0.204436640      1          0
3               6              7         1 0.504626222      1          0
4               8              9         1 0.146638772      1          0
5              10             11         2 0.185707750      1          0
6              12             13         2 0.941049870      1          0
7              14             15         1 0.805828213      1          0
8              16             17         1 0.043403718      1          0
9               0              0         0 0.000000000     -1          2
10             18             19         2 0.147134657      1          0
11             20             21         2 0.229136362      1          0
12             22             23         1 0.465217287      1          0
13             24             25         1 0.008862352      1          0
14             26             27         1 0.772507211      1          0
15             28             29         2 0.771554398      1          0
16              0              0         0 0.000000000     -1          1
17              0              0         0 0.000000000     -1          1
18             30             31         2 0.033606244      1          0
19             32             33         1 0.292258453      1          0
20             34             35         2 0.226009683      1          0
21              0              0         0 0.000000000     -1          1
22             36             37         2 0.292091426      1          0
23             38             39         1 0.470899072      1          0
24              0              0         0 0.000000000     -1          1
25             40             41         1 0.244531605      1          0
26             42             43         2 0.680953496      1          0
27             44             45         2 0.762715181      1          0
28             46             47         1 0.819566213      1          0
29             48             49         1 0.830165499      1          0
30             50             51         2 0.032860675      1          0
31             52             53         2 0.087154084      1          0
32              0              0         0 0.000000000     -1          1
33             54             55         2 0.167656969      1          0
34              0              0         0 0.000000000     -1          1
35              0              0         0 0.000000000     -1          2
36              0              0         0 0.000000000     -1          2
37             56             57         1 0.357704294      1          0
38              0              0         0 0.000000000     -1          1
39             58             59         2 0.497318915      1          0
40              0              0         0 0.000000000     -1          2
41              0              0         0 0.000000000     -1          2
42             60             61         2 0.271414938      1          0
43             62             63         2 0.899236252      1          0
44              0              0         0 0.000000000     -1          2
45              0              0         0 0.000000000     -1          2
46              0              0         0 0.000000000     -1          1
47             64             65         2 0.307747038      1          0
48              0              0         0 0.000000000     -1          1
49             66             67         1 0.882132924      1          0
50             68             69         1 0.859928082      1          0
51              0              0         0 0.000000000     -1          2
52             70             71         1 0.903434693      1          0
53             72             73         2 0.125720684      1          0
54              0              0         0 0.000000000     -1          2
55              0              0         0 0.000000000     -1          1
56             74             75         2 0.372160904      1          0
57             76             77         2 0.902981675      1          0
58              0              0         0 0.000000000     -1          1
59              0              0         0 0.000000000     -1          2
60              0              0         0 0.000000000     -1          2
61             78             79         2 0.637623977      1          0
62             80             81         2 0.887566696      1          0
63             82             83         1 0.695737713      1          0
64              0              0         0 0.000000000     -1          2
65             84             85         1 0.978613774      1          0
66              0              0         0 0.000000000     -1          2
67             86             87         2 0.965750024      1          0
68              0              0         0 0.000000000     -1          1
69              0              0         0 0.000000000     -1          1
70             88             89         1 0.685058466      1          0
71              0              0         0 0.000000000     -1          1
72              0              0         0 0.000000000     -1          1
73              0              0         0 0.000000000     -1          1
74             90             91         1 0.107155475      1          0
75             92             93         2 0.376045880      1          0
76              0              0         0 0.000000000     -1          2
77              0              0         0 0.000000000     -1          1
78             94             95         1 0.638575932      1          0
79              0              0         0 0.000000000     -1          1
80             96             97         1 0.769896096      1          0
81              0              0         0 0.000000000     -1          1
82              0              0         0 0.000000000     -1          2
83              0              0         0 0.000000000     -1          2
84             98             99         2 0.455692925      1          0
85              0              0         0 0.000000000     -1          1
86            100            101         1 0.932546604      1          0
87              0              0         0 0.000000000     -1          1
88              0              0         0 0.000000000     -1          1
89              0              0         0 0.000000000     -1          1
90            102            103         1 0.102867690      1          0
91              0              0         0 0.000000000     -1          2
92              0              0         0 0.000000000     -1          1
93            104            105         2 0.571001215      1          0
94              0              0         0 0.000000000     -1          1
95            106            107         2 0.480313314      1          0
96            108            109         2 0.747030847      1          0
97              0              0         0 0.000000000     -1          1
98              0              0         0 0.000000000     -1          1
99            110            111         1 0.947811278      1          0
100             0              0         0 0.000000000     -1          2
101             0              0         0 0.000000000     -1          2
102             0              0         0 0.000000000     -1          2
103             0              0         0 0.000000000     -1          1
104           112            113         1 0.148601233      1          0
105           114            115         2 0.586597256      1          0
106             0              0         0 0.000000000     -1          1
107           116            117         2 0.496205464      1          0
108             0              0         0 0.000000000     -1          2
109           118            119         2 0.750951870      1          0
110           120            121         2 0.457863310      1          0
111             0              0         0 0.000000000     -1          1
112           122            123         1 0.141960230      1          0
113             0              0         0 0.000000000     -1          2
114             0              0         0 0.000000000     -1          1
115           124            125         1 0.356518695      1          0
116             0              0         0 0.000000000     -1          2
117             0              0         0 0.000000000     -1          1
118             0              0         0 0.000000000     -1          1
119           126            127         2 0.779166679      1          0
120             0              0         0 0.000000000     -1          2
121             0              0         0 0.000000000     -1          1
122             0              0         0 0.000000000     -1          2
123             0              0         0 0.000000000     -1          1
124             0              0         0 0.000000000     -1          2
125             0              0         0 0.000000000     -1          1
126             0              0         0 0.000000000     -1          2
127             0              0         0 0.000000000     -1          2
