    left daughter right daughter split var split point status prediction
1               2              3         2 0.844084544      1          0
2               4              5         2 0.587991392      1          0
3               6              7         2 0.892936716      1          0
4               8              9         1 0.501880568      1          0
5              10             11         1 0.499498994      1          0
6              12             13         2 0.886912758      1          0
7              14             15         1 0.497343116      1          0
8              16             17         2 0.499867563      1          0
9              18             19         2 0.494605322      1          0
10             20             21         2 0.748902512      1          0
11             22             23         1 0.745095619      1          0
12             24             25         1 0.385502920      1          0
13              0              0         0 0.000000000     -1          1
14             26             27         2 0.918830945      1          0
15             28             29         2 0.903813321      1          0
16             30             31         2 0.462784190      1          0
17             32             33         2 0.521143466      1          0
18             34             35         1 0.590874824      1          0
19             36             37         2 0.583325802      1          0
20             38             39         1 0.083229857      1          0
21             40             41         2 0.752115056      1          0
22             42             43         1 0.594484676      1          0
23             44             45         1 0.747962089      1          0
24              0              0         0 0.000000000     -1          2
25             46             47         1 0.478610805      1          0
26              0              0         0 0.000000000     -1          2
27              0              0         0 0.000000000     -1          2
28              0              0         0 0.000000000     -1          1
29             48             49         2 0.976408865      1          0
30             50             51         2 0.200309575      1          0
31              0              0         0 0.000000000     -1          1
32              0              0         0 0.000000000     -1          2
33             52             53         2 0.571249451      1          0
34             54             55         2 0.389765945      1          0
35             56             57         2 0.296334248      1          0
36              0              0         0 0.000000000     -1          1
37              0              0         0 0.000000000     -1          1
38             58             59         1 0.079971546      1          0
39             60             61         2 0.703380486      1          0
40              0              0         0 0.000000000     -1          1
41             62             63         1 0.384542287      1          0
42             64             65         1 0.584243717      1          0
43              0              0         0 0.000000000     -1          1
44              0              0         0 0.000000000     -1          2
45             66             67         2 0.639769537      1          0
46              0              0         0 0.000000000     -1          1
47             68             69         2 0.883853980      1          0
48             70             71         1 0.735277142      1          0
49             72             73         1 0.885006796      1          0
50             74             75         2 0.199982635      1          0
51             76             77         1 0.474220768      1          0
52              0              0         0 0.000000000     -1          2
53              0              0         0 0.000000000     -1          2
54              0              0         0 0.000000000     -1          2
55              0              0         0 0.000000000     -1          2
56             78             79         1 0.599132772      1          0
57             80             81         2 0.364233007      1          0
58              0              0         0 0.000000000     -1          2
59              0              0         0 0.000000000     -1          1
60              0              0         0 0.000000000     -1          2
61             82             83         1 0.288556342      1          0
62             84             85         1 0.062591053      1          0
63             86             87         1 0.393665850      1          0
64             88             89         2 0.827947078      1          0
65              0              0         0 0.000000000     -1          2
66             90             91         2 0.637093104      1          0
67             92             93         2 0.674473334      1          0
68              0              0         0 0.000000000     -1          1
69              0              0         0 0.000000000     -1          2
70              0              0         0 0.000000000     -1          1
71              0              0         0 0.000000000     -1          1
72              0              0         0 0.000000000     -1          1
73              0              0         0 0.000000000     -1          2
74             94             95         1 0.012039683      1          0
75              0              0         0 0.000000000     -1          2
76             96             97         2 0.399500240      1          0
77              0              0         0 0.000000000     -1          1
78              0              0         0 0.000000000     -1          1
79             98             99         1 0.936093667      1          0
80            100            101         1 0.960957716      1          0
81              0              0         0 0.000000000     -1          2
82              0              0         0 0.000000000     -1          2
83              0              0         0 0.000000000     -1          2
84              0              0         0 0.000000000     -1          2
85            102            103         1 0.302442200      1          0
86              0              0         0 0.000000000     -1          1
87              0              0         0 0.000000000     -1          2
88              0              0         0 0.000000000     -1          1
89              0              0         0 0.000000000     -1          1
90            104            105         1 0.914538322      1          0
91              0              0         0 0.000000000     -1          2
92              0              0         0 0.000000000     -1          1
93            106            107         1 0.906852807      1          0
94              0              0         0 0.000000000     -1          2
95            108            109         1 0.429698504      1          0
96            110            111         1 0.233225665      1          0
97            112            113         2 0.404295123      1          0
98            114            115         2 0.001263054      1          0
99              0              0         0 0.000000000     -1          2
100             0              0         0 0.000000000     -1          2
101             0              0         0 0.000000000     -1          1
102             0              0         0 0.000000000     -1          2
103             0              0         0 0.000000000     -1          2
104             0              0         0 0.000000000     -1          1
105             0              0         0 0.000000000     -1          2
106           116            117         1 0.825206295      1          0
107             0              0         0 0.000000000     -1          1
108           118            119         1 0.134833567      1          0
109             0              0         0 0.000000000     -1          1
110           120            121         1 0.230304814      1          0
111             0              0         0 0.000000000     -1          1
112             0              0         0 0.000000000     -1          2
113           122            123         2 0.430222115      1          0
114             0              0         0 0.000000000     -1          1
115           124            125         1 0.927218667      1          0
116             0              0         0 0.000000000     -1          1
117             0              0         0 0.000000000     -1          1
118             0              0         0 0.000000000     -1          1
119           126            127         1 0.140726075      1          0
120             0              0         0 0.000000000     -1          1
121             0              0         0 0.000000000     -1          2
122             0              0         0 0.000000000     -1          1
123             0              0         0 0.000000000     -1          1
124             0              0         0 0.000000000     -1          2
125             0              0         0 0.000000000     -1          1
126             0              0         0 0.000000000     -1          2
127             0              0         0 0.000000000     -1          1
