    left daughter right daughter split var split point status prediction
1               2              3         1 0.913488499      1          0
2               4              5         1 0.597098172      1          0
3               6              7         1 0.941519253      1          0
4               8              9         2 0.500263946      1          0
5              10             11         1 0.653279045      1          0
6              12             13         1 0.934937931      1          0
7              14             15         2 0.498919878      1          0
8              16             17         2 0.384148154      1          0
9              18             19         2 0.571231115      1          0
10             20             21         1 0.645041955      1          0
11             22             23         2 0.498873234      1          0
12             24             25         1 0.933695990      1          0
13              0              0         0 0.000000000     -1          2
14             26             27         2 0.359228802      1          0
15              0              0         0 0.000000000     -1          1
16             28             29         1 0.500901248      1          0
17             30             31         1 0.501097076      1          0
18              0              0         0 0.000000000     -1          2
19             32             33         2 0.574118452      1          0
20             34             35         2 0.532426308      1          0
21              0              0         0 0.000000000     -1          1
22             36             37         2 0.002841984      1          0
23             38             39         1 0.858592799      1          0
24             40             41         2 0.492736383      1          0
25              0              0         0 0.000000000     -1          1
26              0              0         0 0.000000000     -1          2
27              0              0         0 0.000000000     -1          2
28             42             43         1 0.010407022      1          0
29             44             45         2 0.070778583      1          0
30             46             47         2 0.444392153      1          0
31              0              0         0 0.000000000     -1          2
32              0              0         0 0.000000000     -1          1
33             48             49         2 0.861187694      1          0
34              0              0         0 0.000000000     -1          2
35              0              0         0 0.000000000     -1          1
36              0              0         0 0.000000000     -1          1
37             50             51         1 0.833786755      1          0
38             52             53         1 0.821437009      1          0
39             54             55         2 0.991562450      1          0
40              0              0         0 0.000000000     -1          2
41              0              0         0 0.000000000     -1          1
42              0              0         0 0.000000000     -1          2
43             56             57         1 0.297102356      1          0
44              0              0         0 0.000000000     -1          2
45              0              0         0 0.000000000     -1          2
46             58             59         2 0.400780534      1          0
47             60             61         1 0.415934779      1          0
48             62             63         2 0.715579515      1          0
49             64             65         1 0.502576464      1          0
50             66             67         1 0.741688864      1          0
51             68             69         1 0.889175194      1          0
52             70             71         1 0.820025020      1          0
53              0              0         0 0.000000000     -1          1
54             72             73         2 0.893847833      1          0
55              0              0         0 0.000000000     -1          2
56             74             75         1 0.293353585      1          0
57             76             77         1 0.429698504      1          0
58              0              0         0 0.000000000     -1          1
59             78             79         2 0.403202144      1          0
60             80             81         2 0.476730224      1          0
61              0              0         0 0.000000000     -1          1
62             82             83         1 0.499498994      1          0
63             84             85         2 0.783892443      1          0
64             86             87         1 0.409891760      1          0
65              0              0         0 0.000000000     -1          1
66             88             89         2 0.303699625      1          0
67              0              0         0 0.000000000     -1          2
68             90             91         1 0.846503076      1          0
69              0              0         0 0.000000000     -1          2
70             92             93         1 0.723239532      1          0
71              0              0         0 0.000000000     -1          2
72             94             95         1 0.874036330      1          0
73              0              0         0 0.000000000     -1          1
74             96             97         1 0.133615838      1          0
75              0              0         0 0.000000000     -1          2
76              0              0         0 0.000000000     -1          1
77             98             99         1 0.435366483      1          0
78              0              0         0 0.000000000     -1          2
79            100            101         2 0.428934275      1          0
80              0              0         0 0.000000000     -1          1
81              0              0         0 0.000000000     -1          1
82            102            103         1 0.038305523      1          0
83              0              0         0 0.000000000     -1          1
84              0              0         0 0.000000000     -1          2
85            104            105         2 0.788203810      1          0
86            106            107         1 0.247937565      1          0
87              0              0         0 0.000000000     -1          2
88            108            109         2 0.203057422      1          0
89            110            111         1 0.696498300      1          0
90              0              0         0 0.000000000     -1          1
91              0              0         0 0.000000000     -1          2
92            112            113         2 0.926699103      1          0
93            114            115         2 0.839259654      1          0
94              0              0         0 0.000000000     -1          2
95              0              0         0 0.000000000     -1          1
96            116            117         1 0.025701098      1          0
97            118            119         2 0.350784382      1          0
98              0              0         0 0.000000000     -1          2
99            120            121         1 0.465163500      1          0
100             0              0         0 0.000000000     -1          1
101             0              0         0 0.000000000     -1          1
102             0              0         0 0.000000000     -1          2
103           122            123         2 0.713987041      1          0
104             0              0         0 0.000000000     -1          1
105           124            125         1 0.055847621      1          0
106             0              0         0 0.000000000     -1          2
107           126            127         2 0.919984020      1          0
108             0              0         0 0.000000000     -1          2
109             0              0         0 0.000000000     -1          2
110             0              0         0 0.000000000     -1          2
111             0              0         0 0.000000000     -1          2
112             0              0         0 0.000000000     -1          1
113             0              0         0 0.000000000     -1          2
114             0              0         0 0.000000000     -1          1
115             0              0         0 0.000000000     -1          1
116             0              0         0 0.000000000     -1          1
117             0              0         0 0.000000000     -1          1
118             0              0         0 0.000000000     -1          1
119             0              0         0 0.000000000     -1          2
120             0              0         0 0.000000000     -1          1
121             0              0         0 0.000000000     -1          1
122             0              0         0 0.000000000     -1          2
123             0              0         0 0.000000000     -1          1
124             0              0         0 0.000000000     -1          1
125             0              0         0 0.000000000     -1          2
126             0              0         0 0.000000000     -1          2
127             0              0         0 0.000000000     -1          2
