    left daughter right daughter split var split point status prediction
1               2              3         1 0.913488499      1          0
2               4              5         2 0.345181733      1          0
3               6              7         1 0.919885488      1          0
4               8              9         2 0.310677512      1          0
5              10             11         2 0.364466657      1          0
6               0              0         0 0.000000000     -1          2
7              12             13         2 0.489828629      1          0
8              14             15         1 0.495502839      1          0
9              16             17         1 0.603095039      1          0
10              0              0         0 0.000000000     -1          2
11             18             19         1 0.497335946      1          0
12             20             21         1 0.935364007      1          0
13             22             23         2 0.978083900      1          0
14             24             25         2 0.253221341      1          0
15             26             27         2 0.001263054      1          0
16             28             29         2 0.322075281      1          0
17              0              0         0 0.000000000     -1          2
18             30             31         2 0.496069738      1          0
19             32             33         2 0.494632304      1          0
20              0              0         0 0.000000000     -1          2
21             34             35         1 0.950022636      1          0
22             36             37         2 0.764156624      1          0
23              0              0         0 0.000000000     -1          2
24             38             39         2 0.252429489      1          0
25              0              0         0 0.000000000     -1          1
26              0              0         0 0.000000000     -1          1
27             40             41         2 0.041399632      1          0
28              0              0         0 0.000000000     -1          1
29              0              0         0 0.000000000     -1          1
30             42             43         1 0.364225454      1          0
31             44             45         2 0.581873404      1          0
32             46             47         2 0.371709545      1          0
33             48             49         1 0.855914582      1          0
34              0              0         0 0.000000000     -1          2
35             50             51         1 0.950932551      1          0
36              0              0         0 0.000000000     -1          1
37              0              0         0 0.000000000     -1          1
38             52             53         2 0.199087930      1          0
39              0              0         0 0.000000000     -1          2
40              0              0         0 0.000000000     -1          2
41             54             55         2 0.180230142      1          0
42             56             57         1 0.083105194      1          0
43              0              0         0 0.000000000     -1          1
44             58             59         1 0.006698732      1          0
45             60             61         2 0.917509430      1          0
46              0              0         0 0.000000000     -1          1
47             62             63         1 0.509923319      1          0
48             64             65         2 0.653414852      1          0
49             66             67         1 0.864154895      1          0
50              0              0         0 0.000000000     -1          1
51             68             69         2 0.359228802      1          0
52             70             71         1 0.031828687      1          0
53              0              0         0 0.000000000     -1          1
54             72             73         2 0.062058863      1          0
55             74             75         2 0.182102779      1          0
56              0              0         0 0.000000000     -1          1
57              0              0         0 0.000000000     -1          1
58              0              0         0 0.000000000     -1          1
59             76             77         2 0.577925888      1          0
60             78             79         2 0.905084375      1          0
61              0              0         0 0.000000000     -1          2
62              0              0         0 0.000000000     -1          1
63             80             81         1 0.715051408      1          0
64             82             83         2 0.595125818      1          0
65             84             85         2 0.655405620      1          0
66              0              0         0 0.000000000     -1          2
67             86             87         2 0.974016071      1          0
68              0              0         0 0.000000000     -1          2
69              0              0         0 0.000000000     -1          2
70              0              0         0 0.000000000     -1          1
71             88             89         1 0.267777676      1          0
72              0              0         0 0.000000000     -1          2
73              0              0         0 0.000000000     -1          2
74              0              0         0 0.000000000     -1          1
75             90             91         2 0.265785213      1          0
76             92             93         2 0.521722219      1          0
77              0              0         0 0.000000000     -1          1
78             94             95         2 0.703380486      1          0
79              0              0         0 0.000000000     -1          1
80             96             97         2 0.410600265      1          0
81              0              0         0 0.000000000     -1          2
82              0              0         0 0.000000000     -1          1
83             98             99         1 0.796080881      1          0
84              0              0         0 0.000000000     -1          2
85            100            101         1 0.727951007      1          0
86            102            103         1 0.874036330      1          0
87              0              0         0 0.000000000     -1          2
88            104            105         1 0.157799868      1          0
89            106            107         1 0.269872505      1          0
90            108            109         1 0.846872028      1          0
91            110            111         1 0.854939604      1          0
92              0              0         0 0.000000000     -1          2
93              0              0         0 0.000000000     -1          2
94            112            113         1 0.419637560      1          0
95            114            115         2 0.709862937      1          0
96              0              0         0 0.000000000     -1          2
97              0              0         0 0.000000000     -1          2
98              0              0         0 0.000000000     -1          1
99              0              0         0 0.000000000     -1          1
100           116            117         2 0.926699103      1          0
101           118            119         2 0.678538323      1          0
102             0              0         0 0.000000000     -1          1
103           120            121         2 0.610226592      1          0
104           122            123         2 0.051168138      1          0
105             0              0         0 0.000000000     -1          1
106             0              0         0 0.000000000     -1          2
107           124            125         2 0.193062491      1          0
108             0              0         0 0.000000000     -1          2
109             0              0         0 0.000000000     -1          1
110           126            127         2 0.270790951      1          0
111             0              0         0 0.000000000     -1          1
112             0              0         0 0.000000000     -1          2
113             0              0         0 0.000000000     -1          2
114             0              0         0 0.000000000     -1          1
115             0              0         0 0.000000000     -1          2
116             0              0         0 0.000000000     -1          1
117             0              0         0 0.000000000     -1          1
118             0              0         0 0.000000000     -1          2
119             0              0         0 0.000000000     -1          1
120             0              0         0 0.000000000     -1          1
121             0              0         0 0.000000000     -1          1
122             0              0         0 0.000000000     -1          1
123             0              0         0 0.000000000     -1          1
124             0              0         0 0.000000000     -1          1
125             0              0         0 0.000000000     -1          2
126             0              0         0 0.000000000     -1          1
127             0              0         0 0.000000000     -1          2
