    left daughter right daughter split var split point status prediction
1               2              3         2 0.827235251      1          0
2               4              5         1 0.519412491      1          0
3               6              7         2 0.879835028      1          0
4               8              9         1 0.515033895      1          0
5              10             11         1 0.965671161      1          0
6              12             13         1 0.491652088      1          0
7              14             15         1 0.424413560      1          0
8              16             17         2 0.501433848      1          0
9               0              0         0 0.000000000     -1          1
10             18             19         1 0.555070183      1          0
11              0              0         0 0.000000000     -1          2
12             20             21         1 0.153684449      1          0
13              0              0         0 0.000000000     -1          1
14             22             23         2 0.900082957      1          0
15             24             25         1 0.855914582      1          0
16             26             27         2 0.020387846      1          0
17             28             29         2 0.756483986      1          0
18             30             31         1 0.532374532      1          0
19             32             33         1 0.835709630      1          0
20              0              0         0 0.000000000     -1          1
21             34             35         1 0.394541619      1          0
22              0              0         0 0.000000000     -1          2
23              0              0         0 0.000000000     -1          2
24             36             37         2 0.895098081      1          0
25             38             39         2 0.975454422      1          0
26              0              0         0 0.000000000     -1          1
27             40             41         1 0.500117756      1          0
28             42             43         1 0.499498994      1          0
29             44             45         2 0.788203810      1          0
30              0              0         0 0.000000000     -1          2
31              0              0         0 0.000000000     -1          2
32             46             47         2 0.488402183      1          0
33             48             49         1 0.892557839      1          0
34              0              0         0 0.000000000     -1          2
35              0              0         0 0.000000000     -1          2
36              0              0         0 0.000000000     -1          2
37             50             51         1 0.497343116      1          0
38             52             53         1 0.877601248      1          0
39              0              0         0 0.000000000     -1          1
40             54             55         2 0.059045986      1          0
41              0              0         0 0.000000000     -1          2
42             56             57         1 0.006644896      1          0
43              0              0         0 0.000000000     -1          1
44             58             59         2 0.784447262      1          0
45              0              0         0 0.000000000     -1          2
46             60             61         2 0.129965328      1          0
47             62             63         2 0.673091625      1          0
48             64             65         2 0.490229701      1          0
49             66             67         2 0.501253499      1          0
50              0              0         0 0.000000000     -1          1
51             68             69         2 0.985561094      1          0
52              0              0         0 0.000000000     -1          2
53             70             71         2 0.904143652      1          0
54              0              0         0 0.000000000     -1          1
55             72             73         2 0.060807923      1          0
56              0              0         0 0.000000000     -1          1
57             74             75         2 0.741950137      1          0
58              0              0         0 0.000000000     -1          2
59              0              0         0 0.000000000     -1          1
60             76             77         2 0.115737693      1          0
61             78             79         1 0.726396729      1          0
62              0              0         0 0.000000000     -1          1
63             80             81         1 0.819210719      1          0
64              0              0         0 0.000000000     -1          2
65             82             83         2 0.639769537      1          0
66             84             85         1 0.950022636      1          0
67             86             87         1 0.894682755      1          0
68             88             89         2 0.982504516      1          0
69              0              0         0 0.000000000     -1          1
70              0              0         0 0.000000000     -1          1
71              0              0         0 0.000000000     -1          1
72              0              0         0 0.000000000     -1          2
73             90             91         2 0.078818651      1          0
74             92             93         2 0.702052196      1          0
75              0              0         0 0.000000000     -1          2
76             94             95         2 0.002089685      1          0
77              0              0         0 0.000000000     -1          1
78             96             97         2 0.357458449      1          0
79              0              0         0 0.000000000     -1          2
80             98             99         1 0.746422072      1          0
81              0              0         0 0.000000000     -1          1
82              0              0         0 0.000000000     -1          1
83              0              0         0 0.000000000     -1          1
84              0              0         0 0.000000000     -1          2
85              0              0         0 0.000000000     -1          2
86              0              0         0 0.000000000     -1          2
87            100            101         1 0.940253953      1          0
88            102            103         1 0.720233983      1          0
89              0              0         0 0.000000000     -1          2
90              0              0         0 0.000000000     -1          1
91            104            105         1 0.147497497      1          0
92            106            107         1 0.087147780      1          0
93            108            109         1 0.285124679      1          0
94              0              0         0 0.000000000     -1          1
95            110            111         1 0.564020394      1          0
96            112            113         1 0.719748565      1          0
97              0              0         0 0.000000000     -1          2
98            114            115         1 0.742766895      1          0
99              0              0         0 0.000000000     -1          1
100           116            117         2 0.752394569      1          0
101             0              0         0 0.000000000     -1          1
102             0              0         0 0.000000000     -1          1
103             0              0         0 0.000000000     -1          1
104             0              0         0 0.000000000     -1          1
105           118            119         1 0.152720826      1          0
106           120            121         1 0.079259850      1          0
107           122            123         2 0.634835889      1          0
108             0              0         0 0.000000000     -1          2
109             0              0         0 0.000000000     -1          2
110             0              0         0 0.000000000     -1          1
111             0              0         0 0.000000000     -1          2
112           124            125         2 0.339695516      1          0
113             0              0         0 0.000000000     -1          1
114           126            127         2 0.741341200      1          0
115             0              0         0 0.000000000     -1          2
116             0              0         0 0.000000000     -1          1
117             0              0         0 0.000000000     -1          2
118             0              0         0 0.000000000     -1          2
119             0              0         0 0.000000000     -1          1
120             0              0         0 0.000000000     -1          2
121             0              0         0 0.000000000     -1          1
122             0              0         0 0.000000000     -1          2
123             0              0         0 0.000000000     -1          2
124             0              0         0 0.000000000     -1          2
125             0              0         0 0.000000000     -1          1
126             0              0         0 0.000000000     -1          1
127             0              0         0 0.000000000     -1          1
