    left daughter right daughter split var split point status prediction
1               2              3         1  0.93084098      1          0
2               4              5         2  0.99324102      1          0
3               6              7         1  0.99335053      1          0
4               8              9         2  0.58187340      1          0
5               0              0         0  0.00000000     -1          1
6              10             11         1  0.97097804      1          0
7               0              0         0  0.00000000     -1          1
8              12             13         2  0.56977796      1          0
9              14             15         2  0.98250452      1          0
10             16             17         1  0.94163596      1          0
11             18             19         2  0.50861528      1          0
12             20             21         2  0.56352936      1          0
13              0              0         0  0.00000000     -1          1
14             22             23         2  0.84619523      1          0
15              0              0         0  0.00000000     -1          2
16             24             25         2  0.50397239      1          0
17             26             27         1  0.94670243      1          0
18              0              0         0  0.00000000     -1          2
19              0              0         0  0.00000000     -1          1
20             28             29         2  0.35335353      1          0
21              0              0         0  0.00000000     -1          2
22             30             31         1  0.49917434      1          0
23             32             33         1  0.51160078      1          0
24              0              0         0  0.00000000     -1          2
25              0              0         0  0.00000000     -1          1
26              0              0         0  0.00000000     -1          1
27             34             35         2  0.49891988      1          0
28             36             37         2  0.31319351      1          0
29             38             39         2  0.36556955      1          0
30             40             41         2  0.79643868      1          0
31             42             43         1  0.74509562      1          0
32             44             45         2  0.86453944      1          0
33             46             47         2  0.97435190      1          0
34              0              0         0  0.00000000     -1          2
35              0              0         0  0.00000000     -1          1
36             48             49         1  0.49550284      1          0
37             50             51         2  0.32289844      1          0
38              0              0         0  0.00000000     -1          2
39             52             53         1  0.52835627      1          0
40             54             55         1  0.03830552      1          0
41              0              0         0  0.00000000     -1          2
42             56             57         1  0.55270163      1          0
43             58             59         1  0.74642207      1          0
44              0              0         0  0.00000000     -1          1
45              0              0         0  0.00000000     -1          2
46             60             61         1  0.73527714      1          0
47              0              0         0  0.00000000     -1          1
48             62             63         1  0.15779987      1          0
49             64             65         2  0.13603524      1          0
50              0              0         0  0.00000000     -1          1
51             66             67         2  0.33964172      1          0
52             68             69         1  0.42467545      1          0
53             70             71         2  0.49979127      1          0
54              0              0         0  0.00000000     -1          2
55             72             73         2  0.79276000      1          0
56              0              0         0  0.00000000     -1          1
57              0              0         0  0.00000000     -1          1
58              0              0         0  0.00000000     -1          2
59             74             75         1  0.91295902      1          0
60             76             77         1  0.71915540      1          0
61             78             79         2  0.88819002      1          0
62             80             81         1  0.15039284      1          0
63             82             83         1  0.39061485      1          0
64             84             85         1  0.55940806      1          0
65             86             87         2  0.30552817      1          0
66              0              0         0  0.00000000     -1          1
67              0              0         0  0.00000000     -1          1
68             88             89         2  0.49986756      1          0
69              0              0         0  0.00000000     -1          1
70             90             91         2  0.39066372      1          0
71              0              0         0  0.00000000     -1          1
72             92             93         2  0.70338049      1          0
73              0              0         0  0.00000000     -1          1
74             94             95         1  0.74796209      1          0
75              0              0         0  0.00000000     -1          1
76             96             97         1  0.58186265      1          0
77              0              0         0  0.00000000     -1          2
78              0              0         0  0.00000000     -1          1
79              0              0         0  0.00000000     -1          1
80             98             99         1  0.02570110      1          0
81              0              0         0  0.00000000     -1          2
82            100            101         2  0.18949660      1          0
83            102            103         1  0.40006517      1          0
84              0              0         0  0.00000000     -1          2
85            104            105         1  0.57870902      1          0
86            106            107         2  0.18210278      1          0
87              0              0         0  0.00000000     -1          2
88            108            109         2  0.39950024      1          0
89            110            111         2  0.51922024      1          0
90              0              0         0  0.00000000     -1          2
91              0              0         0  0.00000000     -1          2
92            112            113         2  0.63236336      1          0
93            114            115         1  0.45478182      1          0
94              0              0         0  0.00000000     -1          1
95            116            117         1  0.86911224      1          0
96              0              0         0  0.00000000     -1          1
97              0              0         0  0.00000000     -1          1
98              0              0         0  0.00000000     -1          1
99              0              0         0  0.00000000     -1          1
100             0              0         0  0.00000000     -1          1
101           118            119         1  0.27288846      1          0
102             0              0         0  0.00000000     -1          2
103           120            121         2  0.12763547      1          0
104             0              0         0  0.00000000     -1          1
105           122            123         2  0.12289291      1          0
106             0              0         0  0.00000000     -1          2
107           124            125         2  0.26967015      1          0
108             0              0         0  0.00000000     -1          1
109           126            127         2  0.47305776      1          0
110             0              0         0  0.00000000     -1          2
111             0              0         0  0.00000000     -1          2
112             0              0         0  0.00000000     -1          2
113             0              0         0  0.00000000     -1          2
114             0              0         0  0.00000000     -1          2
115             0              0         0  0.00000000     -1          1
116             0              0         0  0.00000000     -1          1
117             0              0         0  0.00000000     -1          1
118             0              0         0  0.00000000     -1          1
119             0              0         0  0.00000000     -1          1
120             0              0         0  0.00000000     -1          1
121             0              0         0  0.00000000     -1          1
122             0              0         0  0.00000000     -1          2
123             0              0         0  0.00000000     -1          1
124             0              0         0  0.00000000     -1          2
125             0              0         0  0.00000000     -1          2
126             0              0         0  0.00000000     -1          1
127             0              0         0  0.00000000     -1          1
