    left daughter right daughter split var split point status prediction
1               2              3         1 0.946435724      1          0
2               4              5         2 0.852391838      1          0
3               6              7         2 0.353841151      1          0
4               8              9         2 0.711952735      1          0
5              10             11         2 0.868010527      1          0
6               0              0         0 0.000000000     -1          2
7              12             13         2 0.387717975      1          0
8              14             15         2 0.705432823      1          0
9              16             17         1 0.509146938      1          0
10              0              0         0 0.000000000     -1          1
11             18             19         2 0.993707346      1          0
12              0              0         0 0.000000000     -1          1
13             20             21         1 0.958185337      1          0
14             22             23         1 0.501097076      1          0
15              0              0         0 0.000000000     -1          1
16             24             25         2 0.741950137      1          0
17             26             27         2 0.736519462      1          0
18             28             29         2 0.990906884      1          0
19              0              0         0 0.000000000     -1          1
20              0              0         0 0.000000000     -1          2
21              0              0         0 0.000000000     -1          1
22             30             31         1 0.260416250      1          0
23             32             33         1 0.719592044      1          0
24              0              0         0 0.000000000     -1          2
25             34             35         1 0.069637402      1          0
26              0              0         0 0.000000000     -1          1
27             36             37         2 0.737845667      1          0
28             38             39         1 0.478610805      1          0
29              0              0         0 0.000000000     -1          2
30             40             41         2 0.499867563      1          0
31             42             43         2 0.499294678      1          0
32             44             45         1 0.553593542      1          0
33             46             47         1 0.870949544      1          0
34              0              0         0 0.000000000     -1          2
35             48             49         2 0.796438682      1          0
36              0              0         0 0.000000000     -1          2
37             50             51         1 0.906852807      1          0
38             52             53         2 0.980938917      1          0
39             54             55         2 0.902102556      1          0
40             56             57         1 0.253128513      1          0
41             58             59         2 0.632335424      1          0
42             60             61         1 0.264178788      1          0
43             62             63         2 0.693494938      1          0
44             64             65         1 0.524581301      1          0
45             66             67         1 0.574694786      1          0
46             68             69         1 0.832424956      1          0
47             70             71         2 0.488742418      1          0
48             72             73         1 0.289436057      1          0
49              0              0         0 0.000000000     -1          2
50             74             75         2 0.817369296      1          0
51              0              0         0 0.000000000     -1          1
52             76             77         1 0.424413560      1          0
53              0              0         0 0.000000000     -1          1
54             78             79         2 0.900134867      1          0
55             80             81         2 0.976408865      1          0
56             82             83         1 0.025233635      1          0
57              0              0         0 0.000000000     -1          1
58             84             85         2 0.630654820      1          0
59              0              0         0 0.000000000     -1          2
60              0              0         0 0.000000000     -1          2
61             86             87         1 0.365433790      1          0
62             88             89         2 0.634835889      1          0
63              0              0         0 0.000000000     -1          1
64             90             91         2 0.504889329      1          0
65              0              0         0 0.000000000     -1          2
66             92             93         2 0.337138698      1          0
67             94             95         2 0.497504296      1          0
68             96             97         1 0.726866501      1          0
69             98             99         2 0.645321634      1          0
70            100            101         1 0.930939223      1          0
71              0              0         0 0.000000000     -1          1
72              0              0         0 0.000000000     -1          2
73              0              0         0 0.000000000     -1          2
74              0              0         0 0.000000000     -1          1
75              0              0         0 0.000000000     -1          1
76            102            103         2 0.918830945      1          0
77              0              0         0 0.000000000     -1          2
78            104            105         2 0.885633609      1          0
79              0              0         0 0.000000000     -1          2
80            106            107         2 0.927143354      1          0
81              0              0         0 0.000000000     -1          1
82              0              0         0 0.000000000     -1          1
83            108            109         2 0.198710381      1          0
84            110            111         1 0.006682267      1          0
85              0              0         0 0.000000000     -1          1
86            112            113         2 0.420917146      1          0
87            114            115         1 0.401190068      1          0
88            116            117         2 0.632712142      1          0
89              0              0         0 0.000000000     -1          2
90              0              0         0 0.000000000     -1          2
91              0              0         0 0.000000000     -1          1
92              0              0         0 0.000000000     -1          2
93              0              0         0 0.000000000     -1          1
94            118            119         2 0.407826611      1          0
95              0              0         0 0.000000000     -1          1
96              0              0         0 0.000000000     -1          1
97            120            121         1 0.829579131      1          0
98              0              0         0 0.000000000     -1          1
99              0              0         0 0.000000000     -1          1
100           122            123         1 0.886853973      1          0
101             0              0         0 0.000000000     -1          2
102           124            125         2 0.910791244      1          0
103             0              0         0 0.000000000     -1          2
104             0              0         0 0.000000000     -1          1
105             0              0         0 0.000000000     -1          1
106           126            127         1 0.752198763      1          0
107             0              0         0 0.000000000     -1          1
108             0              0         0 0.000000000     -1          1
109             0              0         0 0.000000000     -1          1
110             0              0         0 0.000000000     -1          1
111             0              0         0 0.000000000     -1          2
112             0              0         0 0.000000000     -1          1
113             0              0         0 0.000000000     -1          1
114             0              0         0 0.000000000     -1          2
115             0              0         0 0.000000000     -1          1
116             0              0         0 0.000000000     -1          2
117             0              0         0 0.000000000     -1          1
118             0              0         0 0.000000000     -1          2
119             0              0         0 0.000000000     -1          2
120             0              0         0 0.000000000     -1          2
121             0              0         0 0.000000000     -1          2
122             0              0         0 0.000000000     -1          2
123             0              0         0 0.000000000     -1          2
124             0              0         0 0.000000000     -1          2
125             0              0         0 0.000000000     -1          1
126             0              0         0 0.000000000     -1          1
127             0              0         0 0.000000000     -1          1
