    left daughter right daughter split var split point status prediction
1               2              3         2  0.05116814      1          0
2               4              5         1  0.50367892      1          0
3               6              7         1  0.03099455      1          0
4               8              9         1  0.05808621      1          0
5              10             11         1  0.79541791      1          0
6              12             13         2  0.47732757      1          0
7              14             15         1  0.89088612      1          0
8               0              0         0  0.00000000     -1          2
9              16             17         2  0.01793211      1          0
10              0              0         0  0.00000000     -1          2
11              0              0         0  0.00000000     -1          2
12              0              0         0  0.00000000     -1          1
13             18             19         2  0.58043595      1          0
14             20             21         2  0.34499284      1          0
15             22             23         1  0.98530132      1          0
16              0              0         0  0.00000000     -1          1
17              0              0         0  0.00000000     -1          1
18              0              0         0  0.00000000     -1          2
19              0              0         0  0.00000000     -1          2
20             24             25         2  0.09401810      1          0
21             26             27         1  0.49733595      1          0
22             28             29         2  0.50197333      1          0
23              0              0         0  0.00000000     -1          1
24             30             31         1  0.50626314      1          0
25             32             33         2  0.15384114      1          0
26             34             35         1  0.32501490      1          0
27             36             37         1  0.87826304      1          0
28             38             39         1  0.93416047      1          0
29             40             41         1  0.89468275      1          0
30              0              0         0  0.00000000     -1          1
31              0              0         0  0.00000000     -1          2
32             42             43         1  0.49459077      1          0
33             44             45         2  0.27679932      1          0
34             46             47         1  0.03479054      1          0
35             48             49         1  0.41456812      1          0
36             50             51         2  0.49887323      1          0
37              0              0         0  0.00000000     -1          1
38             52             53         1  0.93159589      1          0
39              0              0         0  0.00000000     -1          2
40              0              0         0  0.00000000     -1          2
41             54             55         1  0.94823852      1          0
42              0              0         0  0.00000000     -1          1
43             56             57         1  0.74869051      1          0
44             58             59         2  0.27581900      1          0
45             60             61         2  0.28352173      1          0
46              0              0         0  0.00000000     -1          1
47             62             63         2  0.45034300      1          0
48             64             65         1  0.34819461      1          0
49             66             67         1  0.41822619      1          0
50             68             69         2  0.41076938      1          0
51             70             71         1  0.49949899      1          0
52              0              0         0  0.00000000     -1          2
53              0              0         0  0.00000000     -1          1
54             72             73         1  0.94658493      1          0
55              0              0         0  0.00000000     -1          1
56              0              0         0  0.00000000     -1          2
57              0              0         0  0.00000000     -1          2
58             74             75         1  0.45931253      1          0
59              0              0         0  0.00000000     -1          2
60              0              0         0  0.00000000     -1          1
61             76             77         2  0.28756183      1          0
62             78             79         2  0.39950024      1          0
63             80             81         1  0.29130321      1          0
64              0              0         0  0.00000000     -1          2
65              0              0         0  0.00000000     -1          2
66              0              0         0  0.00000000     -1          1
67             82             83         1  0.48225697      1          0
68             84             85         2  0.40782661      1          0
69              0              0         0  0.00000000     -1          2
70              0              0         0  0.00000000     -1          2
71             86             87         1  0.85591458      1          0
72             88             89         2  0.82286781      1          0
73              0              0         0  0.00000000     -1          2
74             90             91         2  0.19193591      1          0
75             92             93         1  0.58931383      1          0
76              0              0         0  0.00000000     -1          2
77             94             95         2  0.30256390      1          0
78              0              0         0  0.00000000     -1          1
79              0              0         0  0.00000000     -1          1
80             96             97         2  0.45919494      1          0
81             98             99         1  0.29322714      1          0
82            100            101         2  0.52929930      1          0
83              0              0         0  0.00000000     -1          2
84            102            103         1  0.50531522      1          0
85              0              0         0  0.00000000     -1          1
86            104            105         2  0.67309163      1          0
87              0              0         0  0.00000000     -1          1
88              0              0         0  0.00000000     -1          1
89              0              0         0  0.00000000     -1          1
90              0              0         0  0.00000000     -1          1
91            106            107         2  0.25188028      1          0
92              0              0         0  0.00000000     -1          2
93            108            109         1  0.59913277      1          0
94              0              0         0  0.00000000     -1          1
95            110            111         1  0.48927718      1          0
96              0              0         0  0.00000000     -1          2
97            112            113         1  0.05297812      1          0
98              0              0         0  0.00000000     -1          1
99              0              0         0  0.00000000     -1          2
100             0              0         0  0.00000000     -1          1
101           114            115         1  0.45736078      1          0
102             0              0         0  0.00000000     -1          1
103           116            117         2  0.38976594      1          0
104           118            119         2  0.59586193      1          0
105           120            121         1  0.58760126      1          0
106             0              0         0  0.00000000     -1          1
107             0              0         0  0.00000000     -1          1
108             0              0         0  0.00000000     -1          1
109           122            123         1  0.73428359      1          0
110           124            125         2  0.32230458      1          0
111             0              0         0  0.00000000     -1          2
112             0              0         0  0.00000000     -1          2
113           126            127         1  0.17914214      1          0
114             0              0         0  0.00000000     -1          2
115             0              0         0  0.00000000     -1          2
116             0              0         0  0.00000000     -1          2
117             0              0         0  0.00000000     -1          2
118             0              0         0  0.00000000     -1          1
119             0              0         0  0.00000000     -1          1
120             0              0         0  0.00000000     -1          1
121             0              0         0  0.00000000     -1          1
122             0              0         0  0.00000000     -1          2
123             0              0         0  0.00000000     -1          2
124             0              0         0  0.00000000     -1          1
125             0              0         0  0.00000000     -1          1
126             0              0         0  0.00000000     -1          2
127             0              0         0  0.00000000     -1          2
