    left daughter right daughter split var split point status prediction
1               2              3         2 0.852396690      1          0
2               4              5         1 0.328800058      1          0
3               6              7         2 0.865003897      1          0
4               8              9         2 0.503949743      1          0
5              10             11         2 0.490312164      1          0
6               0              0         0 0.000000000     -1          1
7              12             13         2 0.873255643      1          0
8              14             15         1 0.276300231      1          0
9              16             17         2 0.581873404      1          0
10             18             19         1 0.501097076      1          0
11             20             21         2 0.581879503      1          0
12              0              0         0 0.000000000     -1          2
13             22             23         1 0.502576464      1          0
14             24             25         1 0.268171048      1          0
15              0              0         0 0.000000000     -1          1
16             26             27         1 0.004106039      1          0
17             28             29         1 0.291217549      1          0
18             30             31         2 0.414841489      1          0
19             32             33         1 0.559408057      1          0
20             34             35         1 0.457402409      1          0
21             36             37         1 0.500791351      1          0
22             38             39         2 0.917509430      1          0
23             40             41         2 0.976408865      1          0
24             42             43         2 0.462784190      1          0
25              0              0         0 0.000000000     -1          2
26              0              0         0 0.000000000     -1          1
27             44             45         1 0.156349842      1          0
28              0              0         0 0.000000000     -1          2
29             46             47         2 0.693494938      1          0
30             48             49         2 0.023864721      1          0
31              0              0         0 0.000000000     -1          1
32              0              0         0 0.000000000     -1          2
33             50             51         1 0.564020394      1          0
34              0              0         0 0.000000000     -1          2
35              0              0         0 0.000000000     -1          1
36             52             53         1 0.459530419      1          0
37             54             55         2 0.785717901      1          0
38             56             57         1 0.247937565      1          0
39             58             59         1 0.080058762      1          0
40             60             61         1 0.854397075      1          0
41             62             63         1 0.885006796      1          0
42             64             65         2 0.404295123      1          0
43              0              0         0 0.000000000     -1          1
44              0              0         0 0.000000000     -1          2
45              0              0         0 0.000000000     -1          2
46              0              0         0 0.000000000     -1          2
47              0              0         0 0.000000000     -1          1
48              0              0         0 0.000000000     -1          2
49             66             67         2 0.200827727      1          0
50              0              0         0 0.000000000     -1          1
51             68             69         1 0.950932551      1          0
52             70             71         2 0.785194093      1          0
53             72             73         1 0.460029247      1          0
54             74             75         2 0.585732596      1          0
55             76             77         2 0.803751998      1          0
56              0              0         0 0.000000000     -1          2
57              0              0         0 0.000000000     -1          1
58              0              0         0 0.000000000     -1          1
59              0              0         0 0.000000000     -1          2
60             78             79         1 0.720233983      1          0
61             80             81         1 0.877601248      1          0
62              0              0         0 0.000000000     -1          1
63              0              0         0 0.000000000     -1          2
64             82             83         2 0.399500240      1          0
65              0              0         0 0.000000000     -1          1
66             84             85         1 0.369468609      1          0
67              0              0         0 0.000000000     -1          1
68             86             87         1 0.949746128      1          0
69              0              0         0 0.000000000     -1          2
70              0              0         0 0.000000000     -1          2
71              0              0         0 0.000000000     -1          2
72              0              0         0 0.000000000     -1          1
73              0              0         0 0.000000000     -1          2
74              0              0         0 0.000000000     -1          2
75             88             89         1 0.802745041      1          0
76              0              0         0 0.000000000     -1          2
77             90             91         1 0.588954345      1          0
78              0              0         0 0.000000000     -1          1
79             92             93         1 0.735277142      1          0
80              0              0         0 0.000000000     -1          2
81              0              0         0 0.000000000     -1          1
82             94             95         2 0.361258067      1          0
83              0              0         0 0.000000000     -1          2
84              0              0         0 0.000000000     -1          1
85             96             97         2 0.193062491      1          0
86             98             99         2 0.002089685      1          0
87              0              0         0 0.000000000     -1          1
88            100            101         2 0.673091625      1          0
89            102            103         1 0.823480063      1          0
90              0              0         0 0.000000000     -1          2
91              0              0         0 0.000000000     -1          1
92              0              0         0 0.000000000     -1          2
93              0              0         0 0.000000000     -1          1
94            104            105         2 0.353353533      1          0
95              0              0         0 0.000000000     -1          1
96              0              0         0 0.000000000     -1          1
97              0              0         0 0.000000000     -1          1
98              0              0         0 0.000000000     -1          1
99            106            107         2 0.283710675      1          0
100             0              0         0 0.000000000     -1          1
101           108            109         1 0.593567010      1          0
102             0              0         0 0.000000000     -1          2
103           110            111         2 0.647006175      1          0
104           112            113         2 0.253221341      1          0
105             0              0         0 0.000000000     -1          2
106           114            115         2 0.280129053      1          0
107           116            117         2 0.380120073      1          0
108             0              0         0 0.000000000     -1          1
109           118            119         2 0.677156615      1          0
110             0              0         0 0.000000000     -1          1
111             0              0         0 0.000000000     -1          1
112           120            121         2 0.251880277      1          0
113           122            123         1 0.230304814      1          0
114           124            125         1 0.833786755      1          0
115             0              0         0 0.000000000     -1          1
116             0              0         0 0.000000000     -1          2
117           126            127         1 0.926505313      1          0
118             0              0         0 0.000000000     -1          2
119             0              0         0 0.000000000     -1          1
120             0              0         0 0.000000000     -1          1
121             0              0         0 0.000000000     -1          2
122             0              0         0 0.000000000     -1          1
123             0              0         0 0.000000000     -1          1
124             0              0         0 0.000000000     -1          2
125             0              0         0 0.000000000     -1          2
126             0              0         0 0.000000000     -1          2
127             0              0         0 0.000000000     -1          1
