    left daughter right daughter split var split point status prediction
1               2              3         1 0.892557839      1          0
2               4              5         2 0.322075281      1          0
3               6              7         1 0.997609347      1          0
4               8              9         1 0.503538918      1          0
5              10             11         2 0.980442530      1          0
6              12             13         1 0.970130063      1          0
7               0              0         0 0.000000000     -1          1
8              14             15         2 0.078818651      1          0
9              16             17         1 0.833340551      1          0
10             18             19         1 0.496038384      1          0
11             20             21         1 0.482557772      1          0
12             22             23         2 0.492882081      1          0
13             24             25         2 0.659168691      1          0
14             26             27         1 0.031828687      1          0
15             28             29         1 0.480856517      1          0
16             30             31         2 0.001263054      1          0
17              0              0         0 0.000000000     -1          1
18             32             33         1 0.210887530      1          0
19             34             35         2 0.498873234      1          0
20              0              0         0 0.000000000     -1          2
21              0              0         0 0.000000000     -1          1
22             36             37         2 0.361529538      1          0
23             38             39         1 0.951248786      1          0
24              0              0         0 0.000000000     -1          2
25              0              0         0 0.000000000     -1          1
26              0              0         0 0.000000000     -1          2
27             40             41         1 0.397821513      1          0
28             42             43         1 0.365258878      1          0
29              0              0         0 0.000000000     -1          1
30              0              0         0 0.000000000     -1          1
31             44             45         2 0.060696507      1          0
32             46             47         1 0.196433855      1          0
33             48             49         2 0.499294678      1          0
34             50             51         2 0.368425572      1          0
35             52             53         2 0.883853980      1          0
36              0              0         0 0.000000000     -1          2
37              0              0         0 0.000000000     -1          2
38             54             55         1 0.928401048      1          0
39              0              0         0 0.000000000     -1          1
40             56             57         2 0.073100420      1          0
41              0              0         0 0.000000000     -1          1
42              0              0         0 0.000000000     -1          1
43             58             59         2 0.199982635      1          0
44              0              0         0 0.000000000     -1          2
45             60             61         2 0.062058863      1          0
46             62             63         2 0.499867563      1          0
47              0              0         0 0.000000000     -1          1
48             64             65         1 0.265244458      1          0
49             66             67         2 0.693494938      1          0
50              0              0         0 0.000000000     -1          2
51             68             69         2 0.371709545      1          0
52             70             71         2 0.595125818      1          0
53             72             73         1 0.870625988      1          0
54             74             75         2 0.565459117      1          0
55              0              0         0 0.000000000     -1          2
56              0              0         0 0.000000000     -1          1
57              0              0         0 0.000000000     -1          2
58              0              0         0 0.000000000     -1          1
59              0              0         0 0.000000000     -1          1
60              0              0         0 0.000000000     -1          1
61             76             77         2 0.117080878      1          0
62              0              0         0 0.000000000     -1          1
63             78             79         2 0.577980356      1          0
64              0              0         0 0.000000000     -1          2
65             80             81         2 0.409687575      1          0
66             82             83         2 0.521143466      1          0
67             84             85         2 0.710821866      1          0
68              0              0         0 0.000000000     -1          1
69             86             87         1 0.501097076      1          0
70              0              0         0 0.000000000     -1          1
71             88             89         1 0.500791351      1          0
72             90             91         2 0.941406761      1          0
73              0              0         0 0.000000000     -1          2
74              0              0         0 0.000000000     -1          1
75              0              0         0 0.000000000     -1          1
76             92             93         1 0.579460583      1          0
77             94             95         2 0.129003028      1          0
78              0              0         0 0.000000000     -1          2
79             96             97         2 0.836000165      1          0
80              0              0         0 0.000000000     -1          1
81              0              0         0 0.000000000     -1          1
82              0              0         0 0.000000000     -1          2
83              0              0         0 0.000000000     -1          2
84              0              0         0 0.000000000     -1          1
85             98             99         2 0.796438682      1          0
86              0              0         0 0.000000000     -1          1
87            100            101         2 0.409383396      1          0
88              0              0         0 0.000000000     -1          2
89            102            103         1 0.823480063      1          0
90            104            105         1 0.743807412      1          0
91              0              0         0 0.000000000     -1          1
92              0              0         0 0.000000000     -1          2
93              0              0         0 0.000000000     -1          2
94              0              0         0 0.000000000     -1          1
95            106            107         2 0.236807779      1          0
96            108            109         2 0.825756211      1          0
97              0              0         0 0.000000000     -1          2
98            110            111         2 0.792759996      1          0
99            112            113         1 0.409891760      1          0
100           114            115         2 0.407826611      1          0
101             0              0         0 0.000000000     -1          2
102           116            117         1 0.820025020      1          0
103             0              0         0 0.000000000     -1          1
104             0              0         0 0.000000000     -1          2
105             0              0         0 0.000000000     -1          1
106           118            119         2 0.173417253      1          0
107           120            121         1 0.619505465      1          0
108           122            123         2 0.725974536      1          0
109             0              0         0 0.000000000     -1          1
110           124            125         2 0.720453401      1          0
111             0              0         0 0.000000000     -1          1
112           126            127         1 0.259346741      1          0
113             0              0         0 0.000000000     -1          2
114             0              0         0 0.000000000     -1          2
115             0              0         0 0.000000000     -1          1
116             0              0         0 0.000000000     -1          1
117             0              0         0 0.000000000     -1          2
118             0              0         0 0.000000000     -1          2
119             0              0         0 0.000000000     -1          2
120             0              0         0 0.000000000     -1          1
121             0              0         0 0.000000000     -1          2
122             0              0         0 0.000000000     -1          2
123             0              0         0 0.000000000     -1          2
124             0              0         0 0.000000000     -1          2
125             0              0         0 0.000000000     -1          2
126             0              0         0 0.000000000     -1          2
127             0              0         0 0.000000000     -1          2
