    left daughter right daughter split var split point status prediction
1               2              3         2  0.85196387      1          0
2               4              5         1  0.32501490      1          0
3               6              7         2  0.92672504      1          0
4               8              9         2  0.50394974      1          0
5              10             11         2  0.49483866      1          0
6              12             13         2  0.91012420      1          0
7              14             15         1  0.50618598      1          0
8              16             17         2  0.08692787      1          0
9              18             19         1  0.31003595      1          0
10             20             21         1  0.50011776      1          0
11             22             23         1  0.49949899      1          0
12             24             25         2  0.86801053      1          0
13             26             27         2  0.92271670      1          0
14             28             29         1  0.08005876      1          0
15             30             31         1  0.94054636      1          0
16             32             33         1  0.02421525      1          0
17             34             35         2  0.32230458      1          0
18             36             37         2  0.59460648      1          0
19              0              0         0  0.00000000     -1          1
20             38             39         1  0.36543379      1          0
21             40             41         1  0.86375781      1          0
22             42             43         2  0.49929468      1          0
23             44             45         2  0.67309163      1          0
24             46             47         1  0.47069788      1          0
25             48             49         2  0.87325564      1          0
26              0              0         0  0.00000000     -1          1
27              0              0         0  0.00000000     -1          1
28              0              0         0  0.00000000     -1          2
29              0              0         0  0.00000000     -1          2
30             50             51         1  0.75066388      1          0
31              0              0         0  0.00000000     -1          1
32              0              0         0  0.00000000     -1          2
33             52             53         1  0.29311231      1          0
34             54             55         2  0.25322134      1          0
35             56             57         1  0.21647007      1          0
36             58             59         1  0.04577227      1          0
37             60             61         2  0.70338049      1          0
38              0              0         0  0.00000000     -1          1
39             62             63         1  0.37977473      1          0
40             64             65         1  0.83490836      1          0
41             66             67         2  0.37637859      1          0
42              0              0         0  0.00000000     -1          1
43             68             69         1  0.45695146      1          0
44             70             71         1  0.91572418      1          0
45             72             73         2  0.67424314      1          0
46              0              0         0  0.00000000     -1          2
47              0              0         0  0.00000000     -1          1
48              0              0         0  0.00000000     -1          2
49             74             75         1  0.49871588      1          0
50              0              0         0  0.00000000     -1          1
51              0              0         0  0.00000000     -1          1
52             76             77         1  0.16423172      1          0
53              0              0         0  0.00000000     -1          2
54             78             79         2  0.25242949      1          0
55              0              0         0  0.00000000     -1          1
56              0              0         0  0.00000000     -1          1
57             80             81         1  0.23523984      1          0
58              0              0         0  0.00000000     -1          1
59             82             83         2  0.57812792      1          0
60              0              0         0  0.00000000     -1          2
61             84             85         1  0.28855634      1          0
62              0              0         0  0.00000000     -1          2
63             86             87         2  0.47394543      1          0
64             88             89         2  0.11708088      1          0
65              0              0         0  0.00000000     -1          1
66             90             91         1  0.93536401      1          0
67             92             93         2  0.38836231      1          0
68             94             95         1  0.38454229      1          0
69             96             97         1  0.48263497      1          0
70              0              0         0  0.00000000     -1          1
71             98             99         1  0.91880025      1          0
72              0              0         0  0.00000000     -1          2
73            100            101         1  0.91402067      1          0
74            102            103         1  0.25771901      1          0
75            104            105         2  0.88714526      1          0
76              0              0         0  0.00000000     -1          1
77              0              0         0  0.00000000     -1          1
78            106            107         2  0.18990379      1          0
79              0              0         0  0.00000000     -1          2
80              0              0         0  0.00000000     -1          2
81              0              0         0  0.00000000     -1          1
82            108            109         1  0.09596539      1          0
83              0              0         0  0.00000000     -1          2
84            110            111         2  0.82673250      1          0
85              0              0         0  0.00000000     -1          2
86            112            113         2  0.02150540      1          0
87              0              0         0  0.00000000     -1          2
88            114            115         2  0.08386309      1          0
89            116            117         2  0.13177344      1          0
90            118            119         2  0.18497603      1          0
91              0              0         0  0.00000000     -1          2
92              0              0         0  0.00000000     -1          1
93              0              0         0  0.00000000     -1          2
94              0              0         0  0.00000000     -1          2
95            120            121         2  0.78519409      1          0
96              0              0         0  0.00000000     -1          2
97              0              0         0  0.00000000     -1          2
98              0              0         0  0.00000000     -1          2
99              0              0         0  0.00000000     -1          1
100           122            123         1  0.82348006      1          0
101             0              0         0  0.00000000     -1          1
102             0              0         0  0.00000000     -1          2
103             0              0         0  0.00000000     -1          2
104             0              0         0  0.00000000     -1          1
105           124            125         1  0.92428964      1          0
106             0              0         0  0.00000000     -1          1
107           126            127         1  0.26839349      1          0
108             0              0         0  0.00000000     -1          2
109             0              0         0  0.00000000     -1          2
110             0              0         0  0.00000000     -1          2
111             0              0         0  0.00000000     -1          2
112             0              0         0  0.00000000     -1          2
113             0              0         0  0.00000000     -1          1
114             0              0         0  0.00000000     -1          2
115             0              0         0  0.00000000     -1          2
116             0              0         0  0.00000000     -1          1
117             0              0         0  0.00000000     -1          2
118             0              0         0  0.00000000     -1          2
119             0              0         0  0.00000000     -1          2
120             0              0         0  0.00000000     -1          2
121             0              0         0  0.00000000     -1          2
122             0              0         0  0.00000000     -1          1
123             0              0         0  0.00000000     -1          1
124             0              0         0  0.00000000     -1          1
125             0              0         0  0.00000000     -1          1
126             0              0         0  0.00000000     -1          1
127             0              0         0  0.00000000     -1          1
