    left daughter right daughter split var split point status prediction
1               2              3         2 0.851136960      1          0
2               4              5         1 0.913201183      1          0
3               6              7         2 0.870321744      1          0
4               8              9         1 0.873043294      1          0
5              10             11         1 0.993350535      1          0
6              12             13         2 0.865003897      1          0
7              14             15         2 0.882574831      1          0
8              16             17         1 0.342891340      1          0
9              18             19         2 0.508739471      1          0
10             20             21         1 0.970978042      1          0
11              0              0         0 0.000000000     -1          1
12              0              0         0 0.000000000     -1          1
13              0              0         0 0.000000000     -1          1
14              0              0         0 0.000000000     -1          2
15             22             23         2 0.993241015      1          0
16             24             25         1 0.304972181      1          0
17             26             27         1 0.355206205      1          0
18              0              0         0 0.000000000     -1          2
19             28             29         1 0.891068792      1          0
20             30             31         1 0.967787694      1          0
21             32             33         2 0.359228802      1          0
22             34             35         1 0.424413560      1          0
23              0              0         0 0.000000000     -1          1
24             36             37         2 0.499867563      1          0
25             38             39         1 0.328975203      1          0
26              0              0         0 0.000000000     -1          2
27             40             41         1 0.616643372      1          0
28              0              0         0 0.000000000     -1          1
29              0              0         0 0.000000000     -1          1
30             42             43         2 0.489828629      1          0
31              0              0         0 0.000000000     -1          1
32              0              0         0 0.000000000     -1          2
33              0              0         0 0.000000000     -1          2
34             44             45         2 0.980938917      1          0
35             46             47         1 0.857075292      1          0
36             48             49         1 0.215094167      1          0
37             50             51         1 0.006644896      1          0
38             52             53         2 0.807009590      1          0
39              0              0         0 0.000000000     -1          1
40             54             55         2 0.799274231      1          0
41             56             57         2 0.488429165      1          0
42             58             59         2 0.186156359      1          0
43             60             61         2 0.588759629      1          0
44             62             63         1 0.257719006      1          0
45              0              0         0 0.000000000     -1          2
46             64             65         2 0.926699103      1          0
47             66             67         2 0.974016071      1          0
48             68             69         1 0.010407022      1          0
49             70             71         2 0.312040070      1          0
50              0              0         0 0.000000000     -1          1
51             72             73         1 0.291303214      1          0
52             74             75         1 0.328351172      1          0
53              0              0         0 0.000000000     -1          2
54             76             77         2 0.780685385      1          0
55              0              0         0 0.000000000     -1          2
56             78             79         1 0.838477362      1          0
57             80             81         2 0.588426244      1          0
58              0              0         0 0.000000000     -1          2
59             82             83         2 0.195571061      1          0
60              0              0         0 0.000000000     -1          1
61              0              0         0 0.000000000     -1          1
62              0              0         0 0.000000000     -1          2
63             84             85         1 0.265289081      1          0
64              0              0         0 0.000000000     -1          1
65             86             87         1 0.506185977      1          0
66              0              0         0 0.000000000     -1          1
67              0              0         0 0.000000000     -1          2
68              0              0         0 0.000000000     -1          1
69             88             89         2 0.448050770      1          0
70             90             91         1 0.268393488      1          0
71             92             93         1 0.223665367      1          0
72             94             95         1 0.186925937      1          0
73              0              0         0 0.000000000     -1          2
74             96             97         2 0.500446638      1          0
75              0              0         0 0.000000000     -1          2
76             98             99         2 0.758060872      1          0
77              0              0         0 0.000000000     -1          1
78            100            101         2 0.002841984      1          0
79            102            103         1 0.863757812      1          0
80              0              0         0 0.000000000     -1          1
81            104            105         1 0.690314449      1          0
82              0              0         0 0.000000000     -1          1
83            106            107         1 0.950022636      1          0
84              0              0         0 0.000000000     -1          1
85              0              0         0 0.000000000     -1          2
86              0              0         0 0.000000000     -1          2
87            108            109         2 0.934725286      1          0
88            110            111         2 0.254422873      1          0
89              0              0         0 0.000000000     -1          1
90              0              0         0 0.000000000     -1          1
91              0              0         0 0.000000000     -1          1
92              0              0         0 0.000000000     -1          2
93              0              0         0 0.000000000     -1          1
94            112            113         1 0.178296321      1          0
95              0              0         0 0.000000000     -1          2
96              0              0         0 0.000000000     -1          1
97              0              0         0 0.000000000     -1          1
98            114            115         2 0.747125554      1          0
99              0              0         0 0.000000000     -1          2
100             0              0         0 0.000000000     -1          1
101           116            117         2 0.357458449      1          0
102             0              0         0 0.000000000     -1          2
103             0              0         0 0.000000000     -1          2
104             0              0         0 0.000000000     -1          1
105           118            119         1 0.715427941      1          0
106             0              0         0 0.000000000     -1          2
107             0              0         0 0.000000000     -1          2
108             0              0         0 0.000000000     -1          2
109           120            121         2 0.982504516      1          0
110           122            123         2 0.249490306      1          0
111             0              0         0 0.000000000     -1          1
112           124            125         1 0.069637402      1          0
113             0              0         0 0.000000000     -1          1
114           126            127         2 0.735206471      1          0
115             0              0         0 0.000000000     -1          1
116             0              0         0 0.000000000     -1          2
117             0              0         0 0.000000000     -1          2
118             0              0         0 0.000000000     -1          2
119             0              0         0 0.000000000     -1          1
120             0              0         0 0.000000000     -1          1
121             0              0         0 0.000000000     -1          1
122             0              0         0 0.000000000     -1          1
123             0              0         0 0.000000000     -1          2
124             0              0         0 0.000000000     -1          2
125             0              0         0 0.000000000     -1          2
126             0              0         0 0.000000000     -1          2
127             0              0         0 0.000000000     -1          2
