    left daughter right daughter split var split point status prediction
1               2              3         2 0.094494932      1          0
2               4              5         2 0.085364159      1          0
3               6              7         1 0.519287277      1          0
4               8              9         1 0.492200102      1          0
5               0              0         0 0.000000000     -1          2
6              10             11         2 0.498170029      1          0
7              12             13         1 0.970130063      1          0
8              14             15         2 0.022962332      1          0
9              16             17         2 0.084227930      1          0
10             18             19         1 0.501097076      1          0
11             20             21         2 0.581873404      1          0
12             22             23         1 0.528371251      1          0
13             24             25         1 0.993350535      1          0
14              0              0         0 0.000000000     -1          2
15             26             27         2 0.050974294      1          0
16             28             29         2 0.001263054      1          0
17              0              0         0 0.000000000     -1          1
18             30             31         1 0.147497497      1          0
19              0              0         0 0.000000000     -1          2
20             32             33         2 0.571249451      1          0
21             34             35         1 0.500221705      1          0
22              0              0         0 0.000000000     -1          1
23             36             37         1 0.538198264      1          0
24             38             39         2 0.508615282      1          0
25              0              0         0 0.000000000     -1          1
26              0              0         0 0.000000000     -1          1
27              0              0         0 0.000000000     -1          1
28              0              0         0 0.000000000     -1          1
29             40             41         2 0.060696507      1          0
30              0              0         0 0.000000000     -1          1
31             42             43         2 0.192684941      1          0
32             44             45         2 0.515617409      1          0
33              0              0         0 0.000000000     -1          1
34             46             47         1 0.291346250      1          0
35              0              0         0 0.000000000     -1          1
36              0              0         0 0.000000000     -1          2
37             48             49         2 0.498873234      1          0
38              0              0         0 0.000000000     -1          2
39              0              0         0 0.000000000     -1          1
40              0              0         0 0.000000000     -1          2
41             50             51         1 0.584794492      1          0
42              0              0         0 0.000000000     -1          1
43             52             53         2 0.207254967      1          0
44              0              0         0 0.000000000     -1          2
45              0              0         0 0.000000000     -1          2
46             54             55         2 0.723383086      1          0
47             56             57         2 0.694642412      1          0
48             58             59         2 0.129965328      1          0
49             60             61         1 0.855914582      1          0
50              0              0         0 0.000000000     -1          2
51              0              0         0 0.000000000     -1          2
52              0              0         0 0.000000000     -1          2
53             62             63         2 0.252429489      1          0
54              0              0         0 0.000000000     -1          2
55             64             65         2 0.743291004      1          0
56              0              0         0 0.000000000     -1          2
57             66             67         1 0.324583542      1          0
58              0              0         0 0.000000000     -1          1
59             68             69         2 0.296334248      1          0
60             70             71         1 0.748639816      1          0
61             72             73         2 0.887980078      1          0
62              0              0         0 0.000000000     -1          1
63             74             75         2 0.253221341      1          0
64              0              0         0 0.000000000     -1          1
65             76             77         2 0.836878818      1          0
66              0              0         0 0.000000000     -1          2
67             78             79         1 0.387694266      1          0
68             80             81         1 0.836554487      1          0
69             82             83         2 0.382501646      1          0
70             84             85         1 0.693410597      1          0
71              0              0         0 0.000000000     -1          1
72             86             87         2 0.872412784      1          0
73              0              0         0 0.000000000     -1          1
74              0              0         0 0.000000000     -1          2
75             88             89         2 0.322304581      1          0
76             90             91         1 0.055847621      1          0
77              0              0         0 0.000000000     -1          2
78              0              0         0 0.000000000     -1          2
79             92             93         2 0.855940129      1          0
80             94             95         2 0.241532004      1          0
81             96             97         1 0.941825762      1          0
82              0              0         0 0.000000000     -1          2
83             98             99         2 0.385834063      1          0
84            100            101         1 0.588142499      1          0
85            102            103         1 0.723239532      1          0
86            104            105         1 0.939314412      1          0
87              0              0         0 0.000000000     -1          2
88            106            107         2 0.295701804      1          0
89            108            109         2 0.326760684      1          0
90              0              0         0 0.000000000     -1          2
91              0              0         0 0.000000000     -1          2
92            110            111         1 0.396357977      1          0
93              0              0         0 0.000000000     -1          2
94            112            113         2 0.233910013      1          0
95              0              0         0 0.000000000     -1          2
96              0              0         0 0.000000000     -1          2
97              0              0         0 0.000000000     -1          2
98              0              0         0 0.000000000     -1          1
99              0              0         0 0.000000000     -1          2
100           114            115         2 0.887366777      1          0
101             0              0         0 0.000000000     -1          1
102             0              0         0 0.000000000     -1          2
103             0              0         0 0.000000000     -1          1
104           116            117         2 0.812518211      1          0
105             0              0         0 0.000000000     -1          1
106             0              0         0 0.000000000     -1          1
107             0              0         0 0.000000000     -1          1
108             0              0         0 0.000000000     -1          2
109           118            119         1 0.240045707      1          0
110             0              0         0 0.000000000     -1          1
111             0              0         0 0.000000000     -1          2
112           120            121         2 0.176376582      1          0
113             0              0         0 0.000000000     -1          1
114           122            123         1 0.585799857      1          0
115             0              0         0 0.000000000     -1          1
116           124            125         1 0.927773175      1          0
117             0              0         0 0.000000000     -1          1
118             0              0         0 0.000000000     -1          1
119           126            127         1 0.256956882      1          0
120             0              0         0 0.000000000     -1          2
121             0              0         0 0.000000000     -1          2
122             0              0         0 0.000000000     -1          1
123             0              0         0 0.000000000     -1          2
124             0              0         0 0.000000000     -1          1
125             0              0         0 0.000000000     -1          2
126             0              0         0 0.000000000     -1          2
127             0              0         0 0.000000000     -1          1
