    left daughter right daughter split var split point status prediction
1               2              3         2 0.851963873      1          0
2               4              5         2 0.579673768      1          0
3               6              7         2 0.881658437      1          0
4               8              9         1 0.501880568      1          0
5              10             11         2 0.586083619      1          0
6              12             13         2 0.861019508      1          0
7              14             15         2 0.887869412      1          0
8              16             17         2 0.500992212      1          0
9              18             19         1 0.946435724      1          0
10              0              0         0 0.000000000     -1          2
11             20             21         1 0.500791351      1          0
12              0              0         0 0.000000000     -1          1
13              0              0         0 0.000000000     -1          1
14              0              0         0 0.000000000     -1          2
15             22             23         2 0.993241015      1          0
16             24             25         1 0.133615838      1          0
17             26             27         2 0.570409758      1          0
18             28             29         2 0.498136973      1          0
19             30             31         1 0.982839002      1          0
20             32             33         2 0.594606482      1          0
21             34             35         2 0.777261009      1          0
22             36             37         1 0.506185977      1          0
23              0              0         0 0.000000000     -1          1
24             38             39         1 0.010407022      1          0
25             40             41         1 0.157799868      1          0
26             42             43         1 0.095825718      1          0
27              0              0         0 0.000000000     -1          1
28             44             45         2 0.002841984      1          0
29              0              0         0 0.000000000     -1          1
30             46             47         2 0.525070985      1          0
31              0              0         0 0.000000000     -1          2
32              0              0         0 0.000000000     -1          1
33             48             49         2 0.707195250      1          0
34             50             51         1 0.693410597      1          0
35             52             53         1 0.906852807      1          0
36             54             55         2 0.980938917      1          0
37             56             57         1 0.934190365      1          0
38              0              0         0 0.000000000     -1          1
39              0              0         0 0.000000000     -1          1
40              0              0         0 0.000000000     -1          1
41             58             59         1 0.215094167      1          0
42              0              0         0 0.000000000     -1          2
43              0              0         0 0.000000000     -1          2
44              0              0         0 0.000000000     -1          1
45             60             61         1 0.835709630      1          0
46              0              0         0 0.000000000     -1          2
47              0              0         0 0.000000000     -1          1
48             62             63         2 0.631003606      1          0
49             64             65         1 0.285968944      1          0
50             66             67         1 0.593567010      1          0
51             68             69         1 0.715427941      1          0
52             70             71         1 0.716200189      1          0
53              0              0         0 0.000000000     -1          2
54             72             73         2 0.897428618      1          0
55              0              0         0 0.000000000     -1          2
56             74             75         1 0.577066966      1          0
57              0              0         0 0.000000000     -1          1
58              0              0         0 0.000000000     -1          1
59             76             77         2 0.416650708      1          0
60             78             79         2 0.272686468      1          0
61             80             81         2 0.295507479      1          0
62             82             83         2 0.630654820      1          0
63              0              0         0 0.000000000     -1          2
64             84             85         1 0.072790825      1          0
65             86             87         1 0.293227137      1          0
66             88             89         1 0.585799857      1          0
67              0              0         0 0.000000000     -1          1
68              0              0         0 0.000000000     -1          2
69             90             91         1 0.746422072      1          0
70              0              0         0 0.000000000     -1          1
71              0              0         0 0.000000000     -1          1
72              0              0         0 0.000000000     -1          2
73              0              0         0 0.000000000     -1          2
74              0              0         0 0.000000000     -1          1
75             92             93         1 0.720233983      1          0
76             94             95         1 0.233225665      1          0
77              0              0         0 0.000000000     -1          2
78             96             97         2 0.270642876      1          0
79             98             99         1 0.696866818      1          0
80            100            101         1 0.886853973      1          0
81              0              0         0 0.000000000     -1          2
82              0              0         0 0.000000000     -1          2
83              0              0         0 0.000000000     -1          1
84              0              0         0 0.000000000     -1          2
85              0              0         0 0.000000000     -1          2
86              0              0         0 0.000000000     -1          1
87            102            103         2 0.710821866      1          0
88              0              0         0 0.000000000     -1          1
89              0              0         0 0.000000000     -1          2
90              0              0         0 0.000000000     -1          1
91            104            105         1 0.858921944      1          0
92              0              0         0 0.000000000     -1          1
93            106            107         2 0.991562450      1          0
94              0              0         0 0.000000000     -1          1
95            108            109         1 0.269872505      1          0
96            110            111         2 0.060696507      1          0
97              0              0         0 0.000000000     -1          1
98              0              0         0 0.000000000     -1          2
99            112            113         1 0.702103507      1          0
100             0              0         0 0.000000000     -1          1
101           114            115         1 0.932142762      1          0
102             0              0         0 0.000000000     -1          1
103           116            117         1 0.389142088      1          0
104             0              0         0 0.000000000     -1          1
105           118            119         1 0.870136443      1          0
106           120            121         1 0.735277142      1          0
107             0              0         0 0.000000000     -1          2
108           122            123         2 0.166767032      1          0
109           124            125         1 0.365433790      1          0
110             0              0         0 0.000000000     -1          2
111           126            127         2 0.062058863      1          0
112             0              0         0 0.000000000     -1          1
113             0              0         0 0.000000000     -1          2
114             0              0         0 0.000000000     -1          2
115             0              0         0 0.000000000     -1          2
116             0              0         0 0.000000000     -1          2
117             0              0         0 0.000000000     -1          2
118             0              0         0 0.000000000     -1          2
119             0              0         0 0.000000000     -1          1
120             0              0         0 0.000000000     -1          2
121             0              0         0 0.000000000     -1          1
122             0              0         0 0.000000000     -1          1
123             0              0         0 0.000000000     -1          1
124             0              0         0 0.000000000     -1          1
125             0              0         0 0.000000000     -1          1
126             0              0         0 0.000000000     -1          1
127             0              0         0 0.000000000     -1          2
