    left daughter right daughter split var split point status prediction
1               2              3         1  0.92840105      1          0
2               4              5         1  0.62319759      1          0
3               6              7         1  0.95434237      1          0
4               8              9         2  0.47369049      1          0
5              10             11         1  0.66127235      1          0
6              12             13         2  0.50394031      1          0
7              14             15         2  0.50105503      1          0
8              16             17         2  0.08062355      1          0
9              18             19         1  0.50022171      1          0
10             20             21         1  0.63982143      1          0
11             22             23         1  0.72348820      1          0
12             24             25         2  0.30497734      1          0
13              0              0         0  0.00000000     -1          1
14             26             27         2  0.35384115      1          0
15              0              0         0  0.00000000     -1          1
16             28             29         1  0.29311231      1          0
17             30             31         1  0.50188057      1          0
18             32             33         1  0.32331091      1          0
19             34             35         1  0.50304810      1          0
20             36             37         1  0.63525428      1          0
21             38             39         2  0.11106176      1          0
22             40             41         1  0.70491345      1          0
23             42             43         1  0.80278654      1          0
24              0              0         0  0.00000000     -1          2
25              0              0         0  0.00000000     -1          2
26              0              0         0  0.00000000     -1          2
27              0              0         0  0.00000000     -1          2
28             44             45         2  0.06774067      1          0
29             46             47         2  0.04440585      1          0
30             48             49         2  0.44509872      1          0
31             50             51         2  0.08698391      1          0
32             52             53         2  0.50026395      1          0
33             54             55         1  0.41963756      1          0
34              0              0         0  0.00000000     -1          2
35             56             57         1  0.61811342      1          0
36             58             59         2  0.49084158      1          0
37              0              0         0  0.00000000     -1          2
38              0              0         0  0.00000000     -1          2
39             60             61         2  0.40643818      1          0
40             62             63         2  0.45711101      1          0
41              0              0         0  0.00000000     -1          2
42             64             65         1  0.75925594      1          0
43             66             67         2  0.49288208      1          0
44             68             69         1  0.02421525      1          0
45              0              0         0  0.00000000     -1          2
46              0              0         0  0.00000000     -1          2
47             70             71         2  0.05385217      1          0
48             72             73         2  0.25322134      1          0
49              0              0         0  0.00000000     -1          1
50              0              0         0  0.00000000     -1          1
51             74             75         1  0.56634625      1          0
52              0              0         0  0.00000000     -1          1
53             76             77         2  0.98093892      1          0
54             78             79         1  0.34819461      1          0
55             80             81         1  0.42061912      1          0
56             82             83         2  0.50680221      1          0
57              0              0         0  0.00000000     -1          1
58              0              0         0  0.00000000     -1          2
59              0              0         0  0.00000000     -1          1
60              0              0         0  0.00000000     -1          1
61              0              0         0  0.00000000     -1          1
62             84             85         1  0.69649830      1          0
63             86             87         1  0.69606750      1          0
64             88             89         2  0.50030211      1          0
65             90             91         2  0.48679341      1          0
66             92             93         1  0.83767609      1          0
67             94             95         2  0.97401607      1          0
68              0              0         0  0.00000000     -1          2
69             96             97         2  0.05116814      1          0
70              0              0         0  0.00000000     -1          1
71              0              0         0  0.00000000     -1          2
72             98             99         2  0.25242949      1          0
73            100            101         2  0.40078053      1          0
74              0              0         0  0.00000000     -1          2
75            102            103         2  0.23391001      1          0
76            104            105         2  0.79643868      1          0
77              0              0         0  0.00000000     -1          2
78              0              0         0  0.00000000     -1          2
79              0              0         0  0.00000000     -1          2
80              0              0         0  0.00000000     -1          1
81            106            107         1  0.46002925      1          0
82              0              0         0  0.00000000     -1          2
83            108            109         2  0.79859606      1          0
84              0              0         0  0.00000000     -1          2
85              0              0         0  0.00000000     -1          1
86              0              0         0  0.00000000     -1          1
87              0              0         0  0.00000000     -1          2
88            110            111         2  0.34332952      1          0
89              0              0         0  0.00000000     -1          1
90              0              0         0  0.00000000     -1          2
91              0              0         0  0.00000000     -1          1
92              0              0         0  0.00000000     -1          2
93            112            113         2  0.26447182      1          0
94            114            115         2  0.63976954      1          0
95              0              0         0  0.00000000     -1          1
96              0              0         0  0.00000000     -1          1
97              0              0         0  0.00000000     -1          1
98            116            117         1  0.42969524      1          0
99              0              0         0  0.00000000     -1          2
100           118            119         2  0.35694830      1          0
101           120            121         2  0.40320214      1          0
102             0              0         0  0.00000000     -1          2
103           122            123         1  0.56873795      1          0
104           124            125         2  0.69436651      1          0
105           126            127         2  0.89669679      1          0
106             0              0         0  0.00000000     -1          2
107             0              0         0  0.00000000     -1          2
108             0              0         0  0.00000000     -1          1
109             0              0         0  0.00000000     -1          1
110             0              0         0  0.00000000     -1          1
111             0              0         0  0.00000000     -1          2
112             0              0         0  0.00000000     -1          2
113             0              0         0  0.00000000     -1          2
114             0              0         0  0.00000000     -1          1
115             0              0         0  0.00000000     -1          1
116             0              0         0  0.00000000     -1          1
117             0              0         0  0.00000000     -1          1
118             0              0         0  0.00000000     -1          1
119             0              0         0  0.00000000     -1          1
120             0              0         0  0.00000000     -1          2
121             0              0         0  0.00000000     -1          1
122             0              0         0  0.00000000     -1          1
123             0              0         0  0.00000000     -1          2
124             0              0         0  0.00000000     -1          2
125             0              0         0  0.00000000     -1          2
126             0              0         0  0.00000000     -1          2
127             0              0         0  0.00000000     -1          2
