    left daughter right daughter split var  split point status prediction
1               2              3         1 0.9133604250      1          0
2               4              5         2 0.3449928410      1          0
3               6              7         2 0.4988662605      1          0
4               8              9         1 0.5009012482      1          0
5              10             11         2 0.8523918375      1          0
6              12             13         2 0.2863713907      1          0
7              14             15         1 0.9189038882      1          0
8              16             17         2 0.0222091829      1          0
9              18             19         2 0.0012630539      1          0
10             20             21         1 0.4960383842      1          0
11             22             23         2 0.9220193375      1          0
12             24             25         1 0.9360936671      1          0
13             26             27         2 0.3037319910      1          0
14              0              0         0 0.0000000000     -1          2
15             28             29         1 0.9393144124      1          0
16              0              0         0 0.0000000000     -1          1
17             30             31         2 0.0528743753      1          0
18              0              0         0 0.0000000000     -1          1
19             32             33         1 0.8333405505      1          0
20             34             35         2 0.4998675627      1          0
21             36             37         2 0.4989002166      1          0
22             38             39         2 0.8812761795      1          0
23             40             41         2 0.9933215461      1          0
24              0              0         0 0.0000000000     -1          2
25              0              0         0 0.0000000000     -1          2
26              0              0         0 0.0000000000     -1          1
27             42             43         2 0.3877179752      1          0
28              0              0         0 0.0000000000     -1          1
29              0              0         0 0.0000000000     -1          1
30             44             45         1 0.1796505251      1          0
31             46             47         1 0.1474974971      1          0
32             48             49         2 0.0606965066      1          0
33              0              0         0 0.0000000000     -1          1
34             50             51         1 0.2408852727      1          0
35             52             53         1 0.0003927892      1          0
36             54             55         1 0.5064949507      1          0
37             56             57         2 0.8173692955      1          0
38             58             59         2 0.8703217439      1          0
39             60             61         1 0.3810292809      1          0
40             62             63         1 0.5061859772      1          0
41              0              0         0 0.0000000000     -1          1
42              0              0         0 0.0000000000     -1          2
43              0              0         0 0.0000000000     -1          2
44              0              0         0 0.0000000000     -1          2
45              0              0         0 0.0000000000     -1          1
46              0              0         0 0.0000000000     -1          1
47             64             65         2 0.1343344616      1          0
48              0              0         0 0.0000000000     -1          2
49             66             67         2 0.1276291149      1          0
50             68             69         2 0.4480507704      1          0
51             70             71         2 0.4007805337      1          0
52              0              0         0 0.0000000000     -1          1
53             72             73         2 0.7033804858      1          0
54              0              0         0 0.0000000000     -1          1
55             74             75         1 0.5709606987      1          0
56             76             77         1 0.4994989942      1          0
57              0              0         0 0.0000000000     -1          1
58              0              0         0 0.0000000000     -1          1
59              0              0         0 0.0000000000     -1          1
60              0              0         0 0.0000000000     -1          2
61             78             79         2 0.8869127584      1          0
62             80             81         2 0.9809389174      1          0
63             82             83         1 0.8570752919      1          0
64              0              0         0 0.0000000000     -1          1
65             84             85         2 0.2532213414      1          0
66             86             87         1 0.5594080571      1          0
67             88             89         1 0.5893138325      1          0
68              0              0         0 0.0000000000     -1          1
69              0              0         0 0.0000000000     -1          1
70              0              0         0 0.0000000000     -1          1
71              0              0         0 0.0000000000     -1          2
72             90             91         2 0.5192202417      1          0
73             92             93         1 0.0858049692      1          0
74              0              0         0 0.0000000000     -1          2
75             94             95         1 0.7017349892      1          0
76              0              0         0 0.0000000000     -1          2
77             96             97         1 0.6903144495      1          0
78              0              0         0 0.0000000000     -1          2
79             98             99         1 0.5845761929      1          0
80              0              0         0 0.0000000000     -1          2
81              0              0         0 0.0000000000     -1          2
82            100            101         2 0.9306481211      1          0
83              0              0         0 0.0000000000     -1          2
84            102            103         1 0.1482093404      1          0
85            104            105         2 0.2957018041      1          0
86              0              0         0 0.0000000000     -1          2
87            106            107         1 0.5794605827      1          0
88              0              0         0 0.0000000000     -1          2
89            108            109         1 0.5991327719      1          0
90              0              0         0 0.0000000000     -1          2
91            110            111         1 0.0387260305      1          0
92              0              0         0 0.0000000000     -1          2
93            112            113         1 0.2885563418      1          0
94            114            115         1 0.6964982997      1          0
95              0              0         0 0.0000000000     -1          2
96              0              0         0 0.0000000000     -1          1
97            116            117         1 0.7107164663      1          0
98              0              0         0 0.0000000000     -1          1
99              0              0         0 0.0000000000     -1          1
100             0              0         0 0.0000000000     -1          1
101             0              0         0 0.0000000000     -1          1
102             0              0         0 0.0000000000     -1          2
103           118            119         2 0.1999500411      1          0
104             0              0         0 0.0000000000     -1          1
105           120            121         2 0.2996662292      1          0
106             0              0         0 0.0000000000     -1          1
107           122            123         1 0.7289888927      1          0
108             0              0         0 0.0000000000     -1          1
109           124            125         1 0.7419265733      1          0
110             0              0         0 0.0000000000     -1          2
111             0              0         0 0.0000000000     -1          2
112           126            127         2 0.7274365783      1          0
113             0              0         0 0.0000000000     -1          2
114             0              0         0 0.0000000000     -1          2
115             0              0         0 0.0000000000     -1          1
116             0              0         0 0.0000000000     -1          2
117             0              0         0 0.0000000000     -1          1
118             0              0         0 0.0000000000     -1          1
119             0              0         0 0.0000000000     -1          1
120             0              0         0 0.0000000000     -1          2
121             0              0         0 0.0000000000     -1          1
122             0              0         0 0.0000000000     -1          2
123             0              0         0 0.0000000000     -1          2
124             0              0         0 0.0000000000     -1          2
125             0              0         0 0.0000000000     -1          2
126             0              0         0 0.0000000000     -1          2
127             0              0         0 0.0000000000     -1          2
