    left daughter right daughter split var split point status prediction
1               2              3         1 0.577921718      1          0
2               4              5         2 0.499867563      1          0
3               6              7         1 0.935364007      1          0
4               8              9         1 0.501880568      1          0
5              10             11         2 0.693625895      1          0
6              12             13         2 0.498900217      1          0
7              14             15         2 0.498866261      1          0
8              16             17         1 0.216470065      1          0
9              18             19         2 0.074961110      1          0
10             20             21         2 0.669723583      1          0
11             22             23         1 0.501902845      1          0
12             24             25         1 0.933475307      1          0
13             26             27         1 0.692094921      1          0
14             28             29         2 0.369339519      1          0
15             30             31         2 0.962636712      1          0
16             32             33         2 0.085616030      1          0
17             34             35         2 0.350260932      1          0
18              0              0         0 0.000000000     -1          2
19              0              0         0 0.000000000     -1          2
20             36             37         1 0.499498994      1          0
21              0              0         0 0.000000000     -1          2
22             38             39         1 0.291346250      1          0
23              0              0         0 0.000000000     -1          1
24             40             41         1 0.833786755      1          0
25              0              0         0 0.000000000     -1          1
26              0              0         0 0.000000000     -1          1
27             42             43         1 0.702941403      1          0
28              0              0         0 0.000000000     -1          2
29              0              0         0 0.000000000     -1          2
30             44             45         1 0.939314412      1          0
31              0              0         0 0.000000000     -1          2
32             46             47         1 0.136094853      1          0
33              0              0         0 0.000000000     -1          1
34             48             49         2 0.200827727      1          0
35             50             51         1 0.276517837      1          0
36             52             53         2 0.634480305      1          0
37              0              0         0 0.000000000     -1          1
38             54             55         1 0.072790825      1          0
39             56             57         1 0.322502949      1          0
40             58             59         2 0.007698841      1          0
41             60             61         1 0.867035289      1          0
42              0              0         0 0.000000000     -1          2
43             62             63         1 0.894682755      1          0
44              0              0         0 0.000000000     -1          2
45              0              0         0 0.000000000     -1          1
46              0              0         0 0.000000000     -1          1
47              0              0         0 0.000000000     -1          1
48             64             65         2 0.189496600      1          0
49             66             67         1 0.474220768      1          0
50              0              0         0 0.000000000     -1          2
51             68             69         1 0.405856785      1          0
52             70             71         1 0.095965394      1          0
53              0              0         0 0.000000000     -1          2
54             72             73         2 0.962934234      1          0
55             74             75         1 0.179522988      1          0
56              0              0         0 0.000000000     -1          1
57             76             77         2 0.792759996      1          0
58              0              0         0 0.000000000     -1          1
59             78             79         1 0.748690506      1          0
60              0              0         0 0.000000000     -1          1
61             80             81         2 0.088974216      1          0
62             82             83         1 0.855914582      1          0
63              0              0         0 0.000000000     -1          1
64             84             85         1 0.281529576      1          0
65              0              0         0 0.000000000     -1          2
66              0              0         0 0.000000000     -1          1
67              0              0         0 0.000000000     -1          1
68              0              0         0 0.000000000     -1          1
69              0              0         0 0.000000000     -1          1
70             86             87         1 0.079259174      1          0
71             88             89         2 0.632712142      1          0
72             90             91         1 0.062893970      1          0
73              0              0         0 0.000000000     -1          2
74              0              0         0 0.000000000     -1          2
75             92             93         1 0.181538227      1          0
76              0              0         0 0.000000000     -1          2
77             94             95         1 0.413585204      1          0
78             96             97         2 0.105912331      1          0
79              0              0         0 0.000000000     -1          2
80              0              0         0 0.000000000     -1          2
81              0              0         0 0.000000000     -1          2
82             98             99         1 0.747962089      1          0
83            100            101         1 0.858628844      1          0
84              0              0         0 0.000000000     -1          1
85            102            103         1 0.313717181      1          0
86            104            105         2 0.592351111      1          0
87              0              0         0 0.000000000     -1          1
88            106            107         1 0.196890653      1          0
89              0              0         0 0.000000000     -1          1
90              0              0         0 0.000000000     -1          2
91              0              0         0 0.000000000     -1          1
92              0              0         0 0.000000000     -1          1
93            108            109         1 0.257719006      1          0
94            110            111         2 0.799274231      1          0
95              0              0         0 0.000000000     -1          2
96              0              0         0 0.000000000     -1          2
97            112            113         1 0.695623592      1          0
98            114            115         2 0.926699103      1          0
99            116            117         2 0.679597878      1          0
100             0              0         0 0.000000000     -1          2
101           118            119         2 0.656947238      1          0
102             0              0         0 0.000000000     -1          2
103           120            121         2 0.021505403      1          0
104             0              0         0 0.000000000     -1          2
105             0              0         0 0.000000000     -1          2
106             0              0         0 0.000000000     -1          2
107             0              0         0 0.000000000     -1          2
108             0              0         0 0.000000000     -1          2
109           122            123         1 0.260397253      1          0
110             0              0         0 0.000000000     -1          1
111           124            125         1 0.409891760      1          0
112           126            127         1 0.653797761      1          0
113             0              0         0 0.000000000     -1          2
114             0              0         0 0.000000000     -1          1
115             0              0         0 0.000000000     -1          2
116             0              0         0 0.000000000     -1          1
117             0              0         0 0.000000000     -1          1
118             0              0         0 0.000000000     -1          1
119             0              0         0 0.000000000     -1          1
120             0              0         0 0.000000000     -1          2
121             0              0         0 0.000000000     -1          1
122             0              0         0 0.000000000     -1          1
123             0              0         0 0.000000000     -1          2
124             0              0         0 0.000000000     -1          2
125             0              0         0 0.000000000     -1          1
126             0              0         0 0.000000000     -1          2
127             0              0         0 0.000000000     -1          2
