    left daughter right daughter split var split point status prediction
1               2              3         1  0.91336043      1          0
2               4              5         1  0.83570963      1          0
3               6              7         1  0.99211105      1          0
4               8              9         1  0.25380431      1          0
5              10             11         2  0.16798276      1          0
6              12             13         1  0.92091295      1          0
7               0              0         0  0.00000000     -1          1
8              14             15         2  0.50630527      1          0
9              16             17         1  0.44912285      1          0
10              0              0         0  0.00000000     -1          2
11             18             19         2  0.58782070      1          0
12              0              0         0  0.00000000     -1          2
13             20             21         2  0.48982863      1          0
14             22             23         1  0.01040702      1          0
15             24             25         2  0.74353603      1          0
16             26             27         2  0.50225221      1          0
17             28             29         1  0.46666093      1          0
18              0              0         0  0.00000000     -1          1
19             30             31         1  0.87403633      1          0
20             32             33         2  0.19038168      1          0
21             34             35         2  0.96263671      1          0
22              0              0         0  0.00000000     -1          1
23             36             37         2  0.08561603      1          0
24             38             39         2  0.72597454      1          0
25             40             41         1  0.05584762      1          0
26             42             43         1  0.42832281      1          0
27             44             45         1  0.31611593      1          0
28              0              0         0  0.00000000     -1          1
29             46             47         1  0.47835690      1          0
30             48             49         1  0.85591458      1          0
31              0              0         0  0.00000000     -1          1
32             50             51         2  0.18255192      1          0
33             52             53         1  0.93416047      1          0
34             54             55         2  0.89623480      1          0
35              0              0         0  0.00000000     -1          2
36             56             57         2  0.07310042      1          0
37             58             59         1  0.21647007      1          0
38             60             61         1  0.18042288      1          0
39              0              0         0  0.00000000     -1          1
40              0              0         0  0.00000000     -1          2
41              0              0         0  0.00000000     -1          2
42             62             63         2  0.02038785      1          0
43              0              0         0  0.00000000     -1          2
44             64             65         1  0.31003595      1          0
45             66             67         1  0.41086678      1          0
46              0              0         0  0.00000000     -1          2
47             68             69         1  0.80351271      1          0
48              0              0         0  0.00000000     -1          1
49              0              0         0  0.00000000     -1          1
50              0              0         0  0.00000000     -1          2
51              0              0         0  0.00000000     -1          1
52              0              0         0  0.00000000     -1          2
53              0              0         0  0.00000000     -1          2
54             70             71         1  0.92971904      1          0
55              0              0         0  0.00000000     -1          1
56             72             73         2  0.05287438      1          0
57              0              0         0  0.00000000     -1          2
58             74             75         2  0.25442287      1          0
59              0              0         0  0.00000000     -1          1
60             76             77         2  0.63233542      1          0
61              0              0         0  0.00000000     -1          2
62              0              0         0  0.00000000     -1          2
63             78             79         2  0.06080792      1          0
64             80             81         2  0.74794507      1          0
65              0              0         0  0.00000000     -1          2
66             82             83         1  0.34759952      1          0
67             84             85         1  0.41626172      1          0
68             86             87         1  0.77979957      1          0
69             88             89         2  0.52001998      1          0
70              0              0         0  0.00000000     -1          1
71              0              0         0  0.00000000     -1          1
72              0              0         0  0.00000000     -1          1
73              0              0         0  0.00000000     -1          1
74             90             91         1  0.14749750      1          0
75              0              0         0  0.00000000     -1          1
76             92             93         2  0.62180355      1          0
77              0              0         0  0.00000000     -1          2
78              0              0         0  0.00000000     -1          1
79             94             95         2  0.18949660      1          0
80              0              0         0  0.00000000     -1          2
81             96             97         2  0.76987244      1          0
82             98             99         1  0.34585228      1          0
83              0              0         0  0.00000000     -1          2
84              0              0         0  0.00000000     -1          1
85            100            101         1  0.42061912      1          0
86            102            103         1  0.77326175      1          0
87              0              0         0  0.00000000     -1          1
88              0              0         0  0.00000000     -1          2
89            104            105         1  0.80787126      1          0
90              0              0         0  0.00000000     -1          1
91              0              0         0  0.00000000     -1          1
92            106            107         2  0.59235111      1          0
93              0              0         0  0.00000000     -1          1
94              0              0         0  0.00000000     -1          1
95            108            109         1  0.27301195      1          0
96              0              0         0  0.00000000     -1          1
97            110            111         1  0.25934674      1          0
98              0              0         0  0.00000000     -1          2
99              0              0         0  0.00000000     -1          1
100             0              0         0  0.00000000     -1          2
101             0              0         0  0.00000000     -1          2
102           112            113         2  0.49890022      1          0
103             0              0         0  0.00000000     -1          2
104             0              0         0  0.00000000     -1          2
105           114            115         2  0.67963199      1          0
106             0              0         0  0.00000000     -1          2
107             0              0         0  0.00000000     -1          2
108             0              0         0  0.00000000     -1          1
109           116            117         1  0.35769434      1          0
110             0              0         0  0.00000000     -1          2
111             0              0         0  0.00000000     -1          2
112           118            119         1  0.50109708      1          0
113           120            121         2  0.58065967      1          0
114             0              0         0  0.00000000     -1          1
115             0              0         0  0.00000000     -1          1
116             0              0         0  0.00000000     -1          1
117           122            123         2  0.20852233      1          0
118             0              0         0  0.00000000     -1          1
119           124            125         2  0.08386309      1          0
120             0              0         0  0.00000000     -1          1
121           126            127         1  0.50022171      1          0
122             0              0         0  0.00000000     -1          2
123             0              0         0  0.00000000     -1          1
124             0              0         0  0.00000000     -1          2
125             0              0         0  0.00000000     -1          2
126             0              0         0  0.00000000     -1          2
127             0              0         0  0.00000000     -1          1
