    left daughter right daughter split var split point status prediction
1               2              3         2  0.99332155      1          0
2               4              5         2  0.85318009      1          0
3               0              0         0  0.00000000     -1          1
4               6              7         1  0.89255784      1          0
5               8              9         1  0.50607266      1          0
6              10             11         2  0.59487474      1          0
7              12             13         1  0.99211105      1          0
8              14             15         1  0.34214889      1          0
9              16             17         1  0.85439707      1          0
10             18             19         2  0.33439741      1          0
11             20             21         1  0.49949899      1          0
12             22             23         1  0.95584188      1          0
13              0              0         0  0.00000000     -1          1
14             24             25         2  0.98093892      1          0
15              0              0         0  0.00000000     -1          2
16             26             27         2  0.98250452      1          0
17             28             29         2  0.99077705      1          0
18             30             31         1  0.50065410      1          0
19             32             33         2  0.42944844      1          0
20             34             35         1  0.41963756      1          0
21             36             37         2  0.59719338      1          0
22             38             39         1  0.94791601      1          0
23             40             41         1  0.98193184      1          0
24             42             43         2  0.89830511      1          0
25              0              0         0  0.00000000     -1          2
26             44             45         2  0.92714335      1          0
27              0              0         0  0.00000000     -1          1
28             46             47         2  0.90210256      1          0
29              0              0         0  0.00000000     -1          2
30             48             49         2  0.20030957      1          0
31             50             51         2  0.11741892      1          0
32             52             53         2  0.40938340      1          0
33             54             55         1  0.45301183      1          0
34             56             57         1  0.30644651      1          0
35             58             59         1  0.42061912      1          0
36              0              0         0  0.00000000     -1          2
37             60             61         1  0.55270163      1          0
38             62             63         2  0.49288208      1          0
39              0              0         0  0.00000000     -1          1
40             64             65         1  0.96805294      1          0
41              0              0         0  0.00000000     -1          2
42              0              0         0  0.00000000     -1          2
43              0              0         0  0.00000000     -1          2
44             66             67         1  0.57706697      1          0
45              0              0         0  0.00000000     -1          1
46              0              0         0  0.00000000     -1          1
47              0              0         0  0.00000000     -1          1
48             68             69         1  0.42969850      1          0
49             70             71         2  0.29570180      1          0
50             72             73         2  0.08536416      1          0
51             74             75         2  0.12900303      1          0
52             76             77         1  0.48927718      1          0
53              0              0         0  0.00000000     -1          2
54             78             79         1  0.21378651      1          0
55             80             81         1  0.62708207      1          0
56             82             83         2  0.73530837      1          0
57             84             85         1  0.31611593      1          0
58              0              0         0  0.00000000     -1          1
59             86             87         2  0.69730701      1          0
60              0              0         0  0.00000000     -1          1
61             88             89         2  0.71763699      1          0
62             90             91         2  0.15433232      1          0
63             92             93         1  0.91572418      1          0
64              0              0         0  0.00000000     -1          2
65              0              0         0  0.00000000     -1          2
66              0              0         0  0.00000000     -1          1
67             94             95         1  0.72023398      1          0
68             96             97         1  0.03182869      1          0
69              0              0         0  0.00000000     -1          1
70              0              0         0  0.00000000     -1          1
71             98             99         1  0.47084228      1          0
72            100            101         1  0.81465430      1          0
73              0              0         0  0.00000000     -1          2
74              0              0         0  0.00000000     -1          1
75            102            103         2  0.13503644      1          0
76            104            105         1  0.24088527      1          0
77            106            107         1  0.69649830      1          0
78            108            109         1  0.13253298      1          0
79            110            111         1  0.27651784      1          0
80            112            113         2  0.50680221      1          0
81            114            115         1  0.75877835      1          0
82              0              0         0  0.00000000     -1          2
83            116            117         1  0.06963740      1          0
84              0              0         0  0.00000000     -1          1
85              0              0         0  0.00000000     -1          2
86              0              0         0  0.00000000     -1          2
87              0              0         0  0.00000000     -1          2
88              0              0         0  0.00000000     -1          1
89            118            119         2  0.71871653      1          0
90              0              0         0  0.00000000     -1          2
91            120            121         2  0.21089070      1          0
92              0              0         0  0.00000000     -1          1
93              0              0         0  0.00000000     -1          2
94              0              0         0  0.00000000     -1          1
95              0              0         0  0.00000000     -1          1
96              0              0         0  0.00000000     -1          2
97            122            123         2  0.19998264      1          0
98              0              0         0  0.00000000     -1          1
99              0              0         0  0.00000000     -1          1
100           124            125         2  0.08386309      1          0
101             0              0         0  0.00000000     -1          1
102             0              0         0  0.00000000     -1          2
103           126            127         2  0.13603524      1          0
104             0              0         0  0.00000000     -1          1
105             0              0         0  0.00000000     -1          1
106             0              0         0  0.00000000     -1          2
107             0              0         0  0.00000000     -1          2
108             0              0         0  0.00000000     -1          2
109             0              0         0  0.00000000     -1          1
110             0              0         0  0.00000000     -1          2
111             0              0         0  0.00000000     -1          2
112             0              0         0  0.00000000     -1          1
113             0              0         0  0.00000000     -1          1
114             0              0         0  0.00000000     -1          2
115             0              0         0  0.00000000     -1          1
116             0              0         0  0.00000000     -1          2
117             0              0         0  0.00000000     -1          2
118             0              0         0  0.00000000     -1          2
119             0              0         0  0.00000000     -1          1
120             0              0         0  0.00000000     -1          1
121             0              0         0  0.00000000     -1          2
122             0              0         0  0.00000000     -1          1
123             0              0         0  0.00000000     -1          2
124             0              0         0  0.00000000     -1          2
125             0              0         0  0.00000000     -1          1
126             0              0         0  0.00000000     -1          1
127             0              0         0  0.00000000     -1          2
