    left daughter right daughter split var split point status prediction
1               2              3         2  0.99404783      1          0
2               4              5         1  0.91572418      1          0
3               0              0         0  0.00000000     -1          1
4               6              7         1  0.73300479      1          0
5               8              9         1  0.92101659      1          0
6              10             11         1  0.69948514      1          0
7              12             13         1  0.80037351      1          0
8               0              0         0  0.00000000     -1          2
9              14             15         1  0.93536401      1          0
10             16             17         2  0.51113640      1          0
11             18             19         1  0.71583427      1          0
12             20             21         2  0.49887323      1          0
13             22             23         1  0.80787126      1          0
14             24             25         1  0.92310447      1          0
15             26             27         1  0.99760935      1          0
16             28             29         2  0.02296233      1          0
17             30             31         1  0.50151406      1          0
18              0              0         0  0.00000000     -1          2
19              0              0         0  0.00000000     -1          2
20              0              0         0  0.00000000     -1          2
21             32             33         2  0.78956365      1          0
22              0              0         0  0.00000000     -1          2
23             34             35         1  0.81944070      1          0
24              0              0         0  0.00000000     -1          2
25              0              0         0  0.00000000     -1          1
26             36             37         1  0.97002131      1          0
27              0              0         0  0.00000000     -1          1
28             38             39         2  0.01348459      1          0
29             40             41         2  0.05946350      1          0
30             42             43         2  0.59675109      1          0
31             44             45         2  0.73588746      1          0
32              0              0         0  0.00000000     -1          1
33              0              0         0  0.00000000     -1          1
34              0              0         0  0.00000000     -1          1
35             46             47         1  0.82153815      1          0
36             48             49         1  0.96285657      1          0
37             50             51         2  0.50105503      1          0
38              0              0         0  0.00000000     -1          2
39              0              0         0  0.00000000     -1          2
40             52             53         1  0.49986209      1          0
41             54             55         1  0.50188057      1          0
42             56             57         2  0.59228420      1          0
43             58             59         1  0.29219051      1          0
44              0              0         0  0.00000000     -1          1
45             60             61         2  0.74663958      1          0
46              0              0         0  0.00000000     -1          2
47             62             63         1  0.86375781      1          0
48             64             65         2  0.49783367      1          0
49              0              0         0  0.00000000     -1          1
50              0              0         0  0.00000000     -1          2
51              0              0         0  0.00000000     -1          1
52              0              0         0  0.00000000     -1          1
53              0              0         0  0.00000000     -1          2
54             66             67         1  0.23076594      1          0
55             68             69         1  0.69392206      1          0
56             70             71         2  0.57207081      1          0
57              0              0         0  0.00000000     -1          1
58             72             73         2  0.98093892      1          0
59             74             75         2  0.69464241      1          0
60              0              0         0  0.00000000     -1          2
61             76             77         2  0.89509808      1          0
62             78             79         1  0.83570963      1          0
63             80             81         1  0.89851025      1          0
64             82             83         2  0.34941200      1          0
65              0              0         0  0.00000000     -1          1
66             84             85         1  0.13361584      1          0
67             86             87         1  0.27630023      1          0
68             88             89         2  0.49463230      1          0
69              0              0         0  0.00000000     -1          1
70             90             91         1  0.46475639      1          0
71              0              0         0  0.00000000     -1          2
72             92             93         1  0.18153823      1          0
73              0              0         0  0.00000000     -1          2
74              0              0         0  0.00000000     -1          2
75             94             95         2  0.71525216      1          0
76             96             97         1  0.57686093      1          0
77              0              0         0  0.00000000     -1          1
78              0              0         0  0.00000000     -1          2
79             98             99         1  0.85049317      1          0
80            100            101         2  0.51003024      1          0
81            102            103         1  0.91386133      1          0
82              0              0         0  0.00000000     -1          2
83              0              0         0  0.00000000     -1          2
84              0              0         0  0.00000000     -1          1
85            104            105         2  0.26518258      1          0
86            106            107         1  0.23322567      1          0
87            108            109         2  0.29470310      1          0
88            110            111         2  0.24195739      1          0
89              0              0         0  0.00000000     -1          1
90              0              0         0  0.00000000     -1          2
91              0              0         0  0.00000000     -1          1
92            112            113         1  0.17914214      1          0
93              0              0         0  0.00000000     -1          2
94              0              0         0  0.00000000     -1          1
95            114            115         1  0.29352899      1          0
96              0              0         0  0.00000000     -1          1
97              0              0         0  0.00000000     -1          1
98              0              0         0  0.00000000     -1          1
99              0              0         0  0.00000000     -1          1
100             0              0         0  0.00000000     -1          2
101           116            117         2  0.87426696      1          0
102           118            119         2  0.50873947      1          0
103             0              0         0  0.00000000     -1          1
104           120            121         1  0.15434391      1          0
105             0              0         0  0.00000000     -1          1
106             0              0         0  0.00000000     -1          2
107           122            123         1  0.27505676      1          0
108           124            125         1  0.46027339      1          0
109           126            127         2  0.30104055      1          0
110             0              0         0  0.00000000     -1          2
111             0              0         0  0.00000000     -1          2
112             0              0         0  0.00000000     -1          2
113             0              0         0  0.00000000     -1          1
114             0              0         0  0.00000000     -1          1
115             0              0         0  0.00000000     -1          2
116             0              0         0  0.00000000     -1          1
117             0              0         0  0.00000000     -1          2
118             0              0         0  0.00000000     -1          2
119             0              0         0  0.00000000     -1          1
120             0              0         0  0.00000000     -1          2
121             0              0         0  0.00000000     -1          1
122             0              0         0  0.00000000     -1          1
123             0              0         0  0.00000000     -1          2
124             0              0         0  0.00000000     -1          1
125             0              0         0  0.00000000     -1          1
126             0              0         0  0.00000000     -1          2
127             0              0         0  0.00000000     -1          1
