    left daughter right daughter split var split point status prediction
1               2              3         2 0.844084544      1          0
2               4              5         2 0.825819245      1          0
3               6              7         2 0.976408865      1          0
4               8              9         1 0.206462267      1          0
5              10             11         1 0.604562263      1          0
6              12             13         2 0.970401803      1          0
7              14             15         1 0.496591109      1          0
8              16             17         2 0.495386459      1          0
9              18             19         1 0.935033427      1          0
10              0              0         0 0.000000000     -1          2
11              0              0         0 0.000000000     -1          1
12             20             21         2 0.935459676      1          0
13              0              0         0 0.000000000     -1          1
14              0              0         0 0.000000000     -1          2
15              0              0         0 0.000000000     -1          1
16             22             23         1 0.138467772      1          0
17             24             25         1 0.178296321      1          0
18             26             27         1 0.832424956      1          0
19             28             29         2 0.501055032      1          0
20             30             31         1 0.498715885      1          0
21             32             33         2 0.943327877      1          0
22             34             35         2 0.447785808      1          0
23             36             37         1 0.148114080      1          0
24             38             39         1 0.002388242      1          0
25              0              0         0 0.000000000     -1          1
26             40             41         2 0.666005243      1          0
27             42             43         1 0.892557839      1          0
28             44             45         1 0.949746128      1          0
29              0              0         0 0.000000000     -1          1
30             46             47         1 0.256365076      1          0
31             48             49         1 0.577066966      1          0
32              0              0         0 0.000000000     -1          2
33             50             51         2 0.963166299      1          0
34             52             53         1 0.025233635      1          0
35              0              0         0 0.000000000     -1          1
36              0              0         0 0.000000000     -1          2
37             54             55         2 0.053224891      1          0
38              0              0         0 0.000000000     -1          1
39             56             57         1 0.060475205      1          0
40             58             59         2 0.634835889      1          0
41             60             61         1 0.454781823      1          0
42             62             63         1 0.849520373      1          0
43             64             65         1 0.897973180      1          0
44              0              0         0 0.000000000     -1          2
45             66             67         2 0.359228802      1          0
46              0              0         0 0.000000000     -1          2
47             68             69         2 0.910378976      1          0
48              0              0         0 0.000000000     -1          1
49             70             71         1 0.854397075      1          0
50              0              0         0 0.000000000     -1          1
51              0              0         0 0.000000000     -1          2
52              0              0         0 0.000000000     -1          1
53              0              0         0 0.000000000     -1          1
54              0              0         0 0.000000000     -1          2
55              0              0         0 0.000000000     -1          1
56              0              0         0 0.000000000     -1          2
57             72             73         1 0.069637402      1          0
58             74             75         2 0.618939922      1          0
59             76             77         1 0.500791351      1          0
60             78             79         1 0.316115926      1          0
61             80             81         2 0.736519462      1          0
62              0              0         0 0.000000000     -1          1
63             82             83         2 0.689719587      1          0
64              0              0         0 0.000000000     -1          2
65             84             85         2 0.486671882      1          0
66              0              0         0 0.000000000     -1          2
67              0              0         0 0.000000000     -1          2
68             86             87         1 0.265289081      1          0
69              0              0         0 0.000000000     -1          1
70             88             89         1 0.720233983      1          0
71             90             91         1 0.881920990      1          0
72              0              0         0 0.000000000     -1          1
73             92             93         2 0.540936835      1          0
74             94             95         1 0.501097076      1          0
75              0              0         0 0.000000000     -1          1
76              0              0         0 0.000000000     -1          2
77              0              0         0 0.000000000     -1          1
78             96             97         1 0.308927990      1          0
79              0              0         0 0.000000000     -1          2
80             98             99         2 0.680562740      1          0
81            100            101         2 0.741341200      1          0
82            102            103         2 0.089147346      1          0
83              0              0         0 0.000000000     -1          1
84            104            105         2 0.303731991      1          0
85            106            107         2 0.739780172      1          0
86              0              0         0 0.000000000     -1          1
87              0              0         0 0.000000000     -1          2
88              0              0         0 0.000000000     -1          1
89              0              0         0 0.000000000     -1          1
90              0              0         0 0.000000000     -1          2
91              0              0         0 0.000000000     -1          1
92              0              0         0 0.000000000     -1          1
93              0              0         0 0.000000000     -1          2
94            108            109         2 0.499294678      1          0
95            110            111         1 0.560063057      1          0
96              0              0         0 0.000000000     -1          2
97              0              0         0 0.000000000     -1          1
98              0              0         0 0.000000000     -1          1
99            112            113         2 0.717886146      1          0
100             0              0         0 0.000000000     -1          2
101           114            115         2 0.788203810      1          0
102             0              0         0 0.000000000     -1          1
103           116            117         1 0.857998775      1          0
104             0              0         0 0.000000000     -1          2
105             0              0         0 0.000000000     -1          2
106             0              0         0 0.000000000     -1          1
107             0              0         0 0.000000000     -1          2
108           118            119         2 0.021505403      1          0
109             0              0         0 0.000000000     -1          2
110           120            121         1 0.518145699      1          0
111           122            123         1 0.570381184      1          0
112             0              0         0 0.000000000     -1          1
113             0              0         0 0.000000000     -1          1
114             0              0         0 0.000000000     -1          1
115             0              0         0 0.000000000     -1          1
116             0              0         0 0.000000000     -1          2
117           124            125         2 0.217946168      1          0
118             0              0         0 0.000000000     -1          2
119           126            127         1 0.244308700      1          0
120             0              0         0 0.000000000     -1          2
121             0              0         0 0.000000000     -1          2
122             0              0         0 0.000000000     -1          1
123             0              0         0 0.000000000     -1          2
124             0              0         0 0.000000000     -1          2
125             0              0         0 0.000000000     -1          1
126             0              0         0 0.000000000     -1          1
127             0              0         0 0.000000000     -1          1
