    left daughter right daughter split var split point status prediction
1               2              3         1 0.946435724      1          0
2               4              5         1 0.715977685      1          0
3               6              7         1 0.993350535      1          0
4               8              9         2 0.462987614      1          0
5              10             11         2 0.487824386      1          0
6              12             13         2 0.501108649      1          0
7               0              0         0 0.000000000     -1          1
8              14             15         2 0.018091632      1          0
9              16             17         2 0.693625895      1          0
10             18             19         1 0.738258956      1          0
11             20             21         2 0.583325802      1          0
12              0              0         0 0.000000000     -1          2
13              0              0         0 0.000000000     -1          1
14              0              0         0 0.000000000     -1          2
15             22             23         1 0.501880568      1          0
16             24             25         1 0.510125647      1          0
17             26             27         2 0.717608851      1          0
18              0              0         0 0.000000000     -1          2
19             28             29         2 0.303031974      1          0
20              0              0         0 0.000000000     -1          1
21             30             31         1 0.747962089      1          0
22             32             33         1 0.010407022      1          0
23             34             35         2 0.120664459      1          0
24             36             37         1 0.006644896      1          0
25             38             39         2 0.497245924      1          0
26             40             41         2 0.706103860      1          0
27             42             43         1 0.493703225      1          0
28             44             45         1 0.840642423      1          0
29              0              0         0 0.000000000     -1          2
30             46             47         2 0.789563647      1          0
31             48             49         2 0.585251475      1          0
32              0              0         0 0.000000000     -1          2
33             50             51         2 0.189496600      1          0
34              0              0         0 0.000000000     -1          2
35             52             53         2 0.129003028      1          0
36              0              0         0 0.000000000     -1          1
37             54             55         1 0.101076433      1          0
38              0              0         0 0.000000000     -1          2
39              0              0         0 0.000000000     -1          1
40              0              0         0 0.000000000     -1          2
41              0              0         0 0.000000000     -1          1
42             56             57         2 0.980938917      1          0
43             58             59         2 0.726208196      1          0
44              0              0         0 0.000000000     -1          2
45             60             61         1 0.863757812      1          0
46              0              0         0 0.000000000     -1          1
47              0              0         0 0.000000000     -1          2
48              0              0         0 0.000000000     -1          2
49             62             63         1 0.855914582      1          0
50             64             65         2 0.052874375      1          0
51             66             67         1 0.078286220      1          0
52              0              0         0 0.000000000     -1          1
53             68             69         2 0.270642876      1          0
54             70             71         1 0.079259850      1          0
55             72             73         1 0.453011834      1          0
56             74             75         1 0.257719006      1          0
57              0              0         0 0.000000000     -1          2
58              0              0         0 0.000000000     -1          2
59             76             77         2 0.982504516      1          0
60              0              0         0 0.000000000     -1          1
61             78             79         1 0.930939223      1          0
62             80             81         2 0.595861930      1          0
63             82             83         2 0.967485495      1          0
64             84             85         2 0.051168138      1          0
65              0              0         0 0.000000000     -1          1
66              0              0         0 0.000000000     -1          1
67             86             87         1 0.083105194      1          0
68              0              0         0 0.000000000     -1          2
69             88             89         1 0.696498300      1          0
70             90             91         2 0.600526113      1          0
71              0              0         0 0.000000000     -1          1
72             92             93         1 0.252029924      1          0
73              0              0         0 0.000000000     -1          2
74             94             95         1 0.069637402      1          0
75             96             97         1 0.260397253      1          0
76             98             99         2 0.828840195      1          0
77              0              0         0 0.000000000     -1          1
78              0              0         0 0.000000000     -1          2
79              0              0         0 0.000000000     -1          2
80              0              0         0 0.000000000     -1          1
81            100            101         1 0.820025020      1          0
82            102            103         1 0.874036330      1          0
83              0              0         0 0.000000000     -1          2
84              0              0         0 0.000000000     -1          1
85              0              0         0 0.000000000     -1          2
86              0              0         0 0.000000000     -1          2
87            104            105         1 0.272888457      1          0
88            106            107         1 0.593384909      1          0
89              0              0         0 0.000000000     -1          1
90              0              0         0 0.000000000     -1          2
91              0              0         0 0.000000000     -1          2
92            108            109         2 0.508444051      1          0
93              0              0         0 0.000000000     -1          2
94              0              0         0 0.000000000     -1          2
95            110            111         1 0.179522988      1          0
96              0              0         0 0.000000000     -1          1
97            112            113         2 0.909851303      1          0
98            114            115         2 0.827947078      1          0
99              0              0         0 0.000000000     -1          1
100             0              0         0 0.000000000     -1          1
101           116            117         1 0.821437009      1          0
102             0              0         0 0.000000000     -1          2
103             0              0         0 0.000000000     -1          1
104           118            119         2 0.199054339      1          0
105           120            121         1 0.357694342      1          0
106             0              0         0 0.000000000     -1          2
107             0              0         0 0.000000000     -1          2
108             0              0         0 0.000000000     -1          1
109             0              0         0 0.000000000     -1          2
110             0              0         0 0.000000000     -1          2
111           122            123         1 0.184799377      1          0
112           124            125         2 0.796438682      1          0
113             0              0         0 0.000000000     -1          2
114             0              0         0 0.000000000     -1          1
115             0              0         0 0.000000000     -1          2
116             0              0         0 0.000000000     -1          2
117             0              0         0 0.000000000     -1          1
118             0              0         0 0.000000000     -1          2
119           126            127         2 0.363935262      1          0
120             0              0         0 0.000000000     -1          1
121             0              0         0 0.000000000     -1          1
122             0              0         0 0.000000000     -1          1
123             0              0         0 0.000000000     -1          2
124             0              0         0 0.000000000     -1          2
125             0              0         0 0.000000000     -1          2
126             0              0         0 0.000000000     -1          1
127             0              0         0 0.000000000     -1          1
