    left daughter right daughter split var split point status prediction
1               2              3         2 0.844084544      1          0
2               4              5         2 0.397186532      1          0
3               6              7         2 0.844568354      1          0
4               8              9         2 0.093399156      1          0
5              10             11         1 0.498840330      1          0
6               0              0         0 0.000000000     -1          1
7              12             13         2 0.854041712      1          0
8              14             15         2 0.056871373      1          0
9              16             17         1 0.500700835      1          0
10             18             19         2 0.499867563      1          0
11             20             21         2 0.497245924      1          0
12              0              0         0 0.000000000     -1          2
13             22             23         1 0.498715885      1          0
14             24             25         2 0.045536847      1          0
15             26             27         2 0.067847985      1          0
16             28             29         1 0.271644981      1          0
17             30             31         1 0.833786755      1          0
18             32             33         1 0.213786509      1          0
19             34             35         2 0.741950137      1          0
20             36             37         1 0.501097076      1          0
21             38             39         1 0.891068792      1          0
22             40             41         1 0.080058762      1          0
23             42             43         1 0.855914582      1          0
24             44             45         2 0.033576959      1          0
25              0              0         0 0.000000000     -1          1
26              0              0         0 0.000000000     -1          2
27             46             47         1 0.506263137      1          0
28             48             49         1 0.240885273      1          0
29              0              0         0 0.000000000     -1          1
30             50             51         2 0.136035244      1          0
31             52             53         2 0.359228802      1          0
32              0              0         0 0.000000000     -1          1
33             54             55         2 0.460916996      1          0
34             56             57         1 0.006644896      1          0
35             58             59         2 0.753522153      1          0
36              0              0         0 0.000000000     -1          1
37              0              0         0 0.000000000     -1          2
38             60             61         1 0.593567010      1          0
39             62             63         1 0.894682755      1          0
40              0              0         0 0.000000000     -1          2
41             64             65         2 0.917509430      1          0
42             66             67         2 0.980481786      1          0
43             68             69         1 0.865059596      1          0
44             70             71         1 0.503678923      1          0
45              0              0         0 0.000000000     -1          2
46              0              0         0 0.000000000     -1          1
47             72             73         1 0.869245809      1          0
48             74             75         1 0.147497497      1          0
49              0              0         0 0.000000000     -1          1
50             76             77         1 0.614543888      1          0
51             78             79         1 0.613816098      1          0
52             80             81         2 0.178601719      1          0
53              0              0         0 0.000000000     -1          1
54              0              0         0 0.000000000     -1          1
55              0              0         0 0.000000000     -1          2
56              0              0         0 0.000000000     -1          1
57             82             83         1 0.419637560      1          0
58              0              0         0 0.000000000     -1          1
59             84             85         1 0.382308723      1          0
60             86             87         1 0.583140785      1          0
61             88             89         2 0.675937937      1          0
62              0              0         0 0.000000000     -1          2
63             90             91         2 0.745554897      1          0
64             92             93         2 0.910873792      1          0
65              0              0         0 0.000000000     -1          2
66             94             95         2 0.895098081      1          0
67              0              0         0 0.000000000     -1          1
68              0              0         0 0.000000000     -1          2
69             96             97         1 0.934190365      1          0
70              0              0         0 0.000000000     -1          1
71              0              0         0 0.000000000     -1          2
72              0              0         0 0.000000000     -1          2
73              0              0         0 0.000000000     -1          2
74              0              0         0 0.000000000     -1          1
75             98             99         1 0.148114080      1          0
76              0              0         0 0.000000000     -1          2
77              0              0         0 0.000000000     -1          2
78            100            101         2 0.387928489      1          0
79              0              0         0 0.000000000     -1          2
80              0              0         0 0.000000000     -1          2
81            102            103         2 0.181025833      1          0
82            104            105         1 0.083229857      1          0
83            106            107         1 0.420619117      1          0
84            108            109         1 0.075353154      1          0
85            110            111         2 0.780637907      1          0
86            112            113         1 0.540378853      1          0
87              0              0         0 0.000000000     -1          2
88              0              0         0 0.000000000     -1          1
89            114            115         2 0.678108603      1          0
90            116            117         2 0.596212751      1          0
91              0              0         0 0.000000000     -1          1
92              0              0         0 0.000000000     -1          2
93              0              0         0 0.000000000     -1          1
94            118            119         1 0.591720582      1          0
95              0              0         0 0.000000000     -1          1
96            120            121         1 0.887658860      1          0
97              0              0         0 0.000000000     -1          1
98              0              0         0 0.000000000     -1          2
99            122            123         1 0.152720826      1          0
100           124            125         1 0.613366787      1          0
101             0              0         0 0.000000000     -1          1
102             0              0         0 0.000000000     -1          1
103           126            127         2 0.303731991      1          0
104             0              0         0 0.000000000     -1          2
105             0              0         0 0.000000000     -1          2
106             0              0         0 0.000000000     -1          1
107             0              0         0 0.000000000     -1          2
108             0              0         0 0.000000000     -1          2
109             0              0         0 0.000000000     -1          2
110             0              0         0 0.000000000     -1          2
111             0              0         0 0.000000000     -1          2
112             0              0         0 0.000000000     -1          1
113             0              0         0 0.000000000     -1          1
114             0              0         0 0.000000000     -1          2
115             0              0         0 0.000000000     -1          1
116             0              0         0 0.000000000     -1          1
117             0              0         0 0.000000000     -1          1
118             0              0         0 0.000000000     -1          1
119             0              0         0 0.000000000     -1          1
120             0              0         0 0.000000000     -1          1
121             0              0         0 0.000000000     -1          1
122             0              0         0 0.000000000     -1          1
123             0              0         0 0.000000000     -1          1
124             0              0         0 0.000000000     -1          2
125             0              0         0 0.000000000     -1          1
126             0              0         0 0.000000000     -1          2
127             0              0         0 0.000000000     -1          2
