    left daughter right daughter split var  split point status prediction
1               2              3         2 0.8415021580      1          0
2               4              5         2 0.8383989871      1          0
3               6              7         1 0.4411461513      1          0
4               8              9         2 0.0321867645      1          0
5               0              0         0 0.0000000000     -1          2
6              10             11         2 0.8974286182      1          0
7              12             13         2 0.9817466827      1          0
8              14             15         1 0.4706313897      1          0
9              16             17         1 0.8927405082      1          0
10             18             19         2 0.8966967926      1          0
11             20             21         2 0.9809389174      1          0
12             22             23         2 0.9021025561      1          0
13              0              0         0 0.0000000000     -1          1
14              0              0         0 0.0000000000     -1          1
15              0              0         0 0.0000000000     -1          2
16             24             25         1 0.8357096303      1          0
17             26             27         1 0.9487703514      1          0
18              0              0         0 0.0000000000     -1          2
19              0              0         0 0.0000000000     -1          1
20              0              0         0 0.0000000000     -1          2
21              0              0         0 0.0000000000     -1          2
22             28             29         2 0.9009450785      1          0
23              0              0         0 0.0000000000     -1          1
24             30             31         2 0.5075314629      1          0
25             32             33         2 0.4902297007      1          0
26             34             35         1 0.9336959896      1          0
27             36             37         1 0.9679441924      1          0
28             38             39         2 0.8899608474      1          0
29              0              0         0 0.0000000000     -1          2
30             40             41         2 0.0471338444      1          0
31             42             43         2 0.5270681044      1          0
32             44             45         2 0.3262354188      1          0
33              0              0         0 0.0000000000     -1          1
34             46             47         2 0.4928820815      1          0
35             48             49         2 0.4424006349      1          0
36             50             51         1 0.9552573610      1          0
37             52             53         1 0.9701300630      1          0
38              0              0         0 0.0000000000     -1          1
39              0              0         0 0.0000000000     -1          1
40              0              0         0 0.0000000000     -1          2
41             54             55         1 0.5010970756      1          0
42              0              0         0 0.0000000000     -1          2
43             56             57         1 0.4987286027      1          0
44              0              0         0 0.0000000000     -1          1
45              0              0         0 0.0000000000     -1          2
46             58             59         1 0.9315958948      1          0
47              0              0         0 0.0000000000     -1          1
48              0              0         0 0.0000000000     -1          2
49              0              0         0 0.0000000000     -1          1
50              0              0         0 0.0000000000     -1          2
51              0              0         0 0.0000000000     -1          2
52              0              0         0 0.0000000000     -1          1
53             60             61         1 0.9827602282      1          0
54             62             63         1 0.4808565167      1          0
55             64             65         1 0.7416888644      1          0
56             66             67         1 0.0003927892      1          0
57             68             69         1 0.8049256151      1          0
58              0              0         0 0.0000000000     -1          2
59              0              0         0 0.0000000000     -1          2
60              0              0         0 0.0000000000     -1          2
61              0              0         0 0.0000000000     -1          2
62             70             71         1 0.1496809935      1          0
63              0              0         0 0.0000000000     -1          1
64             72             73         1 0.7197485648      1          0
65              0              0         0 0.0000000000     -1          2
66              0              0         0 0.0000000000     -1          1
67             74             75         2 0.6930711605      1          0
68             76             77         1 0.5935670098      1          0
69              0              0         0 0.0000000000     -1          1
70             78             79         2 0.0528743753      1          0
71             80             81         1 0.1527208257      1          0
72             82             83         1 0.5668433425      1          0
73              0              0         0 0.0000000000     -1          1
74             84             85         2 0.6344803046      1          0
75             86             87         2 0.7045254376      1          0
76             88             89         1 0.5857998574      1          0
77             90             91         1 0.6882079685      1          0
78              0              0         0 0.0000000000     -1          1
79             92             93         2 0.4477858080      1          0
80              0              0         0 0.0000000000     -1          2
81             94             95         2 0.4992946783      1          0
82              0              0         0 0.0000000000     -1          2
83             96             97         1 0.5703765681      1          0
84             98             99         2 0.6305435205      1          0
85              0              0         0 0.0000000000     -1          2
86              0              0         0 0.0000000000     -1          1
87            100            101         1 0.2894006066      1          0
88            102            103         1 0.5450240383      1          0
89              0              0         0 0.0000000000     -1          2
90              0              0         0 0.0000000000     -1          1
91            104            105         1 0.7026095149      1          0
92              0              0         0 0.0000000000     -1          1
93              0              0         0 0.0000000000     -1          1
94            106            107         1 0.2698725051      1          0
95              0              0         0 0.0000000000     -1          2
96              0              0         0 0.0000000000     -1          1
97            108            109         1 0.6781645541      1          0
98            110            111         2 0.5946064817      1          0
99              0              0         0 0.0000000000     -1          1
100           112            113         2 0.8290276120      1          0
101           114            115         2 0.7165094233      1          0
102             0              0         0 0.0000000000     -1          1
103             0              0         0 0.0000000000     -1          1
104             0              0         0 0.0000000000     -1          2
105           116            117         2 0.7895636467      1          0
106           118            119         1 0.2150941671      1          0
107           120            121         1 0.4087201676      1          0
108           122            123         1 0.6771774756      1          0
109             0              0         0 0.0000000000     -1          2
110           124            125         1 0.0471683481      1          0
111             0              0         0 0.0000000000     -1          2
112           126            127         2 0.7432910043      1          0
113             0              0         0 0.0000000000     -1          1
114             0              0         0 0.0000000000     -1          1
115             0              0         0 0.0000000000     -1          2
116             0              0         0 0.0000000000     -1          1
117             0              0         0 0.0000000000     -1          2
118             0              0         0 0.0000000000     -1          1
119             0              0         0 0.0000000000     -1          1
120             0              0         0 0.0000000000     -1          1
121             0              0         0 0.0000000000     -1          1
122             0              0         0 0.0000000000     -1          2
123             0              0         0 0.0000000000     -1          1
124             0              0         0 0.0000000000     -1          2
125             0              0         0 0.0000000000     -1          2
126             0              0         0 0.0000000000     -1          2
127             0              0         0 0.0000000000     -1          2
