    left daughter right daughter split var split point status prediction
1               2              3         2 0.841502158      1          0
2               4              5         1 0.957419968      1          0
3               6              7         1 0.502576464      1          0
4               8              9         2 0.331489487      1          0
5              10             11         2 0.359228802      1          0
6              12             13         2 0.980938917      1          0
7              14             15         1 0.855914582      1          0
8              16             17         2 0.315774533      1          0
9              18             19         1 0.496567840      1          0
10              0              0         0 0.000000000     -1          2
11              0              0         0 0.000000000     -1          2
12             20             21         1 0.257719006      1          0
13              0              0         0 0.000000000     -1          2
14             22             23         1 0.719155401      1          0
15             24             25         1 0.862356205      1          0
16             26             27         2 0.018735358      1          0
17             28             29         1 0.603095039      1          0
18             30             31         2 0.498170029      1          0
19             32             33         1 0.937577822      1          0
20              0              0         0 0.000000000     -1          2
21             34             35         1 0.265289081      1          0
22              0              0         0 0.000000000     -1          1
23             36             37         2 0.930648121      1          0
24              0              0         0 0.000000000     -1          2
25             38             39         1 0.940228932      1          0
26              0              0         0 0.000000000     -1          2
27             40             41         1 0.501606746      1          0
28             42             43         1 0.210193615      1          0
29              0              0         0 0.000000000     -1          2
30             44             45         1 0.240885273      1          0
31             46             47         2 0.694642412      1          0
32             48             49         2 0.499791266      1          0
33              0              0         0 0.000000000     -1          1
34              0              0         0 0.000000000     -1          1
35             50             51         2 0.910378976      1          0
36              0              0         0 0.000000000     -1          1
37              0              0         0 0.000000000     -1          1
38             52             53         2 0.902102556      1          0
39              0              0         0 0.000000000     -1          1
40             54             55         2 0.078818651      1          0
41             56             57         2 0.136035244      1          0
42              0              0         0 0.000000000     -1          1
43              0              0         0 0.000000000     -1          1
44             58             59         2 0.448050770      1          0
45             60             61         2 0.360466761      1          0
46             62             63         2 0.594606482      1          0
47             64             65         2 0.709862937      1          0
48             66             67         1 0.701987777      1          0
49             68             69         1 0.499498994      1          0
50              0              0         0 0.000000000     -1          2
51              0              0         0 0.000000000     -1          2
52              0              0         0 0.000000000     -1          1
53             70             71         1 0.891583727      1          0
54             72             73         2 0.050890767      1          0
55             74             75         2 0.200309575      1          0
56             76             77         1 0.762072801      1          0
57             78             79         2 0.178429550      1          0
58              0              0         0 0.000000000     -1          1
59              0              0         0 0.000000000     -1          1
60              0              0         0 0.000000000     -1          2
61             80             81         1 0.410897005      1          0
62             82             83         1 0.004089574      1          0
63              0              0         0 0.000000000     -1          2
64              0              0         0 0.000000000     -1          1
65             84             85         2 0.715252159      1          0
66             86             87         1 0.693134819      1          0
67              0              0         0 0.000000000     -1          2
68              0              0         0 0.000000000     -1          2
69             88             89         1 0.801833433      1          0
70              0              0         0 0.000000000     -1          1
71              0              0         0 0.000000000     -1          1
72              0              0         0 0.000000000     -1          1
73              0              0         0 0.000000000     -1          2
74             90             91         2 0.196207201      1          0
75              0              0         0 0.000000000     -1          1
76             92             93         2 0.124090348      1          0
77             94             95         1 0.851810655      1          0
78              0              0         0 0.000000000     -1          2
79             96             97         2 0.182102779      1          0
80             98             99         2 0.459639666      1          0
81              0              0         0 0.000000000     -1          1
82              0              0         0 0.000000000     -1          1
83            100            101         2 0.593338039      1          0
84              0              0         0 0.000000000     -1          2
85            102            103         2 0.786706963      1          0
86            104            105         2 0.391736356      1          0
87              0              0         0 0.000000000     -1          1
88            106            107         1 0.593567010      1          0
89            108            109         2 0.679631992      1          0
90              0              0         0 0.000000000     -1          1
91              0              0         0 0.000000000     -1          2
92            110            111         2 0.060696507      1          0
93              0              0         0 0.000000000     -1          1
94              0              0         0 0.000000000     -1          2
95              0              0         0 0.000000000     -1          2
96              0              0         0 0.000000000     -1          1
97            112            113         1 0.836554487      1          0
98              0              0         0 0.000000000     -1          1
99              0              0         0 0.000000000     -1          2
100           114            115         1 0.196890653      1          0
101             0              0         0 0.000000000     -1          1
102           116            117         2 0.784447262      1          0
103             0              0         0 0.000000000     -1          2
104             0              0         0 0.000000000     -1          2
105             0              0         0 0.000000000     -1          2
106           118            119         1 0.583140785      1          0
107           120            121         1 0.690314449      1          0
108           122            123         2 0.672491474      1          0
109             0              0         0 0.000000000     -1          1
110             0              0         0 0.000000000     -1          2
111           124            125         1 0.559408057      1          0
112           126            127         2 0.305528168      1          0
113             0              0         0 0.000000000     -1          2
114             0              0         0 0.000000000     -1          2
115             0              0         0 0.000000000     -1          2
116             0              0         0 0.000000000     -1          2
117             0              0         0 0.000000000     -1          1
118             0              0         0 0.000000000     -1          1
119             0              0         0 0.000000000     -1          2
120             0              0         0 0.000000000     -1          1
121             0              0         0 0.000000000     -1          1
122             0              0         0 0.000000000     -1          1
123             0              0         0 0.000000000     -1          2
124             0              0         0 0.000000000     -1          2
125             0              0         0 0.000000000     -1          2
126             0              0         0 0.000000000     -1          2
127             0              0         0 0.000000000     -1          2
