    left daughter right daughter split var split point status prediction
1               2              3         2  0.09501856      1          0
2               4              5         2  0.06965027      1          0
3               6              7         1  0.55937435      1          0
4               8              9         1  0.49468359      1          0
5              10             11         1  0.50015923      1          0
6              12             13         1  0.54791391      1          0
7              14             15         2  0.49887323      1          0
8              16             17         1  0.03182869      1          0
9              18             19         1  0.79541791      1          0
10              0              0         0  0.00000000     -1          1
11              0              0         0  0.00000000     -1          2
12             20             21         2  0.49817003      1          0
13              0              0         0  0.00000000     -1          2
14             22             23         2  0.39066372      1          0
15             24             25         2  0.97640887      1          0
16              0              0         0  0.00000000     -1          2
17             26             27         2  0.02038785      1          0
18              0              0         0  0.00000000     -1          2
19              0              0         0  0.00000000     -1          2
20             28             29         2  0.39950024      1          0
21             30             31         2  0.58199618      1          0
22             32             33         2  0.37947574      1          0
23              0              0         0  0.00000000     -1          2
24             34             35         1  0.91357402      1          0
25              0              0         0  0.00000000     -1          1
26              0              0         0  0.00000000     -1          2
27             36             37         2  0.05089077      1          0
28             38             39         2  0.29932251      1          0
29             40             41         1  0.49938789      1          0
30             42             43         1  0.46475639      1          0
31             44             45         1  0.50151406      1          0
32             46             47         2  0.12900303      1          0
33              0              0         0  0.00000000     -1          1
34             48             49         1  0.69341060      1          0
35             50             51         1  0.93931441      1          0
36              0              0         0  0.00000000     -1          1
37              0              0         0  0.00000000     -1          1
38             52             53         1  0.46020041      1          0
39             54             55         1  0.50221532      1          0
40             56             57         1  0.21378651      1          0
41              0              0         0  0.00000000     -1          2
42             58             59         2  0.57124945      1          0
43              0              0         0  0.00000000     -1          1
44             60             61         2  0.69464241      1          0
45              0              0         0  0.00000000     -1          1
46              0              0         0  0.00000000     -1          2
47             62             63         2  0.35497882      1          0
48             64             65         2  0.89100232      1          0
49             66             67         1  0.70028450      1          0
50              0              0         0  0.00000000     -1          1
51              0              0         0  0.00000000     -1          1
52             68             69         2  0.19871038      1          0
53              0              0         0  0.00000000     -1          2
54             70             71         1  0.22362573      1          0
55              0              0         0  0.00000000     -1          2
56             72             73         1  0.08485111      1          0
57             74             75         1  0.22366537      1          0
58             76             77         2  0.51561741      1          0
59              0              0         0  0.00000000     -1          1
60             78             79         2  0.63448030      1          0
61             80             81         2  0.69652964      1          0
62             82             83         2  0.27079095      1          0
63              0              0         0  0.00000000     -1          2
64              0              0         0  0.00000000     -1          1
65             84             85         2  0.89509808      1          0
66              0              0         0  0.00000000     -1          2
67             86             87         1  0.74642207      1          0
68             88             89         1  0.39747091      1          0
69             90             91         1  0.16171966      1          0
70              0              0         0  0.00000000     -1          1
71             92             93         1  0.23440027      1          0
72              0              0         0  0.00000000     -1          1
73              0              0         0  0.00000000     -1          1
74              0              0         0  0.00000000     -1          2
75             94             95         2  0.44700715      1          0
76              0              0         0  0.00000000     -1          2
77              0              0         0  0.00000000     -1          2
78             96             97         1  0.38884016      1          0
79              0              0         0  0.00000000     -1          2
80              0              0         0  0.00000000     -1          1
81             98             99         2  0.91830327      1          0
82            100            101         1  0.60299296      1          0
83              0              0         0  0.00000000     -1          2
84              0              0         0  0.00000000     -1          2
85              0              0         0  0.00000000     -1          1
86              0              0         0  0.00000000     -1          1
87            102            103         1  0.85512479      1          0
88            104            105         1  0.14052280      1          0
89              0              0         0  0.00000000     -1          1
90              0              0         0  0.00000000     -1          1
91              0              0         0  0.00000000     -1          1
92              0              0         0  0.00000000     -1          2
93            106            107         1  0.26417879      1          0
94              0              0         0  0.00000000     -1          2
95              0              0         0  0.00000000     -1          1
96            108            109         1  0.03872603      1          0
97              0              0         0  0.00000000     -1          2
98            110            111         1  0.41044695      1          0
99            112            113         2  0.98069398      1          0
100             0              0         0  0.00000000     -1          2
101           114            115         1  0.94182576      1          0
102             0              0         0  0.00000000     -1          1
103           116            117         2  0.87298781      1          0
104             0              0         0  0.00000000     -1          1
105           118            119         2  0.18188149      1          0
106             0              0         0  0.00000000     -1          1
107             0              0         0  0.00000000     -1          1
108             0              0         0  0.00000000     -1          2
109             0              0         0  0.00000000     -1          2
110           120            121         1  0.06449291      1          0
111           122            123         1  0.46002925      1          0
112             0              0         0  0.00000000     -1          2
113             0              0         0  0.00000000     -1          2
114           124            125         1  0.92878070      1          0
115             0              0         0  0.00000000     -1          2
116           126            127         2  0.58782070      1          0
117             0              0         0  0.00000000     -1          1
118             0              0         0  0.00000000     -1          1
119             0              0         0  0.00000000     -1          2
120             0              0         0  0.00000000     -1          2
121             0              0         0  0.00000000     -1          2
122             0              0         0  0.00000000     -1          1
123             0              0         0  0.00000000     -1          2
124             0              0         0  0.00000000     -1          2
125             0              0         0  0.00000000     -1          1
126             0              0         0  0.00000000     -1          1
127             0              0         0  0.00000000     -1          1
