    left daughter right daughter split var split point status prediction
1               2              3         2  0.09501856      1          0
2               4              5         2  0.02724682      1          0
3               6              7         1  0.97013006      1          0
4               0              0         0  0.00000000     -1          1
5               8              9         1  0.49743501      1          0
6              10             11         2  0.10162659      1          0
7              12             13         1  0.98530132      1          0
8              14             15         2  0.05116814      1          0
9              16             17         1  0.57778843      1          0
10              0              0         0  0.00000000     -1          1
11             18             19         2  0.58332580      1          0
12             20             21         2  0.67122018      1          0
13              0              0         0  0.00000000     -1          1
14              0              0         0  0.00000000     -1          1
15             22             23         1  0.03929850      1          0
16              0              0         0  0.00000000     -1          2
17              0              0         0  0.00000000     -1          2
18             24             25         1  0.50188057      1          0
19             26             27         1  0.50022171      1          0
20              0              0         0  0.00000000     -1          2
21              0              0         0  0.00000000     -1          1
22              0              0         0  0.00000000     -1          2
23              0              0         0  0.00000000     -1          1
24             28             29         1  0.20854355      1          0
25             30             31         1  0.83570963      1          0
26             32             33         1  0.45953042      1          0
27             34             35         2  0.58466028      1          0
28             36             37         2  0.51979899      1          0
29             38             39         1  0.22308286      1          0
30             40             41         2  0.49887323      1          0
31             42             43         1  0.85171899      1          0
32             44             45         2  0.70338049      1          0
33             46             47         1  0.46002925      1          0
34              0              0         0  0.00000000     -1          2
35             48             49         1  0.91386133      1          0
36             50             51         2  0.25748055      1          0
37              0              0         0  0.00000000     -1          2
38              0              0         0  0.00000000     -1          2
39             52             53         1  0.24004571      1          0
40             54             55         1  0.74530516      1          0
41              0              0         0  0.00000000     -1          1
42              0              0         0  0.00000000     -1          1
43             56             57         1  0.91187697      1          0
44              0              0         0  0.00000000     -1          2
45             58             59         2  0.70452544      1          0
46              0              0         0  0.00000000     -1          1
47              0              0         0  0.00000000     -1          2
48             60             61         2  0.88127618      1          0
49             62             63         1  0.93931441      1          0
50             64             65         1  0.14749750      1          0
51              0              0         0  0.00000000     -1          1
52              0              0         0  0.00000000     -1          1
53             66             67         1  0.24430870      1          0
54             68             69         2  0.30745274      1          0
55              0              0         0  0.00000000     -1          2
56             70             71         2  0.51003024      1          0
57             72             73         1  0.94643572      1          0
58              0              0         0  0.00000000     -1          1
59             74             75         2  0.83546350      1          0
60             76             77         2  0.67424314      1          0
61             78             79         1  0.85439707      1          0
62              0              0         0  0.00000000     -1          2
63              0              0         0  0.00000000     -1          1
64              0              0         0  0.00000000     -1          1
65              0              0         0  0.00000000     -1          1
66              0              0         0  0.00000000     -1          2
67             80             81         1  0.25312851      1          0
68             82             83         2  0.30552817      1          0
69             84             85         1  0.57272813      1          0
70             86             87         1  0.86375781      1          0
71              0              0         0  0.00000000     -1          1
72             88             89         2  0.48436497      1          0
73             90             91         2  0.49891988      1          0
74             92             93         1  0.27914355      1          0
75             94             95         2  0.98005685      1          0
76             96             97         1  0.85816794      1          0
77             98             99         2  0.82305189      1          0
78            100            101         2  0.89170281      1          0
79              0              0         0  0.00000000     -1          1
80              0              0         0  0.00000000     -1          1
81            102            103         2  0.49719439      1          0
82            104            105         2  0.24195739      1          0
83              0              0         0  0.00000000     -1          1
84              0              0         0  0.00000000     -1          2
85              0              0         0  0.00000000     -1          2
86              0              0         0  0.00000000     -1          2
87              0              0         0  0.00000000     -1          2
88              0              0         0  0.00000000     -1          2
89              0              0         0  0.00000000     -1          1
90              0              0         0  0.00000000     -1          2
91              0              0         0  0.00000000     -1          1
92            106            107         1  0.06963740      1          0
93            108            109         1  0.29723145      1          0
94              0              0         0  0.00000000     -1          2
95              0              0         0  0.00000000     -1          2
96            110            111         2  0.67309163      1          0
97              0              0         0  0.00000000     -1          1
98            112            113         1  0.74887788      1          0
99              0              0         0  0.00000000     -1          1
100             0              0         0  0.00000000     -1          2
101             0              0         0  0.00000000     -1          1
102           114            115         1  0.25593761      1          0
103             0              0         0  0.00000000     -1          2
104           116            117         2  0.23680778      1          0
105           118            119         2  0.26742330      1          0
106             0              0         0  0.00000000     -1          2
107             0              0         0  0.00000000     -1          2
108             0              0         0  0.00000000     -1          1
109           120            121         1  0.39333065      1          0
110             0              0         0  0.00000000     -1          1
111             0              0         0  0.00000000     -1          2
112           122            123         1  0.74718474      1          0
113             0              0         0  0.00000000     -1          1
114             0              0         0  0.00000000     -1          2
115           124            125         2  0.41484149      1          0
116           126            127         2  0.17341725      1          0
117             0              0         0  0.00000000     -1          1
118             0              0         0  0.00000000     -1          2
119             0              0         0  0.00000000     -1          2
120             0              0         0  0.00000000     -1          2
121             0              0         0  0.00000000     -1          2
122             0              0         0  0.00000000     -1          1
123             0              0         0  0.00000000     -1          2
124             0              0         0  0.00000000     -1          1
125             0              0         0  0.00000000     -1          1
126             0              0         0  0.00000000     -1          2
127             0              0         0  0.00000000     -1          2
