    left daughter right daughter split var split point status prediction
1               2              3         1  0.95741997      1          0
2               4              5         2  0.33148949      1          0
3               6              7         1  0.98276023      1          0
4               8              9         2  0.31168961      1          0
5              10             11         2  0.85113696      1          0
6              12             13         1  0.97002131      1          0
7               0              0         0  0.00000000     -1          1
8              14             15         2  0.01451111      1          0
9              16             17         2  0.32230458      1          0
10             18             19         1  0.55405798      1          0
11             20             21         1  0.50618598      1          0
12              0              0         0  0.00000000     -1          2
13              0              0         0  0.00000000     -1          2
14              0              0         0  0.00000000     -1          1
15             22             23         2  0.30525850      1          0
16             24             25         2  0.31514803      1          0
17              0              0         0  0.00000000     -1          1
18             26             27         2  0.50394974      1          0
19             28             29         2  0.49887323      1          0
20             30             31         2  0.86566514      1          0
21             32             33         1  0.93419037      1          0
22             34             35         1  0.50065410      1          0
23              0              0         0  0.00000000     -1          2
24              0              0         0  0.00000000     -1          1
25              0              0         0  0.00000000     -1          1
26             36             37         2  0.36842557      1          0
27             38             39         2  0.59675109      1          0
28             40             41         1  0.57096070      1          0
29             42             43         2  0.77725553      1          0
30              0              0         0  0.00000000     -1          1
31             44             45         1  0.04690888      1          0
32             46             47         2  0.99156245      1          0
33              0              0         0  0.00000000     -1          2
34             48             49         1  0.02523364      1          0
35             50             51         1  0.64821130      1          0
36             52             53         2  0.36710390      1          0
37             54             55         2  0.44509872      1          0
38             56             57         1  0.50754425      1          0
39             58             59         2  0.69436651      1          0
40              0              0         0  0.00000000     -1          1
41             60             61         2  0.38732679      1          0
42             62             63         2  0.58332580      1          0
43             64             65         2  0.80375200      1          0
44              0              0         0  0.00000000     -1          2
45             66             67         1  0.25771901      1          0
46             68             69         2  0.89170281      1          0
47              0              0         0  0.00000000     -1          1
48              0              0         0  0.00000000     -1          1
49             70             71         1  0.15779987      1          0
50             72             73         2  0.08670922      1          0
51             74             75         1  0.65949978      1          0
52             76             77         2  0.35694830      1          0
53              0              0         0  0.00000000     -1          2
54             78             79         2  0.38870390      1          0
55             80             81         2  0.44700715      1          0
56             82             83         1  0.04716835      1          0
57              0              0         0  0.00000000     -1          1
58             84             85         1  0.49743625      1          0
59             86             87         1  0.50107917      1          0
60             88             89         2  0.38310781      1          0
61              0              0         0  0.00000000     -1          2
62              0              0         0  0.00000000     -1          1
63             90             91         2  0.59586193      1          0
64              0              0         0  0.00000000     -1          2
65             92             93         2  0.82305189      1          0
66              0              0         0  0.00000000     -1          2
67             94             95         1  0.26528908      1          0
68             96             97         1  0.59172058      1          0
69              0              0         0  0.00000000     -1          1
70             98             99         2  0.08561603      1          0
71              0              0         0  0.00000000     -1          1
72              0              0         0  0.00000000     -1          2
73              0              0         0  0.00000000     -1          2
74              0              0         0  0.00000000     -1          1
75            100            101         1  0.73061598      1          0
76              0              0         0  0.00000000     -1          2
77              0              0         0  0.00000000     -1          1
78              0              0         0  0.00000000     -1          1
79            102            103         1  0.49272253      1          0
80              0              0         0  0.00000000     -1          2
81            104            105         2  0.45034300      1          0
82              0              0         0  0.00000000     -1          2
83            106            107         1  0.46374984      1          0
84            108            109         2  0.63448030      1          0
85              0              0         0  0.00000000     -1          1
86            110            111         2  0.69814204      1          0
87              0              0         0  0.00000000     -1          1
88              0              0         0  0.00000000     -1          2
89              0              0         0  0.00000000     -1          1
90              0              0         0  0.00000000     -1          2
91            112            113         2  0.67307530      1          0
92              0              0         0  0.00000000     -1          1
93              0              0         0  0.00000000     -1          1
94              0              0         0  0.00000000     -1          1
95            114            115         1  0.35186595      1          0
96              0              0         0  0.00000000     -1          2
97            116            117         2  0.88127618      1          0
98              0              0         0  0.00000000     -1          1
99              0              0         0  0.00000000     -1          1
100             0              0         0  0.00000000     -1          2
101           118            119         2  0.28946079      1          0
102           120            121         2  0.43022211      1          0
103             0              0         0  0.00000000     -1          2
104             0              0         0  0.00000000     -1          1
105           122            123         1  0.21074602      1          0
106           124            125         1  0.21485380      1          0
107             0              0         0  0.00000000     -1          1
108           126            127         2  0.63404396      1          0
109             0              0         0  0.00000000     -1          2
110             0              0         0  0.00000000     -1          1
111             0              0         0  0.00000000     -1          2
112             0              0         0  0.00000000     -1          1
113             0              0         0  0.00000000     -1          1
114             0              0         0  0.00000000     -1          2
115             0              0         0  0.00000000     -1          2
116             0              0         0  0.00000000     -1          1
117             0              0         0  0.00000000     -1          1
118             0              0         0  0.00000000     -1          2
119             0              0         0  0.00000000     -1          1
120             0              0         0  0.00000000     -1          1
121             0              0         0  0.00000000     -1          1
122             0              0         0  0.00000000     -1          1
123             0              0         0  0.00000000     -1          2
124             0              0         0  0.00000000     -1          2
125             0              0         0  0.00000000     -1          2
126             0              0         0  0.00000000     -1          2
127             0              0         0  0.00000000     -1          1
