    left daughter right daughter split var split point status prediction
1               2              3         1 0.036232034      1          0
2               4              5         2 0.454008533      1          0
3               6              7         2 0.852391838      1          0
4               0              0         0 0.000000000     -1          1
5               8              9         1 0.006644896      1          0
6              10             11         1 0.501755740      1          0
7              12             13         1 0.498715885      1          0
8               0              0         0 0.000000000     -1          2
9               0              0         0 0.000000000     -1          2
10             14             15         2 0.499294678      1          0
11             16             17         2 0.498873234      1          0
12             18             19         1 0.046908880      1          0
13             20             21         2 0.979353888      1          0
14             22             23         2 0.017932108      1          0
15             24             25         1 0.038305523      1          0
16             26             27         2 0.002089685      1          0
17             28             29         1 0.892740508      1          0
18              0              0         0 0.000000000     -1          1
19             30             31         2 0.864539440      1          0
20             32             33         2 0.902102556      1          0
21              0              0         0 0.000000000     -1          1
22              0              0         0 0.000000000     -1          2
23             34             35         1 0.138467772      1          0
24              0              0         0 0.000000000     -1          1
25             36             37         2 0.519583439      1          0
26              0              0         0 0.000000000     -1          1
27             38             39         2 0.307452738      1          0
28             40             41         2 0.817369296      1          0
29             42             43         2 0.591328857      1          0
30              0              0         0 0.000000000     -1          1
31             44             45         1 0.342148888      1          0
32             46             47         1 0.861249136      1          0
33             48             49         2 0.927143354      1          0
34              0              0         0 0.000000000     -1          1
35             50             51         1 0.140726075      1          0
36              0              0         0 0.000000000     -1          2
37             52             53         2 0.632712142      1          0
38             54             55         1 0.897795727      1          0
39             56             57         1 0.702103507      1          0
40             58             59         2 0.737845667      1          0
41              0              0         0 0.000000000     -1          1
42              0              0         0 0.000000000     -1          1
43              0              0         0 0.000000000     -1          1
44              0              0         0 0.000000000     -1          2
45              0              0         0 0.000000000     -1          2
46             60             61         1 0.584576193      1          0
47              0              0         0 0.000000000     -1          1
48             62             63         1 0.765077621      1          0
49              0              0         0 0.000000000     -1          1
50              0              0         0 0.000000000     -1          2
51             64             65         1 0.460200412      1          0
52             66             67         1 0.202526005      1          0
53             68             69         2 0.635569551      1          0
54             70             71         1 0.833786755      1          0
55             72             73         2 0.286371391      1          0
56             74             75         1 0.696866818      1          0
57             76             77         1 0.933475307      1          0
58             78             79         1 0.804925615      1          0
59              0              0         0 0.000000000     -1          1
60              0              0         0 0.000000000     -1          1
61              0              0         0 0.000000000     -1          1
62              0              0         0 0.000000000     -1          1
63              0              0         0 0.000000000     -1          1
64             80             81         2 0.350260932      1          0
65             82             83         1 0.465145262      1          0
66              0              0         0 0.000000000     -1          2
67              0              0         0 0.000000000     -1          2
68              0              0         0 0.000000000     -1          1
69             84             85         2 0.835463498      1          0
70             86             87         2 0.305528168      1          0
71              0              0         0 0.000000000     -1          1
72              0              0         0 0.000000000     -1          2
73              0              0         0 0.000000000     -1          1
74              0              0         0 0.000000000     -1          2
75              0              0         0 0.000000000     -1          1
76              0              0         0 0.000000000     -1          2
77              0              0         0 0.000000000     -1          2
78             88             89         1 0.594484676      1          0
79             90             91         1 0.813351936      1          0
80             92             93         1 0.157799868      1          0
81             94             95         1 0.213915750      1          0
82              0              0         0 0.000000000     -1          2
83             96             97         2 0.299666229      1          0
84             98             99         2 0.829027612      1          0
85              0              0         0 0.000000000     -1          2
86            100            101         1 0.738021247      1          0
87              0              0         0 0.000000000     -1          1
88            102            103         1 0.585799857      1          0
89              0              0         0 0.000000000     -1          1
90              0              0         0 0.000000000     -1          2
91            104            105         1 0.823480063      1          0
92              0              0         0 0.000000000     -1          1
93            106            107         1 0.268393488      1          0
94              0              0         0 0.000000000     -1          1
95            108            109         1 0.269113803      1          0
96              0              0         0 0.000000000     -1          1
97              0              0         0 0.000000000     -1          1
98            110            111         2 0.796438682      1          0
99              0              0         0 0.000000000     -1          1
100           112            113         2 0.138310330      1          0
101             0              0         0 0.000000000     -1          2
102             0              0         0 0.000000000     -1          1
103             0              0         0 0.000000000     -1          2
104             0              0         0 0.000000000     -1          1
105             0              0         0 0.000000000     -1          1
106             0              0         0 0.000000000     -1          1
107           114            115         2 0.189496600      1          0
108             0              0         0 0.000000000     -1          1
109             0              0         0 0.000000000     -1          1
110           116            117         2 0.792759996      1          0
111             0              0         0 0.000000000     -1          2
112           118            119         1 0.636073428      1          0
113           120            121         1 0.590874824      1          0
114             0              0         0 0.000000000     -1          1
115           122            123         1 0.272888457      1          0
116           124            125         1 0.499498994      1          0
117             0              0         0 0.000000000     -1          1
118           126            127         1 0.547844779      1          0
119             0              0         0 0.000000000     -1          1
120             0              0         0 0.000000000     -1          2
121             0              0         0 0.000000000     -1          2
122             0              0         0 0.000000000     -1          2
123             0              0         0 0.000000000     -1          1
124             0              0         0 0.000000000     -1          2
125             0              0         0 0.000000000     -1          1
126             0              0         0 0.000000000     -1          2
127             0              0         0 0.000000000     -1          2
