    left daughter right daughter split var split point status prediction
1               2              3         1 0.955625947      1          0
2               4              5         2 0.022209183      1          0
3               6              7         2 0.489003546      1          0
4               8              9         1 0.324918501      1          0
5              10             11         2 0.033576959      1          0
6              12             13         1 0.982839002      1          0
7               0              0         0 0.000000000     -1          1
8               0              0         0 0.000000000     -1          1
9               0              0         0 0.000000000     -1          2
10              0              0         0 0.000000000     -1          1
11             14             15         2 0.040797460      1          0
12              0              0         0 0.000000000     -1          2
13              0              0         0 0.000000000     -1          2
14              0              0         0 0.000000000     -1          2
15             16             17         1 0.454781823      1          0
16             18             19         1 0.259611079      1          0
17             20             21         2 0.494605322      1          0
18             22             23         2 0.499867563      1          0
19             24             25         1 0.269967897      1          0
20             26             27         2 0.041399632      1          0
21             28             29         1 0.501902845      1          0
22             30             31         2 0.085616030      1          0
23             32             33         2 0.594606482      1          0
24              0              0         0 0.000000000     -1          2
25             34             35         1 0.349683073      1          0
26              0              0         0 0.000000000     -1          1
27             36             37         2 0.437898396      1          0
28             38             39         2 0.586162348      1          0
29             40             41         2 0.990777048      1          0
30              0              0         0 0.000000000     -1          1
31             42             43         1 0.215094167      1          0
32             44             45         2 0.593338039      1          0
33             46             47         1 0.257719006      1          0
34             48             49         1 0.327696608      1          0
35             50             51         1 0.408415375      1          0
36             52             53         2 0.429448441      1          0
37              0              0         0 0.000000000     -1          2
38              0              0         0 0.000000000     -1          1
39             54             55         2 0.809424173      1          0
40             56             57         1 0.855124791      1          0
41              0              0         0 0.000000000     -1          1
42             58             59         1 0.147497497      1          0
43             60             61         2 0.313694843      1          0
44             62             63         1 0.004089574      1          0
45              0              0         0 0.000000000     -1          1
46             64             65         1 0.069637402      1          0
47              0              0         0 0.000000000     -1          1
48             66             67         2 0.396767500      1          0
49             68             69         2 0.466922753      1          0
50             70             71         1 0.403506736      1          0
51             72             73         2 0.503422111      1          0
52             74             75         1 0.500901248      1          0
53              0              0         0 0.000000000     -1          1
54              0              0         0 0.000000000     -1          2
55              0              0         0 0.000000000     -1          2
56             76             77         1 0.554283117      1          0
57             78             79         1 0.870136443      1          0
58              0              0         0 0.000000000     -1          1
59             80             81         1 0.148114080      1          0
60              0              0         0 0.000000000     -1          1
61              0              0         0 0.000000000     -1          2
62              0              0         0 0.000000000     -1          1
63             82             83         1 0.074166760      1          0
64             84             85         1 0.064492912      1          0
65              0              0         0 0.000000000     -1          2
66             86             87         1 0.293353585      1          0
67             88             89         2 0.694642412      1          0
68              0              0         0 0.000000000     -1          1
69              0              0         0 0.000000000     -1          2
70             90             91         2 0.364960973      1          0
71              0              0         0 0.000000000     -1          2
72              0              0         0 0.000000000     -1          1
73             92             93         2 0.861187694      1          0
74             94             95         2 0.294703105      1          0
75             96             97         1 0.741688864      1          0
76             98             99         1 0.547913915      1          0
77            100            101         1 0.693410597      1          0
78              0              0         0 0.000000000     -1          2
79            102            103         2 0.771529195      1          0
80              0              0         0 0.000000000     -1          2
81            104            105         2 0.221890753      1          0
82              0              0         0 0.000000000     -1          2
83              0              0         0 0.000000000     -1          2
84            106            107         1 0.052093782      1          0
85              0              0         0 0.000000000     -1          1
86              0              0         0 0.000000000     -1          1
87              0              0         0 0.000000000     -1          1
88            108            109         2 0.479287494      1          0
89            110            111         2 0.796438682      1          0
90              0              0         0 0.000000000     -1          1
91            112            113         1 0.384542287      1          0
92            114            115         2 0.636416112      1          0
93              0              0         0 0.000000000     -1          1
94              0              0         0 0.000000000     -1          1
95              0              0         0 0.000000000     -1          1
96            116            117         1 0.732042795      1          0
97            118            119         1 0.833340551      1          0
98              0              0         0 0.000000000     -1          1
99              0              0         0 0.000000000     -1          2
100             0              0         0 0.000000000     -1          1
101           120            121         2 0.718716532      1          0
102             0              0         0 0.000000000     -1          1
103           122            123         2 0.821402377      1          0
104             0              0         0 0.000000000     -1          1
105             0              0         0 0.000000000     -1          1
106             0              0         0 0.000000000     -1          2
107             0              0         0 0.000000000     -1          2
108             0              0         0 0.000000000     -1          2
109             0              0         0 0.000000000     -1          2
110             0              0         0 0.000000000     -1          1
111             0              0         0 0.000000000     -1          2
112             0              0         0 0.000000000     -1          2
113             0              0         0 0.000000000     -1          2
114             0              0         0 0.000000000     -1          2
115             0              0         0 0.000000000     -1          2
116           124            125         1 0.640074249      1          0
117             0              0         0 0.000000000     -1          1
118             0              0         0 0.000000000     -1          2
119           126            127         2 0.167982762      1          0
120             0              0         0 0.000000000     -1          1
121             0              0         0 0.000000000     -1          1
122             0              0         0 0.000000000     -1          2
123             0              0         0 0.000000000     -1          1
124             0              0         0 0.000000000     -1          2
125             0              0         0 0.000000000     -1          2
126             0              0         0 0.000000000     -1          2
127             0              0         0 0.000000000     -1          2
