    left daughter right daughter split var split point status prediction
1               2              3         2 0.851963873      1          0
2               4              5         1 0.457360780      1          0
3               6              7         2 0.925571963      1          0
4               8              9         1 0.449122851      1          0
5              10             11         2 0.498136973      1          0
6              12             13         1 0.335041182      1          0
7              14             15         2 0.945960630      1          0
8              16             17         2 0.496069738      1          0
9               0              0         0 0.000000000     -1          1
10             18             19         2 0.026613694      1          0
11             20             21         2 0.736825363      1          0
12              0              0         0 0.000000000     -1          2
13             22             23         2 0.902102556      1          0
14             24             25         1 0.506185977      1          0
15             26             27         2 0.950876412      1          0
16             28             29         1 0.216470065      1          0
17             30             31         1 0.006644896      1          0
18              0              0         0 0.000000000     -1          2
19             32             33         2 0.390663716      1          0
20             34             35         2 0.582774884      1          0
21             36             37         2 0.737845667      1          0
22             38             39         2 0.900945078      1          0
23              0              0         0 0.000000000     -1          1
24              0              0         0 0.000000000     -1          2
25              0              0         0 0.000000000     -1          1
26              0              0         0 0.000000000     -1          1
27             40             41         2 0.968244918      1          0
28             42             43         2 0.052635432      1          0
29             44             45         1 0.246065075      1          0
30              0              0         0 0.000000000     -1          1
31             46             47         1 0.085589825      1          0
32             48             49         2 0.389347367      1          0
33             50             51         1 0.501097076      1          0
34              0              0         0 0.000000000     -1          1
35             52             53         2 0.585251475      1          0
36              0              0         0 0.000000000     -1          2
37             54             55         1 0.500087376      1          0
38             56             57         2 0.867701669      1          0
39              0              0         0 0.000000000     -1          2
40              0              0         0 0.000000000     -1          2
41             58             59         1 0.496591109      1          0
42              0              0         0 0.000000000     -1          1
43             60             61         1 0.083010738      1          0
44              0              0         0 0.000000000     -1          2
45             62             63         1 0.263785416      1          0
46             64             65         1 0.079259174      1          0
47             66             67         1 0.384081076      1          0
48             68             69         1 0.500700835      1          0
49              0              0         0 0.000000000     -1          1
50              0              0         0 0.000000000     -1          1
51              0              0         0 0.000000000     -1          2
52              0              0         0 0.000000000     -1          2
53             70             71         2 0.679073465      1          0
54              0              0         0 0.000000000     -1          2
55             72             73         2 0.785717901      1          0
56              0              0         0 0.000000000     -1          1
57             74             75         2 0.870944426      1          0
58              0              0         0 0.000000000     -1          2
59             76             77         2 0.991635231      1          0
60             78             79         1 0.078632908      1          0
61              0              0         0 0.000000000     -1          1
62              0              0         0 0.000000000     -1          1
63             80             81         2 0.022138524      1          0
64             82             83         1 0.036232034      1          0
65              0              0         0 0.000000000     -1          1
66             84             85         1 0.179522988      1          0
67             86             87         2 0.777711972      1          0
68              0              0         0 0.000000000     -1          1
69             88             89         1 0.833340551      1          0
70             90             91         2 0.675937937      1          0
71             92             93         2 0.717636989      1          0
72              0              0         0 0.000000000     -1          1
73             94             95         1 0.908543939      1          0
74              0              0         0 0.000000000     -1          2
75             96             97         2 0.886912758      1          0
76              0              0         0 0.000000000     -1          1
77              0              0         0 0.000000000     -1          1
78              0              0         0 0.000000000     -1          1
79              0              0         0 0.000000000     -1          2
80              0              0         0 0.000000000     -1          2
81             98             99         1 0.429698504      1          0
82              0              0         0 0.000000000     -1          2
83            100            101         2 0.825756211      1          0
84              0              0         0 0.000000000     -1          2
85            102            103         2 0.698552570      1          0
86            104            105         1 0.420619117      1          0
87              0              0         0 0.000000000     -1          1
88            106            107         1 0.741926573      1          0
89            108            109         1 0.886853973      1          0
90            110            111         1 0.499498994      1          0
91              0              0         0 0.000000000     -1          2
92              0              0         0 0.000000000     -1          1
93              0              0         0 0.000000000     -1          1
94            112            113         2 0.817369296      1          0
95              0              0         0 0.000000000     -1          1
96              0              0         0 0.000000000     -1          1
97              0              0         0 0.000000000     -1          1
98            114            115         1 0.298159160      1          0
99              0              0         0 0.000000000     -1          1
100           116            117         2 0.600526113      1          0
101             0              0         0 0.000000000     -1          1
102             0              0         0 0.000000000     -1          2
103           118            119         2 0.730504024      1          0
104             0              0         0 0.000000000     -1          2
105             0              0         0 0.000000000     -1          2
106           120            121         2 0.173417253      1          0
107             0              0         0 0.000000000     -1          2
108             0              0         0 0.000000000     -1          1
109           122            123         2 0.359228802      1          0
110             0              0         0 0.000000000     -1          2
111           124            125         1 0.858921944      1          0
112             0              0         0 0.000000000     -1          1
113             0              0         0 0.000000000     -1          1
114           126            127         2 0.420917146      1          0
115             0              0         0 0.000000000     -1          1
116             0              0         0 0.000000000     -1          2
117             0              0         0 0.000000000     -1          2
118             0              0         0 0.000000000     -1          1
119             0              0         0 0.000000000     -1          2
120             0              0         0 0.000000000     -1          2
121             0              0         0 0.000000000     -1          2
122             0              0         0 0.000000000     -1          2
123             0              0         0 0.000000000     -1          1
124             0              0         0 0.000000000     -1          1
125             0              0         0 0.000000000     -1          1
126             0              0         0 0.000000000     -1          1
127             0              0         0 0.000000000     -1          1
