    left daughter right daughter split var split point status prediction
1               2              3         1 0.613224409      1          0
2               4              5         1 0.524912939      1          0
3               6              7         2 0.498873234      1          0
4               8              9         2 0.496181767      1          0
5              10             11         2 0.528909209      1          0
6              12             13         1 0.613816098      1          0
7              14             15         2 0.976408865      1          0
8              16             17         2 0.322304581      1          0
9              18             19         2 0.581873404      1          0
10             20             21         1 0.560063057      1          0
11             22             23         2 0.735887458      1          0
12              0              0         0 0.000000000     -1          1
13             24             25         1 0.696498300      1          0
14             26             27         1 0.693410597      1          0
15              0              0         0 0.000000000     -1          1
16             28             29         1 0.497636165      1          0
17             30             31         1 0.506459727      1          0
18             32             33         1 0.004106039      1          0
19             34             35         2 0.748902512      1          0
20              0              0         0 0.000000000     -1          2
21             36             37         1 0.570376568      1          0
22              0              0         0 0.000000000     -1          1
23              0              0         0 0.000000000     -1          1
24             38             39         2 0.151155509      1          0
25             40             41         1 0.699485136      1          0
26              0              0         0 0.000000000     -1          1
27             42             43         2 0.785801968      1          0
28             44             45         1 0.152720826      1          0
29              0              0         0 0.000000000     -1          2
30             46             47         1 0.216470065      1          0
31              0              0         0 0.000000000     -1          2
32              0              0         0 0.000000000     -1          1
33             48             49         1 0.482891417      1          0
34             50             51         2 0.630654820      1          0
35             52             53         2 0.769902527      1          0
36              0              0         0 0.000000000     -1          1
37             54             55         1 0.590874824      1          0
38              0              0         0 0.000000000     -1          2
39              0              0         0 0.000000000     -1          2
40              0              0         0 0.000000000     -1          1
41             56             57         1 0.748690506      1          0
42             58             59         1 0.702609515      1          0
43             60             61         1 0.727394667      1          0
44             62             63         2 0.254422873      1          0
45             64             65         1 0.365433790      1          0
46             66             67         2 0.447079237      1          0
47             68             69         2 0.438711836      1          0
48             70             71         2 0.578127925      1          0
49              0              0         0 0.000000000     -1          1
50              0              0         0 0.000000000     -1          2
51             72             73         2 0.635569551      1          0
52              0              0         0 0.000000000     -1          1
53             74             75         2 0.944090710      1          0
54              0              0         0 0.000000000     -1          2
55              0              0         0 0.000000000     -1          2
56             76             77         1 0.723488203      1          0
57             78             79         2 0.002841984      1          0
58              0              0         0 0.000000000     -1          2
59             80             81         2 0.771529195      1          0
60              0              0         0 0.000000000     -1          1
61              0              0         0 0.000000000     -1          1
62             82             83         1 0.144231807      1          0
63              0              0         0 0.000000000     -1          1
64              0              0         0 0.000000000     -1          1
65             84             85         1 0.367569432      1          0
66              0              0         0 0.000000000     -1          1
67              0              0         0 0.000000000     -1          1
68             86             87         1 0.283002578      1          0
69              0              0         0 0.000000000     -1          1
70             88             89         1 0.095825718      1          0
71              0              0         0 0.000000000     -1          1
72              0              0         0 0.000000000     -1          1
73             90             91         1 0.497436246      1          0
74             92             93         1 0.504257192      1          0
75              0              0         0 0.000000000     -1          2
76              0              0         0 0.000000000     -1          2
77              0              0         0 0.000000000     -1          1
78              0              0         0 0.000000000     -1          1
79             94             95         1 0.836554487      1          0
80             96             97         2 0.581923298      1          0
81              0              0         0 0.000000000     -1          2
82             98             99         1 0.025233635      1          0
83              0              0         0 0.000000000     -1          2
84              0              0         0 0.000000000     -1          2
85            100            101         1 0.429698504      1          0
86              0              0         0 0.000000000     -1          1
87              0              0         0 0.000000000     -1          1
88              0              0         0 0.000000000     -1          2
89              0              0         0 0.000000000     -1          2
90            102            103         1 0.177393025      1          0
91              0              0         0 0.000000000     -1          1
92            104            105         2 0.896696793      1          0
93              0              0         0 0.000000000     -1          1
94              0              0         0 0.000000000     -1          2
95            106            107         2 0.387717975      1          0
96              0              0         0 0.000000000     -1          1
97            108            109         1 0.811598699      1          0
98              0              0         0 0.000000000     -1          1
99              0              0         0 0.000000000     -1          1
100             0              0         0 0.000000000     -1          1
101           110            111         1 0.435366483      1          0
102             0              0         0 0.000000000     -1          2
103           112            113         2 0.695592102      1          0
104           114            115         2 0.795645521      1          0
105           116            117         1 0.243320938      1          0
106           118            119         2 0.376378586      1          0
107             0              0         0 0.000000000     -1          2
108           120            121         2 0.674243137      1          0
109           122            123         2 0.591328857      1          0
110             0              0         0 0.000000000     -1          2
111           124            125         2 0.199950041      1          0
112             0              0         0 0.000000000     -1          2
113           126            127         2 0.708152054      1          0
114             0              0         0 0.000000000     -1          2
115             0              0         0 0.000000000     -1          2
116             0              0         0 0.000000000     -1          2
117             0              0         0 0.000000000     -1          2
118             0              0         0 0.000000000     -1          2
119             0              0         0 0.000000000     -1          1
120             0              0         0 0.000000000     -1          1
121             0              0         0 0.000000000     -1          1
122             0              0         0 0.000000000     -1          2
123             0              0         0 0.000000000     -1          1
124             0              0         0 0.000000000     -1          1
125             0              0         0 0.000000000     -1          1
126             0              0         0 0.000000000     -1          1
127             0              0         0 0.000000000     -1          2
