    left daughter right daughter split var split point status prediction
1               2              3         1 0.970130063      1          0
2               4              5         2 0.034982595      1          0
3               6              7         1 0.982839002      1          0
4               8              9         1 0.503678923      1          0
5              10             11         2 0.093399156      1          0
6               0              0         0 0.000000000     -1          2
7               0              0         0 0.000000000     -1          2
8               0              0         0 0.000000000     -1          1
9               0              0         0 0.000000000     -1          1
10             12             13         2 0.068401511      1          0
11             14             15         2 0.221237725      1          0
12             16             17         2 0.045291326      1          0
13             18             19         2 0.085364159      1          0
14             20             21         1 0.497789304      1          0
15             22             23         1 0.555070183      1          0
16              0              0         0 0.000000000     -1          2
17             24             25         1 0.625481670      1          0
18             26             27         1 0.589256057      1          0
19              0              0         0 0.000000000     -1          2
20             28             29         2 0.135884542      1          0
21             30             31         1 0.648211295      1          0
22             32             33         2 0.499867563      1          0
23             34             35         2 0.498873234      1          0
24             36             37         1 0.058625750      1          0
25              0              0         0 0.000000000     -1          2
26              0              0         0 0.000000000     -1          2
27              0              0         0 0.000000000     -1          2
28             38             39         2 0.134334462      1          0
29             40             41         1 0.342977287      1          0
30              0              0         0 0.000000000     -1          2
31             42             43         2 0.129003028      1          0
32             44             45         1 0.499387887      1          0
33             46             47         2 0.527380408      1          0
34             48             49         2 0.409383396      1          0
35             50             51         1 0.853004527      1          0
36              0              0         0 0.000000000     -1          2
37             52             53         1 0.164231720      1          0
38              0              0         0 0.000000000     -1          1
39              0              0         0 0.000000000     -1          2
40              0              0         0 0.000000000     -1          1
41              0              0         0 0.000000000     -1          1
42              0              0         0 0.000000000     -1          2
43             54             55         2 0.171444862      1          0
44             56             57         1 0.473937492      1          0
45              0              0         0 0.000000000     -1          2
46              0              0         0 0.000000000     -1          2
47             58             59         1 0.501514062      1          0
48             60             61         2 0.383107810      1          0
49              0              0         0 0.000000000     -1          2
50             62             63         1 0.747962089      1          0
51             64             65         2 0.975454422      1          0
52              0              0         0 0.000000000     -1          1
53              0              0         0 0.000000000     -1          1
54              0              0         0 0.000000000     -1          2
55              0              0         0 0.000000000     -1          2
56             66             67         2 0.400780534      1          0
57              0              0         0 0.000000000     -1          1
58             68             69         1 0.006682267      1          0
59              0              0         0 0.000000000     -1          1
60             70             71         2 0.258531778      1          0
61              0              0         0 0.000000000     -1          2
62             72             73         1 0.747184738      1          0
63             74             75         1 0.819680845      1          0
64             76             77         2 0.787417919      1          0
65              0              0         0 0.000000000     -1          2
66             78             79         2 0.352180831      1          0
67             80             81         1 0.078286220      1          0
68              0              0         0 0.000000000     -1          2
69             82             83         2 0.593338039      1          0
70              0              0         0 0.000000000     -1          2
71             84             85         2 0.283658602      1          0
72             86             87         1 0.694751823      1          0
73              0              0         0 0.000000000     -1          2
74              0              0         0 0.000000000     -1          1
75             88             89         1 0.821437009      1          0
76              0              0         0 0.000000000     -1          1
77             90             91         1 0.862356205      1          0
78              0              0         0 0.000000000     -1          1
79             92             93         1 0.240885273      1          0
80              0              0         0 0.000000000     -1          1
81             94             95         2 0.470262396      1          0
82              0              0         0 0.000000000     -1          2
83             96             97         1 0.291346250      1          0
84              0              0         0 0.000000000     -1          2
85             98             99         1 0.701619259      1          0
86            100            101         2 0.735887458      1          0
87            102            103         1 0.702941403      1          0
88              0              0         0 0.000000000     -1          2
89              0              0         0 0.000000000     -1          1
90              0              0         0 0.000000000     -1          2
91            104            105         2 0.803751998      1          0
92              0              0         0 0.000000000     -1          1
93              0              0         0 0.000000000     -1          1
94              0              0         0 0.000000000     -1          1
95              0              0         0 0.000000000     -1          1
96            106            107         1 0.083229857      1          0
97            108            109         1 0.293528988      1          0
98              0              0         0 0.000000000     -1          2
99              0              0         0 0.000000000     -1          2
100             0              0         0 0.000000000     -1          1
101           110            111         2 0.745326386      1          0
102             0              0         0 0.000000000     -1          2
103           112            113         2 0.926699103      1          0
104             0              0         0 0.000000000     -1          2
105           114            115         2 0.902102556      1          0
106           116            117         2 0.600526113      1          0
107             0              0         0 0.000000000     -1          2
108             0              0         0 0.000000000     -1          1
109           118            119         2 0.909851303      1          0
110             0              0         0 0.000000000     -1          2
111             0              0         0 0.000000000     -1          1
112             0              0         0 0.000000000     -1          1
113             0              0         0 0.000000000     -1          2
114             0              0         0 0.000000000     -1          1
115             0              0         0 0.000000000     -1          1
116             0              0         0 0.000000000     -1          1
117           120            121         1 0.079971546      1          0
118           122            123         2 0.636416112      1          0
119             0              0         0 0.000000000     -1          2
120           124            125         1 0.044149252      1          0
121             0              0         0 0.000000000     -1          1
122             0              0         0 0.000000000     -1          2
123           126            127         1 0.312311868      1          0
124             0              0         0 0.000000000     -1          2
125             0              0         0 0.000000000     -1          2
126             0              0         0 0.000000000     -1          2
127             0              0         0 0.000000000     -1          2
