    left daughter right daughter split var split point status prediction
1               2              3         2 0.271546051      1          0
2               4              5         2 0.003384390      1          0
3               6              7         1 0.559374346      1          0
4               0              0         0 0.000000000     -1          1
5               8              9         2 0.005364184      1          0
6              10             11         1 0.032732647      1          0
7              12             13         2 0.499791266      1          0
8               0              0         0 0.000000000     -1          2
9              14             15         1 0.501606746      1          0
10             16             17         2 0.579830658      1          0
11             18             19         1 0.074497110      1          0
12             20             21         1 0.933475307      1          0
13             22             23         1 0.693410597      1          0
14             24             25         2 0.023326741      1          0
15             26             27         1 0.936093667      1          0
16              0              0         0 0.000000000     -1          1
17              0              0         0 0.000000000     -1          2
18             28             29         1 0.073426342      1          0
19             30             31         1 0.082034766      1          0
20             32             33         2 0.410600265      1          0
21             34             35         1 0.935925004      1          0
22             36             37         1 0.589816625      1          0
23             38             39         2 0.581923298      1          0
24              0              0         0 0.000000000     -1          2
25             40             41         1 0.157799868      1          0
26             42             43         1 0.933695990      1          0
27              0              0         0 0.000000000     -1          2
28             44             45         1 0.058118459      1          0
29              0              0         0 0.000000000     -1          1
30              0              0         0 0.000000000     -1          2
31             46             47         1 0.088596949      1          0
32             48             49         1 0.572728126      1          0
33              0              0         0 0.000000000     -1          2
34              0              0         0 0.000000000     -1          1
35             50             51         2 0.387717975      1          0
36             52             53         2 0.722887088      1          0
37              0              0         0 0.000000000     -1          1
38              0              0         0 0.000000000     -1          1
39             54             55         2 0.595861930      1          0
40             56             57         1 0.134833567      1          0
41             58             59         2 0.188312493      1          0
42             60             61         2 0.256216131      1          0
43              0              0         0 0.000000000     -1          1
44             62             63         2 0.513585596      1          0
45              0              0         0 0.000000000     -1          2
46              0              0         0 0.000000000     -1          1
47             64             65         1 0.114833036      1          0
48              0              0         0 0.000000000     -1          1
49             66             67         1 0.695623592      1          0
50              0              0         0 0.000000000     -1          2
51              0              0         0 0.000000000     -1          2
52              0              0         0 0.000000000     -1          1
53              0              0         0 0.000000000     -1          1
54              0              0         0 0.000000000     -1          2
55             68             69         2 0.771529195      1          0
56             70             71         1 0.039298500      1          0
57              0              0         0 0.000000000     -1          2
58              0              0         0 0.000000000     -1          1
59             72             73         1 0.384758717      1          0
60             74             75         1 0.636073428      1          0
61              0              0         0 0.000000000     -1          2
62              0              0         0 0.000000000     -1          1
63              0              0         0 0.000000000     -1          2
64              0              0         0 0.000000000     -1          2
65             76             77         2 0.499294678      1          0
66              0              0         0 0.000000000     -1          2
67             78             79         1 0.706976427      1          0
68             80             81         1 0.714370144      1          0
69             82             83         2 0.805473115      1          0
70              0              0         0 0.000000000     -1          1
71              0              0         0 0.000000000     -1          1
72              0              0         0 0.000000000     -1          1
73              0              0         0 0.000000000     -1          1
74              0              0         0 0.000000000     -1          2
75             84             85         2 0.083706959      1          0
76             86             87         2 0.368425572      1          0
77             88             89         2 0.727436578      1          0
78              0              0         0 0.000000000     -1          1
79             90             91         2 0.283752279      1          0
80              0              0         0 0.000000000     -1          2
81             92             93         1 0.864661902      1          0
82              0              0         0 0.000000000     -1          2
83             94             95         1 0.748639816      1          0
84              0              0         0 0.000000000     -1          2
85             96             97         2 0.129003028      1          0
86             98             99         1 0.500654104      1          0
87            100            101         2 0.400780534      1          0
88            102            103         1 0.495603653      1          0
89            104            105         2 0.861187694      1          0
90              0              0         0 0.000000000     -1          2
91              0              0         0 0.000000000     -1          2
92              0              0         0 0.000000000     -1          1
93            106            107         2 0.644810155      1          0
94              0              0         0 0.000000000     -1          1
95            108            109         1 0.870625988      1          0
96            110            111         1 0.642531286      1          0
97            112            113         1 0.846872028      1          0
98            114            115         1 0.244308700      1          0
99              0              0         0 0.000000000     -1          2
100             0              0         0 0.000000000     -1          1
101           116            117         1 0.517288539      1          0
102           118            119         2 0.703380486      1          0
103             0              0         0 0.000000000     -1          1
104           120            121         1 0.507463319      1          0
105           122            123         2 0.898305114      1          0
106             0              0         0 0.000000000     -1          1
107             0              0         0 0.000000000     -1          1
108             0              0         0 0.000000000     -1          1
109           124            125         2 0.975454422      1          0
110             0              0         0 0.000000000     -1          1
111             0              0         0 0.000000000     -1          2
112             0              0         0 0.000000000     -1          2
113             0              0         0 0.000000000     -1          2
114           126            127         1 0.240045707      1          0
115             0              0         0 0.000000000     -1          1
116             0              0         0 0.000000000     -1          1
117             0              0         0 0.000000000     -1          2
118             0              0         0 0.000000000     -1          2
119             0              0         0 0.000000000     -1          2
120             0              0         0 0.000000000     -1          2
121             0              0         0 0.000000000     -1          2
122             0              0         0 0.000000000     -1          1
123             0              0         0 0.000000000     -1          2
124             0              0         0 0.000000000     -1          1
125             0              0         0 0.000000000     -1          1
126             0              0         0 0.000000000     -1          1
127             0              0         0 0.000000000     -1          2
