    left daughter right daughter split var split point status prediction
1               2              3         1 0.013965098      1          0
2               0              0         0 0.000000000     -1          2
3               4              5         1 0.038305523      1          0
4               6              7         2 0.636067994      1          0
5               8              9         2 0.844100187      1          0
6              10             11         1 0.021232317      1          0
7               0              0         0 0.000000000     -1          2
8              12             13         1 0.356845119      1          0
9              14             15         1 0.435432712      1          0
10              0              0         0 0.000000000     -1          1
11              0              0         0 0.000000000     -1          1
12             16             17         2 0.503949743      1          0
13             18             19         2 0.498873234      1          0
14             20             21         2 0.898305114      1          0
15             22             23         2 0.875477070      1          0
16             24             25         2 0.365196517      1          0
17             26             27         1 0.291303214      1          0
18             28             29         1 0.500700835      1          0
19             30             31         1 0.499174344      1          0
20              0              0         0 0.000000000     -1          2
21              0              0         0 0.000000000     -1          2
22              0              0         0 0.000000000     -1          1
23             32             33         1 0.498715885      1          0
24             34             35         2 0.353353533      1          0
25              0              0         0 0.000000000     -1          1
26             36             37         1 0.085589825      1          0
27             38             39         2 0.674517351      1          0
28             40             41         1 0.379774729      1          0
29             42             43         2 0.001263054      1          0
30             44             45         2 0.710821866      1          0
31             46             47         1 0.690314449      1          0
32              0              0         0 0.000000000     -1          1
33             48             49         2 0.886912758      1          0
34             50             51         2 0.199054339      1          0
35              0              0         0 0.000000000     -1          2
36             52             53         1 0.081619818      1          0
37              0              0         0 0.000000000     -1          2
38              0              0         0 0.000000000     -1          2
39              0              0         0 0.000000000     -1          1
40              0              0         0 0.000000000     -1          2
41             54             55         1 0.483891278      1          0
42              0              0         0 0.000000000     -1          1
43             56             57         2 0.354978817      1          0
44             58             59         1 0.451495399      1          0
45              0              0         0 0.000000000     -1          2
46             60             61         2 0.818507022      1          0
47             62             63         1 0.702609515      1          0
48              0              0         0 0.000000000     -1          1
49             64             65         2 0.976408865      1          0
50             66             67         1 0.141784081      1          0
51              0              0         0 0.000000000     -1          1
52             68             69         2 0.825756211      1          0
53              0              0         0 0.000000000     -1          1
54             70             71         1 0.480856517      1          0
55              0              0         0 0.000000000     -1          1
56             72             73         1 0.741688864      1          0
57             74             75         2 0.363921425      1          0
58             76             77         1 0.416436365      1          0
59              0              0         0 0.000000000     -1          1
60             78             79         2 0.726420063      1          0
61              0              0         0 0.000000000     -1          1
62              0              0         0 0.000000000     -1          2
63             80             81         2 0.670613945      1          0
64             82             83         2 0.935288262      1          0
65             84             85         1 0.885006796      1          0
66              0              0         0 0.000000000     -1          1
67             86             87         2 0.187026599      1          0
68              0              0         0 0.000000000     -1          2
69              0              0         0 0.000000000     -1          1
70             88             89         1 0.465145262      1          0
71              0              0         0 0.000000000     -1          2
72             90             91         2 0.065523540      1          0
73             92             93         2 0.085402511      1          0
74              0              0         0 0.000000000     -1          1
75             94             95         1 0.950022636      1          0
76              0              0         0 0.000000000     -1          2
77              0              0         0 0.000000000     -1          2
78              0              0         0 0.000000000     -1          1
79              0              0         0 0.000000000     -1          1
80             96             97         1 0.892740508      1          0
81             98             99         2 0.678538323      1          0
82            100            101         2 0.926699103      1          0
83              0              0         0 0.000000000     -1          1
84            102            103         1 0.744563976      1          0
85              0              0         0 0.000000000     -1          2
86            104            105         2 0.062136736      1          0
87              0              0         0 0.000000000     -1          2
88            106            107         1 0.462050047      1          0
89              0              0         0 0.000000000     -1          1
90              0              0         0 0.000000000     -1          2
91            108            109         2 0.124090348      1          0
92            110            111         1 0.891649662      1          0
93              0              0         0 0.000000000     -1          2
94            112            113         2 0.410600265      1          0
95              0              0         0 0.000000000     -1          2
96              0              0         0 0.000000000     -1          1
97            114            115         2 0.583325802      1          0
98              0              0         0 0.000000000     -1          2
99            116            117         2 0.775655865      1          0
100           118            119         2 0.902769288      1          0
101             0              0         0 0.000000000     -1          2
102             0              0         0 0.000000000     -1          1
103             0              0         0 0.000000000     -1          1
104             0              0         0 0.000000000     -1          1
105             0              0         0 0.000000000     -1          1
106           120            121         1 0.401966568      1          0
107             0              0         0 0.000000000     -1          2
108             0              0         0 0.000000000     -1          2
109           122            123         2 0.129003028      1          0
110             0              0         0 0.000000000     -1          2
111             0              0         0 0.000000000     -1          2
112           124            125         2 0.408033209      1          0
113             0              0         0 0.000000000     -1          2
114             0              0         0 0.000000000     -1          1
115             0              0         0 0.000000000     -1          1
116             0              0         0 0.000000000     -1          1
117             0              0         0 0.000000000     -1          1
118             0              0         0 0.000000000     -1          1
119             0              0         0 0.000000000     -1          1
120             0              0         0 0.000000000     -1          1
121           126            127         1 0.429695244      1          0
122             0              0         0 0.000000000     -1          1
123             0              0         0 0.000000000     -1          2
124             0              0         0 0.000000000     -1          2
125             0              0         0 0.000000000     -1          1
126             0              0         0 0.000000000     -1          1
127             0              0         0 0.000000000     -1          1
