    left daughter right daughter split var split point status prediction
1               2              3         2 0.693375765      1          0
2               4              5         2 0.582430421      1          0
3               6              7         1 0.501902845      1          0
4               8              9         1 0.500117756      1          0
5              10             11         2 0.613484141      1          0
6              12             13         1 0.319604373      1          0
7              14             15         2 0.974351896      1          0
8              16             17         1 0.025233635      1          0
9              18             19         1 0.616643372      1          0
10             20             21         1 0.555815096      1          0
11             22             23         1 0.525364898      1          0
12             24             25         2 0.699470327      1          0
13             26             27         1 0.453229936      1          0
14             28             29         2 0.777255530      1          0
15             30             31         1 0.885006796      1          0
16              0              0         0 0.000000000     -1          1
17             32             33         1 0.208543554      1          0
18             34             35         2 0.529812689      1          0
19             36             37         1 0.956104032      1          0
20              0              0         0 0.000000000     -1          2
21              0              0         0 0.000000000     -1          1
22             38             39         2 0.632335424      1          0
23             40             41         2 0.639168200      1          0
24              0              0         0 0.000000000     -1          1
25             42             43         2 0.752115056      1          0
26             44             45         2 0.799274231      1          0
27             46             47         2 0.713829704      1          0
28             48             49         2 0.718716532      1          0
29             50             51         1 0.720233983      1          0
30              0              0         0 0.000000000     -1          1
31              0              0         0 0.000000000     -1          2
32             52             53         1 0.164231720      1          0
33             54             55         1 0.304972181      1          0
34             56             57         1 0.568904368      1          0
35              0              0         0 0.000000000     -1          1
36             58             59         2 0.498900217      1          0
37             60             61         1 0.985301316      1          0
38              0              0         0 0.000000000     -1          2
39              0              0         0 0.000000000     -1          2
40              0              0         0 0.000000000     -1          1
41              0              0         0 0.000000000     -1          1
42             62             63         1 0.176797653      1          0
43             64             65         1 0.301405578      1          0
44              0              0         0 0.000000000     -1          2
45              0              0         0 0.000000000     -1          2
46              0              0         0 0.000000000     -1          1
47             66             67         1 0.460029247      1          0
48             68             69         2 0.717636989      1          0
49              0              0         0 0.000000000     -1          1
50             70             71         1 0.559627204      1          0
51             72             73         1 0.756643649      1          0
52             74             75         2 0.520743100      1          0
53              0              0         0 0.000000000     -1          1
54             76             77         2 0.444392153      1          0
55             78             79         2 0.463420298      1          0
56              0              0         0 0.000000000     -1          2
57             80             81         1 0.570376568      1          0
58             82             83         2 0.001263054      1          0
59              0              0         0 0.000000000     -1          1
60             84             85         1 0.970130063      1          0
61              0              0         0 0.000000000     -1          2
62              0              0         0 0.000000000     -1          2
63              0              0         0 0.000000000     -1          1
64             86             87         2 0.826732504      1          0
65              0              0         0 0.000000000     -1          1
66              0              0         0 0.000000000     -1          2
67              0              0         0 0.000000000     -1          2
68              0              0         0 0.000000000     -1          1
69              0              0         0 0.000000000     -1          2
70              0              0         0 0.000000000     -1          1
71              0              0         0 0.000000000     -1          1
72              0              0         0 0.000000000     -1          2
73             88             89         2 0.803751998      1          0
74             90             91         2 0.270400365      1          0
75              0              0         0 0.000000000     -1          2
76             92             93         2 0.312040070      1          0
77              0              0         0 0.000000000     -1          2
78             94             95         1 0.429695244      1          0
79             96             97         1 0.453011834      1          0
80              0              0         0 0.000000000     -1          1
81             98             99         2 0.262535262      1          0
82              0              0         0 0.000000000     -1          1
83            100            101         2 0.409383396      1          0
84              0              0         0 0.000000000     -1          2
85              0              0         0 0.000000000     -1          2
86              0              0         0 0.000000000     -1          2
87            102            103         1 0.083799903      1          0
88              0              0         0 0.000000000     -1          2
89            104            105         2 0.887980078      1          0
90            106            107         1 0.147497497      1          0
91              0              0         0 0.000000000     -1          1
92            108            109         1 0.293353585      1          0
93            110            111         2 0.405011363      1          0
94            112            113         1 0.399997723      1          0
95            114            115         1 0.440592240      1          0
96              0              0         0 0.000000000     -1          2
97              0              0         0 0.000000000     -1          1
98              0              0         0 0.000000000     -1          2
99              0              0         0 0.000000000     -1          2
100           116            117         1 0.704245220      1          0
101             0              0         0 0.000000000     -1          2
102             0              0         0 0.000000000     -1          2
103           118            119         1 0.256365076      1          0
104           120            121         2 0.877860258      1          0
105             0              0         0 0.000000000     -1          1
106             0              0         0 0.000000000     -1          1
107             0              0         0 0.000000000     -1          2
108           122            123         2 0.181881491      1          0
109             0              0         0 0.000000000     -1          2
110             0              0         0 0.000000000     -1          2
111             0              0         0 0.000000000     -1          1
112             0              0         0 0.000000000     -1          1
113             0              0         0 0.000000000     -1          1
114             0              0         0 0.000000000     -1          2
115           124            125         1 0.486893875      1          0
116           126            127         2 0.391678902      1          0
117             0              0         0 0.000000000     -1          2
118             0              0         0 0.000000000     -1          2
119             0              0         0 0.000000000     -1          2
120             0              0         0 0.000000000     -1          1
121             0              0         0 0.000000000     -1          2
122             0              0         0 0.000000000     -1          1
123             0              0         0 0.000000000     -1          1
124             0              0         0 0.000000000     -1          1
125             0              0         0 0.000000000     -1          1
126             0              0         0 0.000000000     -1          2
127             0              0         0 0.000000000     -1          1
