    left daughter right daughter split var split point status prediction
1               2              3         2  0.01873536      1          0
2               0              0         0  0.00000000     -1          2
3               4              5         2  0.84160956      1          0
4               6              7         2  0.79643868      1          0
5               8              9         2  0.92528736      1          0
6              10             11         2  0.79451799      1          0
7              12             13         1  0.50954839      1          0
8              14             15         2  0.91012420      1          0
9              16             17         2  0.98044253      1          0
10             18             19         1  0.95093255      1          0
11              0              0         0  0.00000000     -1          1
12              0              0         0  0.00000000     -1          2
13              0              0         0  0.00000000     -1          1
14             20             21         2  0.89935103      1          0
15             22             23         2  0.92271670      1          0
16             24             25         2  0.93218593      1          0
17              0              0         0  0.00000000     -1          1
18             26             27         2  0.03357696      1          0
19             28             29         2  0.35384115      1          0
20             30             31         1  0.47641132      1          0
21              0              0         0  0.00000000     -1          2
22              0              0         0  0.00000000     -1          1
23              0              0         0  0.00000000     -1          1
24              0              0         0  0.00000000     -1          2
25             32             33         2  0.93915637      1          0
26              0              0         0  0.00000000     -1          1
27             34             35         1  0.01769879      1          0
28              0              0         0  0.00000000     -1          2
29              0              0         0  0.00000000     -1          1
30              0              0         0  0.00000000     -1          2
31             36             37         2  0.88385398      1          0
32              0              0         0  0.00000000     -1          1
33             38             39         1  0.45299617      1          0
34              0              0         0  0.00000000     -1          1
35             40             41         1  0.03273265      1          0
36              0              0         0  0.00000000     -1          1
37              0              0         0  0.00000000     -1          1
38              0              0         0  0.00000000     -1          2
39              0              0         0  0.00000000     -1          1
40              0              0         0  0.00000000     -1          2
41             42             43         2  0.04079746      1          0
42              0              0         0  0.00000000     -1          2
43             44             45         2  0.39863822      1          0
44             46             47         1  0.50090125      1          0
45             48             49         1  0.49851568      1          0
46             50             51         2  0.06080792      1          0
47             52             53         2  0.38310781      1          0
48             54             55         2  0.50099221      1          0
49             56             57         1  0.79212490      1          0
50              0              0         0  0.00000000     -1          1
51             58             59         1  0.24430870      1          0
52             60             61         1  0.83378676      1          0
53              0              0         0  0.00000000     -1          1
54             62             63         2  0.44536369      1          0
55             64             65         1  0.45045425      1          0
56             66             67         2  0.49887323      1          0
57             68             69         1  0.93084098      1          0
58             70             71         1  0.24088527      1          0
59             72             73         1  0.42969850      1          0
60             74             75         1  0.74869051      1          0
61             76             77         1  0.84650308      1          0
62              0              0         0  0.00000000     -1          1
63              0              0         0  0.00000000     -1          1
64             78             79         2  0.71756407      1          0
65              0              0         0  0.00000000     -1          2
66             80             81         2  0.44894540      1          0
67             82             83         1  0.69341060      1          0
68             84             85         2  0.48667188      1          0
69              0              0         0  0.00000000     -1          2
70             86             87         2  0.25188028      1          0
71              0              0         0  0.00000000     -1          2
72              0              0         0  0.00000000     -1          1
73             88             89         1  0.44059224      1          0
74             90             91         1  0.73204279      1          0
75              0              0         0  0.00000000     -1          2
76              0              0         0  0.00000000     -1          1
77             92             93         1  0.93536401      1          0
78             94             95         1  0.08478781      1          0
79              0              0         0  0.00000000     -1          2
80              0              0         0  0.00000000     -1          2
81              0              0         0  0.00000000     -1          2
82             96             97         1  0.59448468      1          0
83             98             99         2  0.67309163      1          0
84              0              0         0  0.00000000     -1          2
85            100            101         2  0.77565586      1          0
86              0              0         0  0.00000000     -1          1
87            102            103         2  0.25748055      1          0
88              0              0         0  0.00000000     -1          2
89              0              0         0  0.00000000     -1          1
90            104            105         1  0.55940806      1          0
91              0              0         0  0.00000000     -1          1
92            106            107         1  0.92722777      1          0
93              0              0         0  0.00000000     -1          2
94              0              0         0  0.00000000     -1          2
95            108            109         2  0.71398704      1          0
96            110            111         2  0.72364881      1          0
97              0              0         0  0.00000000     -1          1
98              0              0         0  0.00000000     -1          1
99              0              0         0  0.00000000     -1          1
100           112            113         1  0.82143701      1          0
101             0              0         0  0.00000000     -1          2
102             0              0         0  0.00000000     -1          2
103           114            115         1  0.21730776      1          0
104             0              0         0  0.00000000     -1          2
105           116            117         2  0.13523472      1          0
106           118            119         2  0.08897422      1          0
107             0              0         0  0.00000000     -1          1
108           120            121         1  0.18694494      1          0
109             0              0         0  0.00000000     -1          1
110             0              0         0  0.00000000     -1          1
111             0              0         0  0.00000000     -1          1
112             0              0         0  0.00000000     -1          1
113           122            123         2  0.59298261      1          0
114             0              0         0  0.00000000     -1          1
115             0              0         0  0.00000000     -1          1
116           124            125         1  0.58908173      1          0
117           126            127         2  0.33969552      1          0
118             0              0         0  0.00000000     -1          1
119             0              0         0  0.00000000     -1          2
120             0              0         0  0.00000000     -1          2
121             0              0         0  0.00000000     -1          2
122             0              0         0  0.00000000     -1          1
123             0              0         0  0.00000000     -1          1
124             0              0         0  0.00000000     -1          1
125             0              0         0  0.00000000     -1          2
126             0              0         0  0.00000000     -1          2
127             0              0         0  0.00000000     -1          2
