   left daughter right daughter split var split point status prediction
1              2              3         2 0.083410784      1          0
2              4              5         2 0.005315672      1          0
3              6              7         1 0.990489383      1          0
4              0              0         0 0.000000000     -1          1
5              8              9         2 0.075484871      1          0
6             10             11         2 0.986420092      1          0
7              0              0         0 0.000000000     -1          2
8             12             13         1 0.481182640      1          0
9              0              0         0 0.000000000     -1          2
10            14             15         2 0.979406625      1          0
11             0              0         0 0.000000000     -1          1
12            16             17         2 0.015579560      1          0
13            18             19         2 0.032860675      1          0
14            20             21         2 0.276172971      1          0
15             0              0         0 0.000000000     -1          2
16             0              0         0 0.000000000     -1          2
17             0              0         0 0.000000000     -1          1
18             0              0         0 0.000000000     -1          2
19            22             23         1 0.854635356      1          0
20            24             25         2 0.235916768      1          0
21            26             27         1 0.547899665      1          0
22            28             29         2 0.034052754      1          0
23             0              0         0 0.000000000     -1          2
24            30             31         1 0.502593506      1          0
25            32             33         2 0.267049260      1          0
26            34             35         2 0.497393012      1          0
27            36             37         2 0.499976348      1          0
28             0              0         0 0.000000000     -1          1
29            38             39         1 0.667082703      1          0
30            40             41         2 0.119462140      1          0
31            42             43         1 0.647346242      1          0
32            44             45         1 0.528030045      1          0
33             0              0         0 0.000000000     -1          1
34            46             47         1 0.476577593      1          0
35            48             49         1 0.500412122      1          0
36            50             51         2 0.300340039      1          0
37            52             53         1 0.942745111      1          0
38             0              0         0 0.000000000     -1          2
39             0              0         0 0.000000000     -1          2
40            54             55         2 0.104111485      1          0
41            56             57         2 0.129239807      1          0
42             0              0         0 0.000000000     -1          2
43            58             59         1 0.671908933      1          0
44             0              0         0 0.000000000     -1          1
45             0              0         0 0.000000000     -1          2
46            60             61         1 0.170811401      1          0
47             0              0         0 0.000000000     -1          2
48            62             63         1 0.358985106      1          0
49             0              0         0 0.000000000     -1          1
50             0              0         0 0.000000000     -1          2
51             0              0         0 0.000000000     -1          2
52             0              0         0 0.000000000     -1          1
53             0              0         0 0.000000000     -1          1
54             0              0         0 0.000000000     -1          1
55             0              0         0 0.000000000     -1          1
56             0              0         0 0.000000000     -1          2
57             0              0         0 0.000000000     -1          1
58             0              0         0 0.000000000     -1          1
59             0              0         0 0.000000000     -1          2
60             0              0         0 0.000000000     -1          1
61             0              0         0 0.000000000     -1          1
62             0              0         0 0.000000000     -1          2
63             0              0         0 0.000000000     -1          2
