   left daughter right daughter split var split point status prediction
1              2              3         1 0.990510107      1          0
2              4              5         1 0.016379066      1          0
3              0              0         0 0.000000000     -1          2
4              6              7         1 0.005231506      1          0
5              8              9         2 0.172290516      1          0
6              0              0         0 0.000000000     -1          2
7              0              0         0 0.000000000     -1          1
8             10             11         1 0.501265832      1          0
9             12             13         1 0.535905149      1          0
10            14             15         1 0.384334175      1          0
11            16             17         2 0.081935475      1          0
12            18             19         2 0.499912109      1          0
13            20             21         1 0.739990722      1          0
14            22             23         1 0.273962001      1          0
15             0              0         0 0.000000000     -1          1
16             0              0         0 0.000000000     -1          2
17            24             25         1 0.909563694      1          0
18            26             27         1 0.495741541      1          0
19            28             29         2 0.805688481      1          0
20            30             31         2 0.495891595      1          0
21            32             33         1 0.787052125      1          0
22            34             35         2 0.170098727      1          0
23             0              0         0 0.000000000     -1          2
24            36             37         2 0.087154084      1          0
25             0              0         0 0.000000000     -1          2
26            38             39         2 0.228324297      1          0
27             0              0         0 0.000000000     -1          2
28            40             41         1 0.500085101      1          0
29            42             43         2 0.954570815      1          0
30            44             45         1 0.552382374      1          0
31            46             47         2 0.636986611      1          0
32            48             49         2 0.434747846      1          0
33            50             51         2 0.499998477      1          0
34            52             53         1 0.124217763      1          0
35             0              0         0 0.000000000     -1          2
36             0              0         0 0.000000000     -1          1
37            54             55         2 0.130134279      1          0
38            56             57         2 0.224940795      1          0
39            58             59         2 0.372160904      1          0
40            60             61         1 0.217526737      1          0
41             0              0         0 0.000000000     -1          1
42            62             63         2 0.810641907      1          0
43             0              0         0 0.000000000     -1          2
44             0              0         0 0.000000000     -1          2
45             0              0         0 0.000000000     -1          2
46             0              0         0 0.000000000     -1          1
47             0              0         0 0.000000000     -1          1
48             0              0         0 0.000000000     -1          2
49             0              0         0 0.000000000     -1          1
50             0              0         0 0.000000000     -1          2
51             0              0         0 0.000000000     -1          1
52             0              0         0 0.000000000     -1          1
53             0              0         0 0.000000000     -1          1
54             0              0         0 0.000000000     -1          2
55             0              0         0 0.000000000     -1          2
56             0              0         0 0.000000000     -1          1
57             0              0         0 0.000000000     -1          2
58             0              0         0 0.000000000     -1          1
59             0              0         0 0.000000000     -1          1
60             0              0         0 0.000000000     -1          2
61             0              0         0 0.000000000     -1          2
62             0              0         0 0.000000000     -1          1
63             0              0         0 0.000000000     -1          2
