   left daughter right daughter split var split point status prediction
1              2              3         1  0.29693157      1          0
2              4              5         2  0.49990582      1          0
3              6              7         1  0.31210992      1          0
4              8              9         1  0.17899812      1          0
5             10             11         1  0.17066768      1          0
6             12             13         1  0.30432253      1          0
7             14             15         1  0.37799851      1          0
8             16             17         2  0.40103072      1          0
9             18             19         1  0.27696663      1          0
10            20             21         2  0.82751060      1          0
11            22             23         1  0.18793155      1          0
12             0              0         0  0.00000000     -1          2
13             0              0         0  0.00000000     -1          2
14            24             25         1  0.31744604      1          0
15            26             27         1  0.52457715      1          0
16            28             29         2  0.39467239      1          0
17            30             31         1  0.04115093      1          0
18            32             33         2  0.01882235      1          0
19            34             35         1  0.28316290      1          0
20            36             37         2  0.81688007      1          0
21             0              0         0  0.00000000     -1          2
22             0              0         0  0.00000000     -1          1
23            38             39         2  0.54028831      1          0
24             0              0         0  0.00000000     -1          2
25            40             41         1  0.32817602      1          0
26            42             43         1  0.41917137      1          0
27            44             45         2  0.49706727      1          0
28            46             47         1  0.15242744      1          0
29             0              0         0  0.00000000     -1          2
30             0              0         0  0.00000000     -1          1
31             0              0         0  0.00000000     -1          1
32             0              0         0  0.00000000     -1          2
33             0              0         0  0.00000000     -1          1
34             0              0         0  0.00000000     -1          2
35             0              0         0  0.00000000     -1          1
36            48             49         1  0.04987713      1          0
37             0              0         0  0.00000000     -1          1
38             0              0         0  0.00000000     -1          2
39            50             51         1  0.28786134      1          0
40             0              0         0  0.00000000     -1          1
41            52             53         2  0.70671343      1          0
42            54             55         2  0.46975802      1          0
43            56             57         2  0.50695510      1          0
44            58             59         1  0.90956369      1          0
45            60             61         2  0.61057330      1          0
46            62             63         1  0.02027594      1          0
47             0              0         0  0.00000000     -1          2
48             0              0         0  0.00000000     -1          2
49             0              0         0  0.00000000     -1          2
50             0              0         0  0.00000000     -1          2
51             0              0         0  0.00000000     -1          2
52             0              0         0  0.00000000     -1          1
53             0              0         0  0.00000000     -1          2
54             0              0         0  0.00000000     -1          1
55             0              0         0  0.00000000     -1          2
56             0              0         0  0.00000000     -1          2
57             0              0         0  0.00000000     -1          2
58             0              0         0  0.00000000     -1          2
59             0              0         0  0.00000000     -1          2
60             0              0         0  0.00000000     -1          1
61             0              0         0  0.00000000     -1          1
62             0              0         0  0.00000000     -1          1
63             0              0         0  0.00000000     -1          1
