   left daughter right daughter split var split point status prediction
1              2              3         1 0.016379066      1          0
2              4              5         1 0.005231506      1          0
3              6              7         2 0.152562062      1          0
4              0              0         0 0.000000000     -1          2
5              0              0         0 0.000000000     -1          1
6              8              9         2 0.003039413      1          0
7             10             11         2 0.170242369      1          0
8              0              0         0 0.000000000     -1          1
9             12             13         2 0.131529398      1          0
10            14             15         1 0.580043197      1          0
11            16             17         2 0.697163746      1          0
12            18             19         1 0.495136978      1          0
13            20             21         2 0.132186891      1          0
14             0              0         0 0.000000000     -1          1
15             0              0         0 0.000000000     -1          2
16            22             23         2 0.555897902      1          0
17            24             25         1 0.500412122      1          0
18            26             27         1 0.023018706      1          0
19            28             29         2 0.125720684      1          0
20             0              0         0 0.000000000     -1          2
21            30             31         1 0.272679322      1          0
22            32             33         1 0.507371220      1          0
23            34             35         1 0.521354589      1          0
24            36             37         1 0.231193077      1          0
25            38             39         2 0.872232477      1          0
26             0              0         0 0.000000000     -1          2
27            40             41         1 0.283846242      1          0
28            42             43         1 0.673303306      1          0
29             0              0         0 0.000000000     -1          1
30             0              0         0 0.000000000     -1          1
31             0              0         0 0.000000000     -1          2
32            44             45         1 0.050241825      1          0
33            46             47         2 0.499751974      1          0
34            48             49         1 0.311371255      1          0
35            50             51         2 0.633460828      1          0
36            52             53         2 0.703282847      1          0
37            54             55         2 0.804174458      1          0
38            56             57         1 0.823792365      1          0
39            58             59         2 0.900096786      1          0
40            60             61         2 0.113976613      1          0
41             0              0         0 0.000000000     -1          1
42             0              0         0 0.000000000     -1          2
43            62             63         2 0.087154084      1          0
44             0              0         0 0.000000000     -1          1
45             0              0         0 0.000000000     -1          1
46             0              0         0 0.000000000     -1          2
47             0              0         0 0.000000000     -1          1
48             0              0         0 0.000000000     -1          2
49             0              0         0 0.000000000     -1          2
50             0              0         0 0.000000000     -1          1
51             0              0         0 0.000000000     -1          1
52             0              0         0 0.000000000     -1          1
53             0              0         0 0.000000000     -1          2
54             0              0         0 0.000000000     -1          2
55             0              0         0 0.000000000     -1          2
56             0              0         0 0.000000000     -1          1
57             0              0         0 0.000000000     -1          1
58             0              0         0 0.000000000     -1          2
59             0              0         0 0.000000000     -1          1
60             0              0         0 0.000000000     -1          1
61             0              0         0 0.000000000     -1          2
62             0              0         0 0.000000000     -1          2
63             0              0         0 0.000000000     -1          2
