   left daughter right daughter split var split point status prediction
1              2              3         2 0.083356708      1          0
2              4              5         2 0.025426504      1          0
3              6              7         2 0.090244383      1          0
4              8              9         2 0.012676168      1          0
5             10             11         2 0.057616809      1          0
6              0              0         0 0.000000000     -1          1
7             12             13         2 0.394591059      1          0
8              0              0         0 0.000000000     -1          1
9              0              0         0 0.000000000     -1          1
10            14             15         1 0.466253089      1          0
11            16             17         2 0.060084885      1          0
12            18             19         2 0.383452706      1          0
13            20             21         1 0.500412122      1          0
14             0              0         0 0.000000000     -1          1
15            22             23         2 0.038872519      1          0
16             0              0         0 0.000000000     -1          1
17            24             25         2 0.064428991      1          0
18            26             27         2 0.098704657      1          0
19             0              0         0 0.000000000     -1          1
20            28             29         2 0.497393012      1          0
21            30             31         2 0.499751974      1          0
22            32             33         1 0.714993968      1          0
23             0              0         0 0.000000000     -1          2
24             0              0         0 0.000000000     -1          2
25            34             35         1 0.491339553      1          0
26             0              0         0 0.000000000     -1          2
27            36             37         1 0.495741541      1          0
28            38             39         2 0.398124108      1          0
29            40             41         1 0.002725802      1          0
30            42             43         2 0.457067437      1          0
31            44             45         2 0.537046565      1          0
32             0              0         0 0.000000000     -1          2
33             0              0         0 0.000000000     -1          2
34             0              0         0 0.000000000     -1          2
35             0              0         0 0.000000000     -1          2
36            46             47         2 0.372856967      1          0
37            48             49         2 0.297458661      1          0
38             0              0         0 0.000000000     -1          2
39            50             51         2 0.450733416      1          0
40             0              0         0 0.000000000     -1          1
41            52             53         1 0.287861335      1          0
42             0              0         0 0.000000000     -1          2
43            54             55         1 0.858250056      1          0
44            56             57         2 0.522669252      1          0
45            58             59         2 0.537557954      1          0
46            60             61         2 0.262336093      1          0
47             0              0         0 0.000000000     -1          2
48            62             63         2 0.292162352      1          0
49             0              0         0 0.000000000     -1          2
50             0              0         0 0.000000000     -1          1
51             0              0         0 0.000000000     -1          1
52             0              0         0 0.000000000     -1          2
53             0              0         0 0.000000000     -1          2
54             0              0         0 0.000000000     -1          2
55             0              0         0 0.000000000     -1          2
56             0              0         0 0.000000000     -1          1
57             0              0         0 0.000000000     -1          1
58             0              0         0 0.000000000     -1          2
59             0              0         0 0.000000000     -1          1
60             0              0         0 0.000000000     -1          1
61             0              0         0 0.000000000     -1          1
62             0              0         0 0.000000000     -1          2
63             0              0         0 0.000000000     -1          1
