   left daughter right daughter split var split point status prediction
1              2              3         1  0.25482346      1          0
2              4              5         1  0.23682073      1          0
3              6              7         1  0.25951140      1          0
4              8              9         2  0.48684194      1          0
5             10             11         1  0.25411489      1          0
6              0              0         0  0.00000000     -1          2
7             12             13         2  0.49684289      1          0
8             14             15         2  0.01882235      1          0
9             16             17         1  0.16936942      1          0
10            18             19         2  0.49462996      1          0
11             0              0         0  0.00000000     -1          1
12            20             21         1  0.49598402      1          0
13            22             23         2  0.87346672      1          0
14             0              0         0  0.00000000     -1          1
15            24             25         2  0.11397661      1          0
16            26             27         1  0.02043470      1          0
17            28             29         2  0.50040411      1          0
18             0              0         0  0.00000000     -1          1
19             0              0         0  0.00000000     -1          2
20            30             31         2  0.07879408      1          0
21            32             33         2  0.31653987      1          0
22            34             35         2  0.60706753      1          0
23            36             37         2  0.89924895      1          0
24             0              0         0  0.00000000     -1          1
25            38             39         1  0.12714691      1          0
26             0              0         0  0.00000000     -1          2
27            40             41         2  0.96970498      1          0
28             0              0         0  0.00000000     -1          1
29            42             43         2  0.95323368      1          0
30             0              0         0  0.00000000     -1          1
31            44             45         2  0.22913636      1          0
32            46             47         2  0.26587994      1          0
33            48             49         1  0.85251517      1          0
34            50             51         2  0.58675076      1          0
35            52             53         1  0.51575106      1          0
36            54             55         2  0.88128267      1          0
37            56             57         2  0.92373242      1          0
38            58             59         2  0.42945585      1          0
39            60             61         1  0.13482385      1          0
40            62             63         2  0.75733294      1          0
41             0              0         0  0.00000000     -1          1
42             0              0         0  0.00000000     -1          2
43             0              0         0  0.00000000     -1          1
44             0              0         0  0.00000000     -1          1
45             0              0         0  0.00000000     -1          1
46             0              0         0  0.00000000     -1          2
47             0              0         0  0.00000000     -1          2
48             0              0         0  0.00000000     -1          2
49             0              0         0  0.00000000     -1          2
50             0              0         0  0.00000000     -1          1
51             0              0         0  0.00000000     -1          2
52             0              0         0  0.00000000     -1          2
53             0              0         0  0.00000000     -1          1
54             0              0         0  0.00000000     -1          2
55             0              0         0  0.00000000     -1          2
56             0              0         0  0.00000000     -1          1
57             0              0         0  0.00000000     -1          1
58             0              0         0  0.00000000     -1          1
59             0              0         0  0.00000000     -1          1
60             0              0         0  0.00000000     -1          2
61             0              0         0  0.00000000     -1          1
62             0              0         0  0.00000000     -1          2
63             0              0         0  0.00000000     -1          2
