   left daughter right daughter split var split point status prediction
1              2              3         2 0.984961323      1          0
2              4              5         1 0.419171374      1          0
3              0              0         0 0.000000000     -1          1
4              6              7         2 0.486841938      1          0
5              8              9         2 0.500142573      1          0
6             10             11         1 0.042426828      1          0
7             12             13         2 0.905858456      1          0
8             14             15         1 0.495374043      1          0
9             16             17         2 0.962015977      1          0
10            18             19         2 0.429455853      1          0
11            20             21         1 0.069733306      1          0
12            22             23         1 0.170667677      1          0
13            24             25         1 0.008546924      1          0
14             0              0         0 0.000000000     -1          1
15            26             27         1 0.813181217      1          0
16            28             29         1 0.500577774      1          0
17             0              0         0 0.000000000     -1          2
18            30             31         2 0.264657905      1          0
19             0              0         0 0.000000000     -1          2
20             0              0         0 0.000000000     -1          1
21            32             33         2 0.351190050      1          0
22            34             35         1 0.108390219      1          0
23            36             37         2 0.897876668      1          0
24             0              0         0 0.000000000     -1          1
25            38             39         2 0.953233677      1          0
26            40             41         2 0.272237335      1          0
27            42             43         2 0.302496551      1          0
28            44             45         2 0.744638943      1          0
29            46             47         2 0.881282665      1          0
30             0              0         0 0.000000000     -1          1
31             0              0         0 0.000000000     -1          1
32            48             49         2 0.347541900      1          0
33            50             51         2 0.377337753      1          0
34            52             53         2 0.747816448      1          0
35             0              0         0 0.000000000     -1          2
36            54             55         2 0.670531825      1          0
37             0              0         0 0.000000000     -1          1
38             0              0         0 0.000000000     -1          2
39            56             57         2 0.954570815      1          0
40            58             59         1 0.558749794      1          0
41             0              0         0 0.000000000     -1          2
42            60             61         2 0.109880705      1          0
43            62             63         2 0.455692925      1          0
44             0              0         0 0.000000000     -1          2
45             0              0         0 0.000000000     -1          2
46             0              0         0 0.000000000     -1          1
47             0              0         0 0.000000000     -1          1
48             0              0         0 0.000000000     -1          1
49             0              0         0 0.000000000     -1          2
50             0              0         0 0.000000000     -1          1
51             0              0         0 0.000000000     -1          1
52             0              0         0 0.000000000     -1          2
53             0              0         0 0.000000000     -1          2
54             0              0         0 0.000000000     -1          2
55             0              0         0 0.000000000     -1          2
56             0              0         0 0.000000000     -1          1
57             0              0         0 0.000000000     -1          2
58             0              0         0 0.000000000     -1          2
59             0              0         0 0.000000000     -1          2
60             0              0         0 0.000000000     -1          2
61             0              0         0 0.000000000     -1          2
62             0              0         0 0.000000000     -1          2
63             0              0         0 0.000000000     -1          2
