   left daughter right daughter split var split point status prediction
1              2              3         1 0.739990722      1          0
2              4              5         1 0.738707563      1          0
3              6              7         2 0.497233494      1          0
4              8              9         1 0.289860934      1          0
5              0              0         0 0.000000000     -1          2
6             10             11         1 0.906406248      1          0
7             12             13         1 0.787052125      1          0
8             14             15         2 0.499905820      1          0
9             16             17         2 0.487032821      1          0
10            18             19         2 0.455285981      1          0
11            20             21         2 0.293112095      1          0
12            22             23         1 0.749629480      1          0
13            24             25         1 0.794836574      1          0
14            26             27         2 0.124561429      1          0
15            28             29         2 0.678689858      1          0
16            30             31         2 0.394591059      1          0
17            32             33         1 0.500412122      1          0
18            34             35         1 0.864588569      1          0
19             0              0         0 0.000000000     -1          1
20            36             37         2 0.123985640      1          0
21            38             39         1 0.954132928      1          0
22             0              0         0 0.000000000     -1          1
23             0              0         0 0.000000000     -1          1
24             0              0         0 0.000000000     -1          2
25            40             41         2 0.963704882      1          0
26            42             43         2 0.116223277      1          0
27            44             45         1 0.178998123      1          0
28            46             47         2 0.579675083      1          0
29            48             49         1 0.002186996      1          0
30            50             51         2 0.354890925      1          0
31            52             53         1 0.476577593      1          0
32            54             55         1 0.444633720      1          0
33            56             57         2 0.499976348      1          0
34            58             59         2 0.159280350      1          0
35            60             61         1 0.868327845      1          0
36             0              0         0 0.000000000     -1          2
37            62             63         2 0.131251976      1          0
38             0              0         0 0.000000000     -1          1
39             0              0         0 0.000000000     -1          2
40             0              0         0 0.000000000     -1          1
41             0              0         0 0.000000000     -1          2
42             0              0         0 0.000000000     -1          1
43             0              0         0 0.000000000     -1          2
44             0              0         0 0.000000000     -1          1
45             0              0         0 0.000000000     -1          1
46             0              0         0 0.000000000     -1          2
47             0              0         0 0.000000000     -1          2
48             0              0         0 0.000000000     -1          1
49             0              0         0 0.000000000     -1          2
50             0              0         0 0.000000000     -1          2
51             0              0         0 0.000000000     -1          1
52             0              0         0 0.000000000     -1          1
53             0              0         0 0.000000000     -1          2
54             0              0         0 0.000000000     -1          2
55             0              0         0 0.000000000     -1          2
56             0              0         0 0.000000000     -1          2
57             0              0         0 0.000000000     -1          1
58             0              0         0 0.000000000     -1          2
59             0              0         0 0.000000000     -1          2
60             0              0         0 0.000000000     -1          1
61             0              0         0 0.000000000     -1          2
62             0              0         0 0.000000000     -1          1
63             0              0         0 0.000000000     -1          2
