   left daughter right daughter split var split point status prediction
1              2              3         2  0.10401713      1          0
2              4              5         1  0.49949317      1          0
3              6              7         2  0.13272693      1          0
4              8              9         1  0.21069649      1          0
5             10             11         2  0.05844564      1          0
6             12             13         1  0.27317274      1          0
7             14             15         2  0.15984253      1          0
8             16             17         2  0.02969833      1          0
9              0              0         0  0.00000000     -1          1
10            18             19         1  0.65382248      1          0
11            20             21         1  0.88958553      1          0
12             0              0         0  0.00000000     -1          1
13            22             23         1  0.28947358      1          0
14            24             25         1  0.37445989      1          0
15            26             27         1  0.84525930      1          0
16             0              0         0  0.00000000     -1          1
17             0              0         0  0.00000000     -1          1
18             0              0         0  0.00000000     -1          2
19            28             29         2  0.05385265      1          0
20             0              0         0  0.00000000     -1          2
21             0              0         0  0.00000000     -1          2
22             0              0         0  0.00000000     -1          2
23             0              0         0  0.00000000     -1          1
24             0              0         0  0.00000000     -1          1
25            30             31         1  0.65843288      1          0
26            32             33         2  0.55310257      1          0
27            34             35         2  0.49933682      1          0
28            36             37         2  0.03286067      1          0
29             0              0         0  0.00000000     -1          1
30             0              0         0  0.00000000     -1          2
31             0              0         0  0.00000000     -1          2
32            38             39         1  0.47623734      1          0
33            40             41         2  0.66668090      1          0
34            42             43         2  0.30249655      1          0
35            44             45         2  0.95165306      1          0
36             0              0         0  0.00000000     -1          2
37             0              0         0  0.00000000     -1          2
38            46             47         2  0.49991211      1          0
39            48             49         2  0.49589160      1          0
40            50             51         1  0.60156131      1          0
41            52             53         1  0.50057777      1          0
42             0              0         0  0.00000000     -1          2
43            54             55         1  0.85825006      1          0
44            56             57         2  0.54202751      1          0
45             0              0         0  0.00000000     -1          1
46            58             59         1  0.14632455      1          0
47            60             61         2  0.53828570      1          0
48            62             63         1  0.49574154      1          0
49             0              0         0  0.00000000     -1          1
50             0              0         0  0.00000000     -1          2
51             0              0         0  0.00000000     -1          1
52             0              0         0  0.00000000     -1          2
53             0              0         0  0.00000000     -1          1
54             0              0         0  0.00000000     -1          1
55             0              0         0  0.00000000     -1          2
56             0              0         0  0.00000000     -1          1
57             0              0         0  0.00000000     -1          1
58             0              0         0  0.00000000     -1          1
59             0              0         0  0.00000000     -1          1
60             0              0         0  0.00000000     -1          2
61             0              0         0  0.00000000     -1          1
62             0              0         0  0.00000000     -1          2
63             0              0         0  0.00000000     -1          2
