   left daughter right daughter split var split point status prediction
1              2              3         2  0.09863603      1          0
2              4              5         1  0.49949317      1          0
3              6              7         1  0.67182350      1          0
4              8              9         2  0.01267617      1          0
5             10             11         1  0.68505847      1          0
6             12             13         1  0.41109443      1          0
7             14             15         2  0.49723349      1          0
8              0              0         0  0.00000000     -1          2
9             16             17         1  0.19528172      1          0
10             0              0         0  0.00000000     -1          2
11            18             19         1  0.69369973      1          0
12            20             21         2  0.48760220      1          0
13            22             23         1  0.51471747      1          0
14            24             25         1  0.68265241      1          0
15            26             27         1  0.97954240      1          0
16             0              0         0  0.00000000     -1          1
17             0              0         0  0.00000000     -1          1
18             0              0         0  0.00000000     -1          1
19            28             29         1  0.88351695      1          0
20            30             31         1  0.02115438      1          0
21            32             33         1  0.04268034      1          0
22            34             35         2  0.50695510      1          0
23            36             37         1  0.64492146      1          0
24             0              0         0  0.00000000     -1          1
25            38             39         1  0.85102483      1          0
26            40             41         1  0.93254660      1          0
27             0              0         0  0.00000000     -1          2
28            42             43         2  0.03887252      1          0
29             0              0         0  0.00000000     -1          2
30             0              0         0  0.00000000     -1          1
31            44             45         2  0.37127920      1          0
32             0              0         0  0.00000000     -1          2
33            46             47         2  0.79437690      1          0
34            48             49         2  0.20483281      1          0
35            50             51         2  0.90029138      1          0
36            52             53         1  0.62500057      1          0
37            54             55         1  0.65471896      1          0
38            56             57         2  0.16286954      1          0
39            58             59         1  0.86830154      1          0
40            60             61         1  0.85240226      1          0
41            62             63         1  0.93813898      1          0
42             0              0         0  0.00000000     -1          2
43             0              0         0  0.00000000     -1          2
44             0              0         0  0.00000000     -1          1
45             0              0         0  0.00000000     -1          1
46             0              0         0  0.00000000     -1          2
47             0              0         0  0.00000000     -1          2
48             0              0         0  0.00000000     -1          1
49             0              0         0  0.00000000     -1          1
50             0              0         0  0.00000000     -1          2
51             0              0         0  0.00000000     -1          1
52             0              0         0  0.00000000     -1          2
53             0              0         0  0.00000000     -1          1
54             0              0         0  0.00000000     -1          2
55             0              0         0  0.00000000     -1          2
56             0              0         0  0.00000000     -1          1
57             0              0         0  0.00000000     -1          2
58             0              0         0  0.00000000     -1          1
59             0              0         0  0.00000000     -1          2
60             0              0         0  0.00000000     -1          1
61             0              0         0  0.00000000     -1          1
62             0              0         0  0.00000000     -1          2
63             0              0         0  0.00000000     -1          1
