   left daughter right daughter split var split point status prediction
1              2              3         1  0.98120476      1          0
2              4              5         2  0.08335671      1          0
3              6              7         2  0.58785028      1          0
4              8              9         2  0.06960459      1          0
5             10             11         1  0.53590515      1          0
6              0              0         0  0.00000000     -1          2
7              0              0         0  0.00000000     -1          1
8             12             13         1  0.49509286      1          0
9              0              0         0  0.00000000     -1          2
10            14             15         1  0.37799851      1          0
11            16             17         1  0.55238237      1          0
12            18             19         2  0.02153496      1          0
13            20             21         1  0.68505847      1          0
14            22             23         1  0.35206125      1          0
15            24             25         2  0.40297858      1          0
16             0              0         0  0.00000000     -1          1
17            26             27         1  0.56735695      1          0
18             0              0         0  0.00000000     -1          1
19             0              0         0  0.00000000     -1          1
20             0              0         0  0.00000000     -1          2
21            28             29         2  0.04228228      1          0
22            30             31         1  0.29634823      1          0
23            32             33         1  0.37375607      1          0
24            34             35         1  0.49574154      1          0
25            36             37         2  0.50198734      1          0
26             0              0         0  0.00000000     -1          2
27            38             39         1  0.58127880      1          0
28             0              0         0  0.00000000     -1          2
29             0              0         0  0.00000000     -1          2
30            40             41         1  0.27785631      1          0
31            42             43         2  0.68187693      1          0
32             0              0         0  0.00000000     -1          1
33             0              0         0  0.00000000     -1          1
34            44             45         1  0.39572799      1          0
35             0              0         0  0.00000000     -1          2
36             0              0         0  0.00000000     -1          2
37            46             47         1  0.49989041      1          0
38            48             49         1  0.57226101      1          0
39            50             51         1  0.58795837      1          0
40            52             53         2  0.48578720      1          0
41            54             55         1  0.28805723      1          0
42            56             57         1  0.31511881      1          0
43             0              0         0  0.00000000     -1          2
44             0              0         0  0.00000000     -1          2
45             0              0         0  0.00000000     -1          1
46             0              0         0  0.00000000     -1          2
47             0              0         0  0.00000000     -1          1
48             0              0         0  0.00000000     -1          1
49             0              0         0  0.00000000     -1          1
50             0              0         0  0.00000000     -1          2
51            58             59         2  0.49975197      1          0
52            60             61         1  0.27696663      1          0
53            62             63         1  0.02271003      1          0
54             0              0         0  0.00000000     -1          1
55             0              0         0  0.00000000     -1          1
56             0              0         0  0.00000000     -1          2
57             0              0         0  0.00000000     -1          1
58             0              0         0  0.00000000     -1          2
59             0              0         0  0.00000000     -1          1
60             0              0         0  0.00000000     -1          1
61             0              0         0  0.00000000     -1          2
62             0              0         0  0.00000000     -1          2
63             0              0         0  0.00000000     -1          2
