   left daughter right daughter split var split point status prediction
1              2              3         2  0.15273069      1          0
2              4              5         1  0.50222601      1          0
3              6              7         2  0.98418434      1          0
4              8              9         2  0.11396377      1          0
5             10             11         1  0.65094992      1          0
6             12             13         2  0.97940662      1          0
7              0              0         0  0.00000000     -1          1
8             14             15         2  0.01137835      1          0
9             16             17         1  0.19256101      1          0
10             0              0         0  0.00000000     -1          2
11            18             19         2  0.11268350      1          0
12            20             21         1  0.56735695      1          0
13             0              0         0  0.00000000     -1          2
14             0              0         0  0.00000000     -1          1
15            22             23         1  0.31867192      1          0
16             0              0         0  0.00000000     -1          1
17             0              0         0  0.00000000     -1          2
18            24             25         1  0.69063819      1          0
19            26             27         2  0.13046588      1          0
20            28             29         1  0.55759299      1          0
21            30             31         1  0.86207511      1          0
22             0              0         0  0.00000000     -1          1
23             0              0         0  0.00000000     -1          1
24             0              0         0  0.00000000     -1          1
25            32             33         1  0.90929141      1          0
26             0              0         0  0.00000000     -1          1
27             0              0         0  0.00000000     -1          2
28            34             35         1  0.18209213      1          0
29             0              0         0  0.00000000     -1          2
30            36             37         1  0.81643822      1          0
31            38             39         1  0.99051011      1          0
32            40             41         1  0.90343469      1          0
33             0              0         0  0.00000000     -1          2
34            42             43         2  0.48578720      1          0
35            44             45         1  0.37336348      1          0
36            46             47         2  0.49975197      1          0
37            48             49         1  0.84633610      1          0
38            50             51         1  0.96469852      1          0
39             0              0         0  0.00000000     -1          2
40            52             53         1  0.71872199      1          0
41             0              0         0  0.00000000     -1          1
42            54             55         1  0.15463306      1          0
43            56             57         1  0.02271003      1          0
44            58             59         1  0.35577014      1          0
45            60             61         2  0.40202788      1          0
46            62             63         2  0.43285620      1          0
47             0              0         0  0.00000000     -1          1
48             0              0         0  0.00000000     -1          2
49             0              0         0  0.00000000     -1          2
50             0              0         0  0.00000000     -1          1
51             0              0         0  0.00000000     -1          1
52             0              0         0  0.00000000     -1          2
53             0              0         0  0.00000000     -1          2
54             0              0         0  0.00000000     -1          1
55             0              0         0  0.00000000     -1          2
56             0              0         0  0.00000000     -1          2
57             0              0         0  0.00000000     -1          2
58             0              0         0  0.00000000     -1          1
59             0              0         0  0.00000000     -1          1
60             0              0         0  0.00000000     -1          1
61             0              0         0  0.00000000     -1          2
62             0              0         0  0.00000000     -1          2
63             0              0         0  0.00000000     -1          2
