   left daughter right daughter split var split point status prediction
1              2              3         2  0.98642009      1          0
2              4              5         1  0.01637907      1          0
3              0              0         0  0.00000000     -1          1
4              6              7         2  0.53799619      1          0
5              8              9         1  0.99594328      1          0
6              0              0         0  0.00000000     -1          1
7              0              0         0  0.00000000     -1          1
8             10             11         1  0.04247205      1          0
9              0              0         0  0.00000000     -1          2
10            12             13         1  0.02472389      1          0
11            14             15         1  0.23788989      1          0
12             0              0         0  0.00000000     -1          2
13             0              0         0  0.00000000     -1          2
14            16             17         1  0.22066099      1          0
15            18             19         2  0.45536522      1          0
16            20             21         2  0.48760220      1          0
17             0              0         0  0.00000000     -1          1
18            22             23         1  0.49574154      1          0
19            24             25         1  0.50008318      1          0
20            26             27         1  0.06973331      1          0
21            28             29         2  0.97385601      1          0
22            30             31         1  0.28379333      1          0
23            32             33         1  0.99424114      1          0
24            34             35         2  0.49991211      1          0
25            36             37         1  0.62283955      1          0
26             0              0         0  0.00000000     -1          1
27            38             39         1  0.07570089      1          0
28            40             41         2  0.69853742      1          0
29             0              0         0  0.00000000     -1          1
30             0              0         0  0.00000000     -1          1
31            42             43         2  0.44960761      1          0
32            44             45         1  0.84742198      1          0
33             0              0         0  0.00000000     -1          1
34             0              0         0  0.00000000     -1          1
35            46             47         1  0.35999936      1          0
36            48             49         1  0.51363567      1          0
37            50             51         2  0.49589160      1          0
38             0              0         0  0.00000000     -1          2
39            52             53         2  0.02185604      1          0
40             0              0         0  0.00000000     -1          2
41            54             55         2  0.70328285      1          0
42            56             57         2  0.16521292      1          0
43             0              0         0  0.00000000     -1          2
44            58             59         2  0.30887024      1          0
45            60             61         2  0.03448963      1          0
46            62             63         2  0.58659726      1          0
47             0              0         0  0.00000000     -1          2
48             0              0         0  0.00000000     -1          1
49             0              0         0  0.00000000     -1          1
50             0              0         0  0.00000000     -1          2
51             0              0         0  0.00000000     -1          1
52             0              0         0  0.00000000     -1          2
53             0              0         0  0.00000000     -1          1
54             0              0         0  0.00000000     -1          1
55             0              0         0  0.00000000     -1          2
56             0              0         0  0.00000000     -1          1
57             0              0         0  0.00000000     -1          1
58             0              0         0  0.00000000     -1          2
59             0              0         0  0.00000000     -1          2
60             0              0         0  0.00000000     -1          1
61             0              0         0  0.00000000     -1          2
62             0              0         0  0.00000000     -1          2
63             0              0         0  0.00000000     -1          2
