   left daughter right daughter split var split point status prediction
1              2              3         2 0.101044026      1          0
2              4              5         2 0.009674073      1          0
3              6              7         2 0.993122163      1          0
4              0              0         0 0.000000000     -1          1
5              8              9         2 0.029691504      1          0
6             10             11         1 0.568752257      1          0
7              0              0         0 0.000000000     -1          1
8              0              0         0 0.000000000     -1          2
9             12             13         2 0.035552559      1          0
10            14             15         2 0.497393012      1          0
11            16             17         2 0.496842894      1          0
12             0              0         0 0.000000000     -1          2
13            18             19         2 0.046980624      1          0
14            20             21         2 0.245117408      1          0
15            22             23         1 0.500414040      1          0
16            24             25         2 0.455053205      1          0
17            26             27         2 0.985434996      1          0
18             0              0         0 0.000000000     -1          2
19            28             29         1 0.495223620      1          0
20            30             31         1 0.042426828      1          0
21            32             33         1 0.468423555      1          0
22            34             35         2 0.824864141      1          0
23            36             37         2 0.684546864      1          0
24            38             39         1 0.865485074      1          0
25             0              0         0 0.000000000     -1          2
26            40             41         2 0.660774098      1          0
27             0              0         0 0.000000000     -1          2
28             0              0         0 0.000000000     -1          1
29            42             43         2 0.059290915      1          0
30             0              0         0 0.000000000     -1          2
31            44             45         1 0.527920610      1          0
32            46             47         2 0.487602204      1          0
33            48             49         2 0.316539866      1          0
34            50             51         1 0.365467833      1          0
35            52             53         1 0.008862352      1          0
36             0              0         0 0.000000000     -1          1
37             0              0         0 0.000000000     -1          1
38            54             55         1 0.678604655      1          0
39            56             57         2 0.299727433      1          0
40            58             59         2 0.656298816      1          0
41            60             61         1 0.933367891      1          0
42             0              0         0 0.000000000     -1          2
43             0              0         0 0.000000000     -1          2
44            62             63         1 0.147612331      1          0
45             0              0         0 0.000000000     -1          2
46             0              0         0 0.000000000     -1          1
47             0              0         0 0.000000000     -1          1
48             0              0         0 0.000000000     -1          2
49             0              0         0 0.000000000     -1          2
50             0              0         0 0.000000000     -1          2
51             0              0         0 0.000000000     -1          2
52             0              0         0 0.000000000     -1          1
53             0              0         0 0.000000000     -1          2
54             0              0         0 0.000000000     -1          2
55             0              0         0 0.000000000     -1          2
56             0              0         0 0.000000000     -1          2
57             0              0         0 0.000000000     -1          2
58             0              0         0 0.000000000     -1          1
59             0              0         0 0.000000000     -1          2
60             0              0         0 0.000000000     -1          1
61             0              0         0 0.000000000     -1          1
62             0              0         0 0.000000000     -1          1
63             0              0         0 0.000000000     -1          1
