   left daughter right daughter split var split point status prediction
1              2              3         2  0.82190771      1          0
2              4              5         2  0.80144537      1          0
3              6              7         1  0.49814965      1          0
4              8              9         1  0.41109443      1          0
5             10             11         1  0.19853447      1          0
6             12             13         2  0.87479976      1          0
7             14             15         1  0.69918087      1          0
8             16             17         1  0.02115438      1          0
9             18             19         2  0.49315962      1          0
10             0              0         0  0.00000000     -1          2
11             0              0         0  0.00000000     -1          1
12            20             21         1  0.27723779      1          0
13            22             23         1  0.23983906      1          0
14            24             25         1  0.58887791      1          0
15            26             27         2  0.88995260      1          0
16            28             29         1  0.01755915      1          0
17            30             31         2  0.50014409      1          0
18            32             33         2  0.04780981      1          0
19            34             35         1  0.50041404      1          0
20             0              0         0  0.00000000     -1          2
21             0              0         0  0.00000000     -1          2
22            36             37         2  0.87601012      1          0
23            38             39         1  0.44463372      1          0
24             0              0         0  0.00000000     -1          1
25            40             41         1  0.60072031      1          0
26             0              0         0  0.00000000     -1          1
27            42             43         2  0.95840584      1          0
28             0              0         0  0.00000000     -1          1
29             0              0         0  0.00000000     -1          1
30            44             45         2  0.37859794      1          0
31            46             47         2  0.62007285      1          0
32            48             49         1  0.50298264      1          0
33            50             51         1  0.47609936      1          0
34            52             53         1  0.45287389      1          0
35            54             55         2  0.49975197      1          0
36             0              0         0  0.00000000     -1          1
37            56             57         1  0.22374762      1          0
38            58             59         2  0.91176324      1          0
39             0              0         0  0.00000000     -1          1
40             0              0         0  0.00000000     -1          2
41            60             61         1  0.61477829      1          0
42            62             63         2  0.94183718      1          0
43             0              0         0  0.00000000     -1          1
44             0              0         0  0.00000000     -1          1
45             0              0         0  0.00000000     -1          1
46             0              0         0  0.00000000     -1          2
47             0              0         0  0.00000000     -1          2
48             0              0         0  0.00000000     -1          1
49             0              0         0  0.00000000     -1          2
50             0              0         0  0.00000000     -1          1
51             0              0         0  0.00000000     -1          2
52             0              0         0  0.00000000     -1          2
53             0              0         0  0.00000000     -1          2
54             0              0         0  0.00000000     -1          2
55             0              0         0  0.00000000     -1          1
56             0              0         0  0.00000000     -1          2
57             0              0         0  0.00000000     -1          1
58             0              0         0  0.00000000     -1          2
59             0              0         0  0.00000000     -1          2
60             0              0         0  0.00000000     -1          1
61             0              0         0  0.00000000     -1          1
62             0              0         0  0.00000000     -1          1
63             0              0         0  0.00000000     -1          2
