   left daughter right daughter split var split point status prediction
1              2              3         2  0.08335671      1          0
2              4              5         2  0.02992564      1          0
3              6              7         2  0.55314404      1          0
4              8              9         1  0.49509286      1          0
5             10             11         1  0.49133955      1          0
6             12             13         1  0.50610025      1          0
7             14             15         2  0.60764360      1          0
8             16             17         2  0.01277246      1          0
9              0              0         0  0.00000000     -1          2
10            18             19         1  0.31867192      1          0
11            20             21         2  0.03887252      1          0
12            22             23         2  0.50198734      1          0
13            24             25         1  0.96729718      1          0
14            26             27         2  0.60372040      1          0
15            28             29         2  0.64494216      1          0
16             0              0         0  0.00000000     -1          1
17             0              0         0  0.00000000     -1          1
18             0              0         0  0.00000000     -1          1
19             0              0         0  0.00000000     -1          1
20             0              0         0  0.00000000     -1          2
21             0              0         0  0.00000000     -1          2
22            30             31         1  0.49574154      1          0
23            32             33         2  0.53618415      1          0
24            34             35         2  0.49975197      1          0
25             0              0         0  0.00000000     -1          2
26            36             37         2  0.59777671      1          0
27             0              0         0  0.00000000     -1          2
28            38             39         1  0.55931370      1          0
29            40             41         1  0.50041212      1          0
30            42             43         2  0.37816291      1          0
31             0              0         0  0.00000000     -1          2
32             0              0         0  0.00000000     -1          2
33             0              0         0  0.00000000     -1          1
34            44             45         2  0.08715408      1          0
35            46             47         1  0.92928590      1          0
36            48             49         2  0.58675076      1          0
37             0              0         0  0.00000000     -1          1
38             0              0         0  0.00000000     -1          2
39             0              0         0  0.00000000     -1          1
40            50             51         2  0.81739619      1          0
41            52             53         2  0.92338042      1          0
42            54             55         2  0.37216090      1          0
43            56             57         2  0.42945585      1          0
44             0              0         0  0.00000000     -1          1
45            58             59         2  0.30887024      1          0
46             0              0         0  0.00000000     -1          1
47             0              0         0  0.00000000     -1          1
48            60             61         1  0.54490942      1          0
49             0              0         0  0.00000000     -1          2
50            62             63         2  0.81688007      1          0
51             0              0         0  0.00000000     -1          2
52             0              0         0  0.00000000     -1          1
53             0              0         0  0.00000000     -1          1
54             0              0         0  0.00000000     -1          1
55             0              0         0  0.00000000     -1          2
56             0              0         0  0.00000000     -1          1
57             0              0         0  0.00000000     -1          1
58             0              0         0  0.00000000     -1          2
59             0              0         0  0.00000000     -1          2
60             0              0         0  0.00000000     -1          2
61             0              0         0  0.00000000     -1          1
62             0              0         0  0.00000000     -1          2
63             0              0         0  0.00000000     -1          1
