   left daughter right daughter split var split point status prediction
1              2              3         1  0.99051011      1          0
2              4              5         1  0.29592090      1          0
3              0              0         0  0.00000000     -1          2
4              6              7         2  0.49738672      1          0
5              8              9         1  0.31744604      1          0
6             10             11         1  0.25653254      1          0
7             12             13         2  0.79303594      1          0
8             14             15         1  0.30042761      1          0
9             16             17         2  0.48493472      1          0
10            18             19         2  0.48760220      1          0
11            20             21         2  0.37166834      1          0
12            22             23         2  0.69892645      1          0
13            24             25         1  0.16683044      1          0
14             0              0         0  0.00000000     -1          2
15            26             27         1  0.31269325      1          0
16            28             29         2  0.45721526      1          0
17            30             31         2  0.99865039      1          0
18            32             33         2  0.31663589      1          0
19             0              0         0  0.00000000     -1          1
20            34             35         1  0.28384624      1          0
21             0              0         0  0.00000000     -1          2
22            36             37         1  0.27953519      1          0
23            38             39         1  0.05587908      1          0
24            40             41         2  0.97231238      1          0
25            42             43         2  0.83859246      1          0
26             0              0         0  0.00000000     -1          2
27             0              0         0  0.00000000     -1          2
28            44             45         2  0.43158928      1          0
29             0              0         0  0.00000000     -1          2
30            46             47         2  0.98728975      1          0
31             0              0         0  0.00000000     -1          2
32            48             49         2  0.31461548      1          0
33            50             51         1  0.02429295      1          0
34             0              0         0  0.00000000     -1          1
35             0              0         0  0.00000000     -1          1
36             0              0         0  0.00000000     -1          2
37             0              0         0  0.00000000     -1          1
38             0              0         0  0.00000000     -1          1
39             0              0         0  0.00000000     -1          2
40            52             53         2  0.93559856      1          0
41             0              0         0  0.00000000     -1          1
42             0              0         0  0.00000000     -1          1
43            54             55         1  0.19769207      1          0
44            56             57         1  0.49878588      1          0
45             0              0         0  0.00000000     -1          1
46            58             59         1  0.50008510      1          0
47             0              0         0  0.00000000     -1          1
48            60             61         2  0.17009873      1          0
49             0              0         0  0.00000000     -1          2
50             0              0         0  0.00000000     -1          1
51             0              0         0  0.00000000     -1          1
52             0              0         0  0.00000000     -1          2
53             0              0         0  0.00000000     -1          2
54             0              0         0  0.00000000     -1          1
55             0              0         0  0.00000000     -1          2
56            62             63         2  0.31367036      1          0
57             0              0         0  0.00000000     -1          2
58             0              0         0  0.00000000     -1          2
59             0              0         0  0.00000000     -1          1
60             0              0         0  0.00000000     -1          1
61             0              0         0  0.00000000     -1          1
62             0              0         0  0.00000000     -1          1
63             0              0         0  0.00000000     -1          1
