   left daughter right daughter split var split point status prediction
1              2              3         2 0.098704657      1          0
2              4              5         1 0.505506306      1          0
3              6              7         2 0.560147355      1          0
4              8              9         1 0.360739159      1          0
5             10             11         1 0.851189441      1          0
6             12             13         2 0.526358201      1          0
7             14             15         1 0.510726942      1          0
8             16             17         1 0.318671922      1          0
9              0              0         0 0.000000000     -1          1
10            18             19         1 0.843817392      1          0
11             0              0         0 0.000000000     -1          2
12            20             21         2 0.512244599      1          0
13            22             23         2 0.553102566      1          0
14            24             25         2 0.758286185      1          0
15            26             27         1 0.589703271      1          0
16            28             29         2 0.018822346      1          0
17             0              0         0 0.000000000     -1          2
18            30             31         1 0.725583949      1          0
19             0              0         0 0.000000000     -1          1
20            32             33         1 0.495741541      1          0
21             0              0         0 0.000000000     -1          2
22            34             35         2 0.537557954      1          0
23             0              0         0 0.000000000     -1          1
24            36             37         2 0.578619632      1          0
25            38             39         1 0.488989287      1          0
26            40             41         1 0.539965926      1          0
27            42             43         1 0.600720313      1          0
28             0              0         0 0.000000000     -1          1
29             0              0         0 0.000000000     -1          1
30            44             45         1 0.667669255      1          0
31             0              0         0 0.000000000     -1          2
32            46             47         2 0.497393012      1          0
33            48             49         1 0.547942113      1          0
34             0              0         0 0.000000000     -1          1
35             0              0         0 0.000000000     -1          1
36             0              0         0 0.000000000     -1          2
37             0              0         0 0.000000000     -1          2
38            50             51         2 0.758681604      1          0
39             0              0         0 0.000000000     -1          1
40             0              0         0 0.000000000     -1          1
41             0              0         0 0.000000000     -1          1
42             0              0         0 0.000000000     -1          2
43            52             53         2 0.595992573      1          0
44             0              0         0 0.000000000     -1          2
45             0              0         0 0.000000000     -1          1
46            54             55         2 0.227962686      1          0
47             0              0         0 0.000000000     -1          2
48            56             57         1 0.519410069      1          0
49            58             59         2 0.499751974      1          0
50             0              0         0 0.000000000     -1          1
51            60             61         1 0.008862352      1          0
52             0              0         0 0.000000000     -1          2
53            62             63         2 0.880477488      1          0
54             0              0         0 0.000000000     -1          1
55             0              0         0 0.000000000     -1          1
56             0              0         0 0.000000000     -1          2
57             0              0         0 0.000000000     -1          2
58             0              0         0 0.000000000     -1          2
59             0              0         0 0.000000000     -1          1
60             0              0         0 0.000000000     -1          1
61             0              0         0 0.000000000     -1          2
62             0              0         0 0.000000000     -1          1
63             0              0         0 0.000000000     -1          1
