   left daughter right daughter split var split point status prediction
1              2              3         1  0.86231092      1          0
2              4              5         2  0.55310257      1          0
3              6              7         1  0.98813150      1          0
4              8              9         1  0.50245135      1          0
5             10             11         1  0.51072694      1          0
6             12             13         1  0.92905126      1          0
7              0              0         0  0.00000000     -1          2
8             14             15         2  0.49738672      1          0
9             16             17         1  0.72471096      1          0
10            18             19         2  0.89922760      1          0
11            20             21         1  0.60156131      1          0
12            22             23         2  0.51451633      1          0
13            24             25         2  0.47745644      1          0
14            26             27         1  0.39572799      1          0
15            28             29         1  0.49122709      1          0
16            30             31         1  0.65874623      1          0
17            32             33         2  0.47991377      1          0
18            34             35         2  0.61965047      1          0
19            36             37         2  0.90076481      1          0
20            38             39         1  0.58497484      1          0
21            40             41         1  0.78973509      1          0
22            42             43         2  0.33091402      1          0
23            44             45         1  0.88456259      1          0
24            46             47         1  0.96025408      1          0
25            48             49         2  0.53382317      1          0
26            50             51         2  0.22832430      1          0
27            52             53         1  0.47657759      1          0
28            54             55         1  0.28224649      1          0
29             0              0         0  0.00000000     -1          1
30            56             57         1  0.65707863      1          0
31             0              0         0  0.00000000     -1          2
32            58             59         2  0.03887252      1          0
33             0              0         0  0.00000000     -1          1
34             0              0         0  0.00000000     -1          2
35            60             61         2  0.62556333      1          0
36             0              0         0  0.00000000     -1          1
37            62             63         2  0.95457081      1          0
38             0              0         0  0.00000000     -1          1
39             0              0         0  0.00000000     -1          2
40             0              0         0  0.00000000     -1          1
41             0              0         0  0.00000000     -1          1
42             0              0         0  0.00000000     -1          2
43             0              0         0  0.00000000     -1          2
44             0              0         0  0.00000000     -1          1
45             0              0         0  0.00000000     -1          1
46             0              0         0  0.00000000     -1          2
47             0              0         0  0.00000000     -1          2
48             0              0         0  0.00000000     -1          1
49             0              0         0  0.00000000     -1          1
50             0              0         0  0.00000000     -1          1
51             0              0         0  0.00000000     -1          1
52             0              0         0  0.00000000     -1          1
53             0              0         0  0.00000000     -1          1
54             0              0         0  0.00000000     -1          2
55             0              0         0  0.00000000     -1          2
56             0              0         0  0.00000000     -1          2
57             0              0         0  0.00000000     -1          1
58             0              0         0  0.00000000     -1          1
59             0              0         0  0.00000000     -1          2
60             0              0         0  0.00000000     -1          1
61             0              0         0  0.00000000     -1          2
62             0              0         0  0.00000000     -1          2
63             0              0         0  0.00000000     -1          2
