    left daughter right daughter split var split point status prediction
1               2              3         2  0.55409526      1          0
2               4              5         2  0.26599004      1          0
3               6              7         1  0.63877318      1          0
4               8              9         1  0.07001157      1          0
5              10             11         1  0.47312644      1          0
6              12             13         1  0.01984903      1          0
7              14             15         1  0.67777167      1          0
8              16             17         1  0.05942225      1          0
9              18             19         2  0.23191755      1          0
10             20             21         2  0.29118756      1          0
11             22             23         1  0.49732587      1          0
12              0              0         0  0.00000000     -1          1
13             24             25         1  0.53206463      1          0
14             26             27         1  0.64479846      1          0
15             28             29         1  0.95766416      1          0
16             30             31         1  0.02344243      1          0
17              0              0         0  0.00000000     -1          2
18             32             33         1  0.30037645      1          0
19             34             35         1  0.89532177      1          0
20             36             37         1  0.16623580      1          0
21             38             39         2  0.39361622      1          0
22              0              0         0  0.00000000     -1          1
23             40             41         2  0.52606484      1          0
24             42             43         2  0.90370733      1          0
25             44             45         2  0.64905665      1          0
26              0              0         0  0.00000000     -1          2
27              0              0         0  0.00000000     -1          1
28             46             47         2  0.77246507      1          0
29              0              0         0  0.00000000     -1          2
30              0              0         0  0.00000000     -1          1
31              0              0         0  0.00000000     -1          1
32             48             49         1  0.29367807      1          0
33             50             51         1  0.73171795      1          0
34             52             53         1  0.66122143      1          0
35              0              0         0  0.00000000     -1          1
36              0              0         0  0.00000000     -1          1
37              0              0         0  0.00000000     -1          2
38             54             55         2  0.38346370      1          0
39             56             57         1  0.01693609      1          0
40             58             59         1  0.56696655      1          0
41             60             61         2  0.52751386      1          0
42             62             63         2  0.58597707      1          0
43             64             65         2  0.90626412      1          0
44              0              0         0  0.00000000     -1          1
45             66             67         1  0.53270723      1          0
46             68             69         1  0.68613291      1          0
47             70             71         2  0.94794899      1          0
48             72             73         2  0.13526690      1          0
49              0              0         0  0.00000000     -1          2
50              0              0         0  0.00000000     -1          1
51             74             75         1  0.74257282      1          0
52             76             77         2  0.24601533      1          0
53              0              0         0  0.00000000     -1          1
54             78             79         1  0.44499828      1          0
55              0              0         0  0.00000000     -1          1
56              0              0         0  0.00000000     -1          1
57             80             81         2  0.48530707      1          0
58             82             83         1  0.55804819      1          0
59             84             85         2  0.45652900      1          0
60              0              0         0  0.00000000     -1          2
61              0              0         0  0.00000000     -1          1
62              0              0         0  0.00000000     -1          2
63             86             87         2  0.68419106      1          0
64              0              0         0  0.00000000     -1          1
65             88             89         2  0.94282234      1          0
66              0              0         0  0.00000000     -1          1
67              0              0         0  0.00000000     -1          2
68              0              0         0  0.00000000     -1          2
69             90             91         1  0.76545054      1          0
70             92             93         1  0.95162745      1          0
71              0              0         0  0.00000000     -1          2
72              0              0         0  0.00000000     -1          1
73              0              0         0  0.00000000     -1          1
74              0              0         0  0.00000000     -1          2
75              0              0         0  0.00000000     -1          1
76              0              0         0  0.00000000     -1          1
77              0              0         0  0.00000000     -1          1
78             94             95         2  0.32861771      1          0
79              0              0         0  0.00000000     -1          1
80              0              0         0  0.00000000     -1          2
81             96             97         2  0.50121823      1          0
82             98             99         1  0.54742836      1          0
83              0              0         0  0.00000000     -1          2
84            100            101         1  0.65275238      1          0
85              0              0         0  0.00000000     -1          1
86              0              0         0  0.00000000     -1          2
87            102            103         1  0.09686727      1          0
88              0              0         0  0.00000000     -1          2
89            104            105         1  0.03660145      1          0
90            106            107         2  0.74407608      1          0
91            108            109         1  0.92990949      1          0
92              0              0         0  0.00000000     -1          2
93              0              0         0  0.00000000     -1          1
94              0              0         0  0.00000000     -1          2
95            110            111         2  0.33462651      1          0
96              0              0         0  0.00000000     -1          1
97              0              0         0  0.00000000     -1          2
98              0              0         0  0.00000000     -1          1
99              0              0         0  0.00000000     -1          1
100             0              0         0  0.00000000     -1          1
101           112            113         2  0.45227823      1          0
102             0              0         0  0.00000000     -1          2
103           114            115         2  0.78651495      1          0
104             0              0         0  0.00000000     -1          1
105           116            117         2  0.94565308      1          0
106           118            119         2  0.69871370      1          0
107             0              0         0  0.00000000     -1          2
108             0              0         0  0.00000000     -1          1
109             0              0         0  0.00000000     -1          1
110             0              0         0  0.00000000     -1          1
111           120            121         1  0.26404048      1          0
112           122            123         2  0.28448038      1          0
113             0              0         0  0.00000000     -1          2
114           124            125         2  0.78337183      1          0
115             0              0         0  0.00000000     -1          2
116             0              0         0  0.00000000     -1          1
117           126            127         2  0.98276838      1          0
118             0              0         0  0.00000000     -1          1
119             0              0         0  0.00000000     -1          1
120             0              0         0  0.00000000     -1          2
121             0              0         0  0.00000000     -1          2
122             0              0         0  0.00000000     -1          1
123             0              0         0  0.00000000     -1          1
124             0              0         0  0.00000000     -1          2
125             0              0         0  0.00000000     -1          1
126             0              0         0  0.00000000     -1          2
127             0              0         0  0.00000000     -1          2
