    left daughter right daughter split var split point status prediction
1               2              3         2  0.29645310      1          0
2               4              5         1  0.33373635      1          0
3               6              7         1  0.53206463      1          0
4               8              9         1  0.33178668      1          0
5              10             11         1  0.69650865      1          0
6              12             13         1  0.13183104      1          0
7              14             15         2  0.76819660      1          0
8              16             17         2  0.28401134      1          0
9               0              0         0  0.00000000     -1          2
10              0              0         0  0.00000000     -1          1
11             18             19         2  0.03401447      1          0
12             20             21         2  0.68380547      1          0
13             22             23         1  0.39174019      1          0
14             24             25         1  0.81436491      1          0
15             26             27         1  0.53278430      1          0
16             28             29         1  0.05722703      1          0
17              0              0         0  0.00000000     -1          2
18              0              0         0  0.00000000     -1          1
19             30             31         2  0.12540840      1          0
20             32             33         2  0.59637995      1          0
21             34             35         2  0.88986930      1          0
22             36             37         2  0.90279937      1          0
23             38             39         2  0.48032919      1          0
24             40             41         1  0.80316033      1          0
25             42             43         2  0.73577934      1          0
26              0              0         0  0.00000000     -1          1
27             44             45         1  0.61444546      1          0
28              0              0         0  0.00000000     -1          1
29             46             47         1  0.07001157      1          0
30             48             49         2  0.11982020      1          0
31              0              0         0  0.00000000     -1          1
32             50             51         2  0.58259954      1          0
33              0              0         0  0.00000000     -1          2
34             52             53         1  0.09686727      1          0
35              0              0         0  0.00000000     -1          2
36             54             55         1  0.26996057      1          0
37             56             57         1  0.20802299      1          0
38              0              0         0  0.00000000     -1          2
39             58             59         2  0.96598697      1          0
40             60             61         1  0.68164003      1          0
41              0              0         0  0.00000000     -1          2
42             62             63         1  0.85230284      1          0
43              0              0         0  0.00000000     -1          1
44             64             65         2  0.82280831      1          0
45             66             67         2  0.78502599      1          0
46              0              0         0  0.00000000     -1          2
47             68             69         1  0.17953993      1          0
48              0              0         0  0.00000000     -1          1
49              0              0         0  0.00000000     -1          2
50             70             71         1  0.07971237      1          0
51              0              0         0  0.00000000     -1          1
52              0              0         0  0.00000000     -1          1
53              0              0         0  0.00000000     -1          2
54              0              0         0  0.00000000     -1          2
55             72             73         1  0.27518430      1          0
56              0              0         0  0.00000000     -1          1
57              0              0         0  0.00000000     -1          2
58             74             75         2  0.78777754      1          0
59              0              0         0  0.00000000     -1          2
60             76             77         1  0.67595165      1          0
61             78             79         1  0.74569731      1          0
62              0              0         0  0.00000000     -1          1
63             80             81         2  0.52650691      1          0
64              0              0         0  0.00000000     -1          2
65              0              0         0  0.00000000     -1          2
66              0              0         0  0.00000000     -1          2
67              0              0         0  0.00000000     -1          2
68              0              0         0  0.00000000     -1          1
69             82             83         2  0.22223495      1          0
70              0              0         0  0.00000000     -1          2
71              0              0         0  0.00000000     -1          2
72              0              0         0  0.00000000     -1          1
73              0              0         0  0.00000000     -1          2
74             84             85         1  0.43712463      1          0
75              0              0         0  0.00000000     -1          2
76             86             87         1  0.63598422      1          0
77              0              0         0  0.00000000     -1          2
78             88             89         2  0.74407608      1          0
79             90             91         1  0.75639700      1          0
80             92             93         2  0.42594444      1          0
81             94             95         2  0.52907979      1          0
82             96             97         2  0.15687806      1          0
83              0              0         0  0.00000000     -1          1
84              0              0         0  0.00000000     -1          2
85             98             99         2  0.56828450      1          0
86            100            101         1  0.62219688      1          0
87            102            103         2  0.69134445      1          0
88              0              0         0  0.00000000     -1          1
89              0              0         0  0.00000000     -1          2
90              0              0         0  0.00000000     -1          2
91            104            105         2  0.40922596      1          0
92              0              0         0  0.00000000     -1          1
93            106            107         2  0.42922692      1          0
94              0              0         0  0.00000000     -1          2
95            108            109         2  0.57967560      1          0
96            110            111         2  0.11652506      1          0
97              0              0         0  0.00000000     -1          1
98              0              0         0  0.00000000     -1          2
99              0              0         0  0.00000000     -1          2
100           112            113         2  0.66889011      1          0
101             0              0         0  0.00000000     -1          2
102             0              0         0  0.00000000     -1          1
103             0              0         0  0.00000000     -1          2
104             0              0         0  0.00000000     -1          2
105             0              0         0  0.00000000     -1          1
106             0              0         0  0.00000000     -1          2
107             0              0         0  0.00000000     -1          1
108             0              0         0  0.00000000     -1          1
109             0              0         0  0.00000000     -1          1
110             0              0         0  0.00000000     -1          1
111             0              0         0  0.00000000     -1          2
112           114            115         1  0.55037288      1          0
113             0              0         0  0.00000000     -1          2
114             0              0         0  0.00000000     -1          1
115             0              0         0  0.00000000     -1          1
