    left daughter right daughter split var split point status prediction
1               2              3         1 0.498593134      1          0
2               4              5         2 0.286238733      1          0
3               6              7         1 0.805708613      1          0
4               8              9         1 0.336086659      1          0
5              10             11         1 0.428342298      1          0
6              12             13         2 0.655235487      1          0
7              14             15         1 0.934735117      1          0
8              16             17         1 0.329882508      1          0
9               0              0         0 0.000000000     -1          1
10             18             19         1 0.159017025      1          0
11             20             21         2 0.380895351      1          0
12             22             23         2 0.572039570      1          0
13             24             25         2 0.760305003      1          0
14             26             27         1 0.824645237      1          0
15             28             29         1 0.989488752      1          0
16             30             31         2 0.267944979      1          0
17              0              0         0 0.000000000     -1          2
18             32             33         2 0.857596861      1          0
19             34             35         2 0.989316965      1          0
20              0              0         0 0.000000000     -1          1
21             36             37         1 0.429454910      1          0
22             38             39         1 0.628283654      1          0
23             40             41         1 0.560905749      1          0
24             42             43         1 0.630828228      1          0
25             44             45         2 0.944648107      1          0
26              0              0         0 0.000000000     -1          1
27             46             47         1 0.827576390      1          0
28             48             49         1 0.938434893      1          0
29              0              0         0 0.000000000     -1          1
30             50             51         2 0.001085088      1          0
31              0              0         0 0.000000000     -1          2
32             52             53         1 0.082745554      1          0
33             54             55         2 0.881350787      1          0
34             56             57         2 0.367247654      1          0
35              0              0         0 0.000000000     -1          1
36              0              0         0 0.000000000     -1          1
37             58             59         2 0.796476621      1          0
38             60             61         1 0.530249328      1          0
39             62             63         1 0.630121159      1          0
40              0              0         0 0.000000000     -1          2
41             64             65         1 0.802913388      1          0
42             66             67         2 0.748009025      1          0
43              0              0         0 0.000000000     -1          1
44             68             69         1 0.532784304      1          0
45             70             71         1 0.500912814      1          0
46              0              0         0 0.000000000     -1          2
47             72             73         1 0.856769393      1          0
48              0              0         0 0.000000000     -1          2
49             74             75         2 0.508274078      1          0
50              0              0         0 0.000000000     -1          2
51             76             77         2 0.202556029      1          0
52              0              0         0 0.000000000     -1          2
53             78             79         2 0.750188141      1          0
54              0              0         0 0.000000000     -1          1
55             80             81         2 0.982768379      1          0
56             82             83         1 0.305454915      1          0
57             84             85         1 0.391740193      1          0
58              0              0         0 0.000000000     -1          2
59              0              0         0 0.000000000     -1          2
60             86             87         1 0.529215060      1          0
61              0              0         0 0.000000000     -1          1
62              0              0         0 0.000000000     -1          2
63             88             89         2 0.125408402      1          0
64             90             91         2 0.598202443      1          0
65              0              0         0 0.000000000     -1          2
66              0              0         0 0.000000000     -1          2
67              0              0         0 0.000000000     -1          1
68              0              0         0 0.000000000     -1          1
69             92             93         2 0.855537502      1          0
70              0              0         0 0.000000000     -1          1
71             94             95         2 0.987104190      1          0
72             96             97         1 0.849710469      1          0
73             98             99         2 0.783593444      1          0
74              0              0         0 0.000000000     -1          1
75            100            101         1 0.944132701      1          0
76            102            103         1 0.019140484      1          0
77            104            105         2 0.234278024      1          0
78            106            107         2 0.731460486      1          0
79              0              0         0 0.000000000     -1          2
80              0              0         0 0.000000000     -1          2
81              0              0         0 0.000000000     -1          2
82              0              0         0 0.000000000     -1          2
83              0              0         0 0.000000000     -1          2
84              0              0         0 0.000000000     -1          2
85            108            109         2 0.965986972      1          0
86              0              0         0 0.000000000     -1          1
87              0              0         0 0.000000000     -1          2
88            110            111         1 0.694457259      1          0
89            112            113         1 0.640904705      1          0
90              0              0         0 0.000000000     -1          2
91              0              0         0 0.000000000     -1          1
92            114            115         2 0.854112473      1          0
93              0              0         0 0.000000000     -1          2
94              0              0         0 0.000000000     -1          2
95              0              0         0 0.000000000     -1          2
96            116            117         2 0.838867333      1          0
97              0              0         0 0.000000000     -1          2
98            118            119         1 0.895321767      1          0
99              0              0         0 0.000000000     -1          2
100             0              0         0 0.000000000     -1          1
101           120            121         1 0.976338857      1          0
102             0              0         0 0.000000000     -1          1
103           122            123         2 0.153245448      1          0
104             0              0         0 0.000000000     -1          1
105             0              0         0 0.000000000     -1          1
106           124            125         2 0.588045486      1          0
107             0              0         0 0.000000000     -1          1
108             0              0         0 0.000000000     -1          2
109             0              0         0 0.000000000     -1          1
110             0              0         0 0.000000000     -1          1
111             0              0         0 0.000000000     -1          2
112             0              0         0 0.000000000     -1          1
113           126            127         1 0.788421077      1          0
114             0              0         0 0.000000000     -1          2
115             0              0         0 0.000000000     -1          1
116             0              0         0 0.000000000     -1          1
117             0              0         0 0.000000000     -1          2
118             0              0         0 0.000000000     -1          1
119             0              0         0 0.000000000     -1          1
120             0              0         0 0.000000000     -1          2
121             0              0         0 0.000000000     -1          2
122             0              0         0 0.000000000     -1          1
123             0              0         0 0.000000000     -1          1
124             0              0         0 0.000000000     -1          2
125             0              0         0 0.000000000     -1          2
126             0              0         0 0.000000000     -1          1
127             0              0         0 0.000000000     -1          1
