    left daughter right daughter split var split point status prediction
1               2              3         1 0.514263101      1          0
2               4              5         2 0.297954245      1          0
3               6              7         2 0.727430402      1          0
4               8              9         1 0.345461137      1          0
5              10             11         1 0.018061500      1          0
6              12             13         2 0.587999230      1          0
7              14             15         2 0.763227737      1          0
8              16             17         2 0.271511458      1          0
9               0              0         0 0.000000000     -1          1
10              0              0         0 0.000000000     -1          2
11             18             19         2 0.965986972      1          0
12             20             21         1 0.796001970      1          0
13             22             23         1 0.576418249      1          0
14             24             25         2 0.754386040      1          0
15             26             27         1 0.857251353      1          0
16             28             29         2 0.002546497      1          0
17              0              0         0 0.000000000     -1          2
18             30             31         2 0.320585075      1          0
19             32             33         1 0.036601451      1          0
20             34             35         2 0.062592686      1          0
21             36             37         1 0.976318764      1          0
22              0              0         0 0.000000000     -1          2
23             38             39         2 0.613323992      1          0
24              0              0         0 0.000000000     -1          2
25              0              0         0 0.000000000     -1          1
26             40             41         1 0.523860409      1          0
27             42             43         1 0.874663796      1          0
28              0              0         0 0.000000000     -1          2
29             44             45         2 0.082765425      1          0
30              0              0         0 0.000000000     -1          2
31             46             47         2 0.903707334      1          0
32              0              0         0 0.000000000     -1          1
33             48             49         1 0.301304862      1          0
34              0              0         0 0.000000000     -1          1
35             50             51         1 0.697522164      1          0
36             52             53         1 0.902435133      1          0
37             54             55         2 0.414389271      1          0
38              0              0         0 0.000000000     -1          2
39             56             57         2 0.661709164      1          0
40              0              0         0 0.000000000     -1          2
41             58             59         2 0.835843112      1          0
42              0              0         0 0.000000000     -1          1
43             60             61         1 0.951627448      1          0
44             62             63         1 0.105260470      1          0
45             64             65         1 0.342949833      1          0
46             66             67         1 0.508389996      1          0
47             68             69         2 0.906264121      1          0
48              0              0         0 0.000000000     -1          2
49              0              0         0 0.000000000     -1          2
50             70             71         2 0.317090759      1          0
51             72             73         1 0.780554180      1          0
52             74             75         2 0.452410568      1          0
53              0              0         0 0.000000000     -1          1
54              0              0         0 0.000000000     -1          1
55              0              0         0 0.000000000     -1          1
56              0              0         0 0.000000000     -1          1
57             76             77         1 0.765450539      1          0
58             78             79         1 0.596677566      1          0
59              0              0         0 0.000000000     -1          2
60              0              0         0 0.000000000     -1          2
61              0              0         0 0.000000000     -1          2
62              0              0         0 0.000000000     -1          2
63              0              0         0 0.000000000     -1          1
64             80             81         2 0.200606190      1          0
65              0              0         0 0.000000000     -1          1
66             82             83         2 0.391268787      1          0
67              0              0         0 0.000000000     -1          2
68              0              0         0 0.000000000     -1          1
69             84             85         2 0.957433300      1          0
70             86             87         1 0.692939878      1          0
71             88             89         1 0.530509059      1          0
72              0              0         0 0.000000000     -1          1
73              0              0         0 0.000000000     -1          1
74              0              0         0 0.000000000     -1          1
75              0              0         0 0.000000000     -1          1
76              0              0         0 0.000000000     -1          2
77              0              0         0 0.000000000     -1          1
78              0              0         0 0.000000000     -1          2
79             90             91         2 0.811452947      1          0
80              0              0         0 0.000000000     -1          1
81             92             93         2 0.202556029      1          0
82             94             95         2 0.389302542      1          0
83             96             97         2 0.488362788      1          0
84              0              0         0 0.000000000     -1          2
85              0              0         0 0.000000000     -1          2
86              0              0         0 0.000000000     -1          1
87              0              0         0 0.000000000     -1          2
88              0              0         0 0.000000000     -1          1
89             98             99         1 0.628740883      1          0
90              0              0         0 0.000000000     -1          2
91              0              0         0 0.000000000     -1          1
92              0              0         0 0.000000000     -1          2
93            100            101         1 0.179539934      1          0
94            102            103         1 0.264040476      1          0
95              0              0         0 0.000000000     -1          1
96              0              0         0 0.000000000     -1          2
97            104            105         2 0.497708114      1          0
98            106            107         1 0.552608893      1          0
99            108            109         1 0.632534820      1          0
100             0              0         0 0.000000000     -1          1
101             0              0         0 0.000000000     -1          1
102             0              0         0 0.000000000     -1          2
103             0              0         0 0.000000000     -1          2
104             0              0         0 0.000000000     -1          1
105           110            111         1 0.481757763      1          0
106             0              0         0 0.000000000     -1          1
107             0              0         0 0.000000000     -1          1
108             0              0         0 0.000000000     -1          2
109           112            113         2 0.393341864      1          0
110           114            115         2 0.747457434      1          0
111             0              0         0 0.000000000     -1          2
112             0              0         0 0.000000000     -1          2
113             0              0         0 0.000000000     -1          1
114           116            117         1 0.137706096      1          0
115             0              0         0 0.000000000     -1          2
116           118            119         1 0.130051694      1          0
117             0              0         0 0.000000000     -1          2
118           120            121         2 0.728203943      1          0
119             0              0         0 0.000000000     -1          1
120           122            123         1 0.095712623      1          0
121             0              0         0 0.000000000     -1          1
122             0              0         0 0.000000000     -1          2
123             0              0         0 0.000000000     -1          2
