    left daughter right daughter split var split point status prediction
1               2              3         1  0.53513226      1          0
2               4              5         2  0.28623873      1          0
3               6              7         2  0.78917606      1          0
4               8              9         1  0.34362070      1          0
5              10             11         1  0.50839000      1          0
6              12             13         2  0.70913563      1          0
7              14             15         2  0.94794899      1          0
8              16             17         1  0.34294983      1          0
9               0              0         0  0.00000000     -1          1
10             18             19         2  0.87617043      1          0
11             20             21         1  0.51062900      1          0
12             22             23         1  0.55734921      1          0
13             24             25         2  0.71255412      1          0
14             26             27         2  0.85525425      1          0
15             28             29         2  0.95060290      1          0
16             30             31         1  0.05942225      1          0
17              0              0         0  0.00000000     -1          2
18             32             33         1  0.13266530      1          0
19             34             35         2  0.88192525      1          0
20              0              0         0  0.00000000     -1          1
21             36             37         2  0.57683930      1          0
22              0              0         0  0.00000000     -1          1
23             38             39         1  0.55840595      1          0
24              0              0         0  0.00000000     -1          2
25             40             41         1  0.89048567      1          0
26             42             43         1  0.64178558      1          0
27              0              0         0  0.00000000     -1          2
28              0              0         0  0.00000000     -1          1
29             44             45         1  0.75682293      1          0
30             46             47         1  0.02347543      1          0
31             48             49         2  0.27133984      1          0
32             50             51         1  0.13005169      1          0
33             52             53         1  0.47411428      1          0
34              0              0         0  0.00000000     -1          1
35             54             55         2  0.98276838      1          0
36              0              0         0  0.00000000     -1          1
37              0              0         0  0.00000000     -1          2
38              0              0         0  0.00000000     -1          2
39             56             57         2  0.65969449      1          0
40             58             59         2  0.72720551      1          0
41              0              0         0  0.00000000     -1          1
42              0              0         0  0.00000000     -1          1
43              0              0         0  0.00000000     -1          2
44              0              0         0  0.00000000     -1          2
45              0              0         0  0.00000000     -1          2
46              0              0         0  0.00000000     -1          1
47              0              0         0  0.00000000     -1          1
48             60             61         2  0.15575750      1          0
49              0              0         0  0.00000000     -1          2
50             62             63         1  0.09127365      1          0
51              0              0         0  0.00000000     -1          1
52             64             65         2  0.36724765      1          0
53              0              0         0  0.00000000     -1          2
54             66             67         1  0.48344762      1          0
55              0              0         0  0.00000000     -1          2
56             68             69         2  0.57911465      1          0
57             70             71         1  0.65298953      1          0
58              0              0         0  0.00000000     -1          1
59             72             73         1  0.86772899      1          0
60             74             75         1  0.07001157      1          0
61             76             77         1  0.17953993      1          0
62             78             79         1  0.09061910      1          0
63              0              0         0  0.00000000     -1          2
64             80             81         1  0.27533149      1          0
65             82             83         2  0.72605320      1          0
66             84             85         1  0.15288995      1          0
67              0              0         0  0.00000000     -1          1
68             86             87         1  0.62253778      1          0
69              0              0         0  0.00000000     -1          1
70              0              0         0  0.00000000     -1          2
71             88             89         2  0.69410205      1          0
72             90             91         1  0.82360823      1          0
73              0              0         0  0.00000000     -1          2
74              0              0         0  0.00000000     -1          2
75             92             93         2  0.11652506      1          0
76              0              0         0  0.00000000     -1          1
77             94             95         2  0.26088201      1          0
78             96             97         2  0.39361622      1          0
79              0              0         0  0.00000000     -1          1
80              0              0         0  0.00000000     -1          2
81              0              0         0  0.00000000     -1          2
82              0              0         0  0.00000000     -1          2
83             98             99         1  0.27518430      1          0
84              0              0         0  0.00000000     -1          2
85            100            101         2  0.97900872      1          0
86              0              0         0  0.00000000     -1          1
87            102            103         2  0.57438187      1          0
88              0              0         0  0.00000000     -1          1
89              0              0         0  0.00000000     -1          1
90              0              0         0  0.00000000     -1          2
91              0              0         0  0.00000000     -1          1
92            104            105         2  0.03332682      1          0
93              0              0         0  0.00000000     -1          1
94              0              0         0  0.00000000     -1          1
95              0              0         0  0.00000000     -1          2
96              0              0         0  0.00000000     -1          2
97            106            107         2  0.67489949      1          0
98            108            109         2  0.72793471      1          0
99              0              0         0  0.00000000     -1          2
100           110            111         2  0.96598697      1          0
101             0              0         0  0.00000000     -1          1
102           112            113         1  0.76129878      1          0
103             0              0         0  0.00000000     -1          2
104             0              0         0  0.00000000     -1          1
105             0              0         0  0.00000000     -1          1
106           114            115         2  0.53456842      1          0
107           116            117         1  0.07378699      1          0
108             0              0         0  0.00000000     -1          1
109             0              0         0  0.00000000     -1          2
110           118            119         1  0.22280424      1          0
111             0              0         0  0.00000000     -1          2
112           120            121         2  0.46509115      1          0
113           122            123         2  0.06374692      1          0
114             0              0         0  0.00000000     -1          2
115             0              0         0  0.00000000     -1          2
116             0              0         0  0.00000000     -1          2
117             0              0         0  0.00000000     -1          2
118             0              0         0  0.00000000     -1          1
119             0              0         0  0.00000000     -1          2
120           124            125         2  0.46325339      1          0
121             0              0         0  0.00000000     -1          1
122             0              0         0  0.00000000     -1          1
123           126            127         2  0.23132933      1          0
124             0              0         0  0.00000000     -1          1
125             0              0         0  0.00000000     -1          2
126             0              0         0  0.00000000     -1          1
127             0              0         0  0.00000000     -1          1
