    left daughter right daughter split var split point status prediction
1               2              3         2  0.58799923      1          0
2               4              5         1  0.50940933      1          0
3               6              7         1  0.65063488      1          0
4               8              9         1  0.30037645      1          0
5              10             11         1  0.98625916      1          0
6              12             13         2  0.99184214      1          0
7              14             15         1  0.67777167      1          0
8              16             17         2  0.28939301      1          0
9              18             19         2  0.29624554      1          0
10             20             21         2  0.30461468      1          0
11              0              0         0  0.00000000     -1          1
12             22             23         1  0.02305140      1          0
13              0              0         0  0.00000000     -1          1
14              0              0         0  0.00000000     -1          1
15             24             25         1  0.80014282      1          0
16             26             27         2  0.27305511      1          0
17             28             29         1  0.01657568      1          0
18             30             31         1  0.34362070      1          0
19             32             33         2  0.42458468      1          0
20             34             35         1  0.63431512      1          0
21             36             37         1  0.55037288      1          0
22              0              0         0  0.00000000     -1          1
23             38             39         1  0.49791208      1          0
24             40             41         2  0.70109474      1          0
25             42             43         2  0.78917606      1          0
26             44             45         2  0.03332682      1          0
27              0              0         0  0.00000000     -1          1
28              0              0         0  0.00000000     -1          2
29             46             47         1  0.26990432      1          0
30             48             49         2  0.23230800      1          0
31              0              0         0  0.00000000     -1          1
32             50             51         1  0.46375706      1          0
33              0              0         0  0.00000000     -1          2
34              0              0         0  0.00000000     -1          1
35             52             53         1  0.64723122      1          0
36             54             55         1  0.54596717      1          0
37             56             57         1  0.93007473      1          0
38             58             59         2  0.96598697      1          0
39             60             61         2  0.74800902      1          0
40              0              0         0  0.00000000     -1          1
41             62             63         1  0.76628038      1          0
42             64             65         2  0.61484622      1          0
43             66             67         2  0.95152956      1          0
44              0              0         0  0.00000000     -1          1
45             68             69         1  0.29699918      1          0
46             70             71         1  0.13770610      1          0
47              0              0         0  0.00000000     -1          2
48              0              0         0  0.00000000     -1          1
49              0              0         0  0.00000000     -1          2
50              0              0         0  0.00000000     -1          2
51              0              0         0  0.00000000     -1          1
52              0              0         0  0.00000000     -1          2
53             72             73         1  0.79600197      1          0
54              0              0         0  0.00000000     -1          1
55              0              0         0  0.00000000     -1          2
56             74             75         2  0.30714874      1          0
57              0              0         0  0.00000000     -1          1
58             76             77         1  0.09686727      1          0
59              0              0         0  0.00000000     -1          2
60             78             79         2  0.63389785      1          0
61             80             81         1  0.53278430      1          0
62              0              0         0  0.00000000     -1          2
63              0              0         0  0.00000000     -1          2
64              0              0         0  0.00000000     -1          2
65             82             83         2  0.73576848      1          0
66              0              0         0  0.00000000     -1          2
67              0              0         0  0.00000000     -1          2
68             84             85         2  0.22464005      1          0
69              0              0         0  0.00000000     -1          2
70             86             87         2  0.57358855      1          0
71              0              0         0  0.00000000     -1          2
72             88             89         2  0.06259269      1          0
73              0              0         0  0.00000000     -1          1
74              0              0         0  0.00000000     -1          2
75             90             91         1  0.92547799      1          0
76             92             93         1  0.09288146      1          0
77             94             95         1  0.18092684      1          0
78              0              0         0  0.00000000     -1          2
79              0              0         0  0.00000000     -1          2
80              0              0         0  0.00000000     -1          1
81             96             97         2  0.76638730      1          0
82              0              0         0  0.00000000     -1          1
83              0              0         0  0.00000000     -1          2
84              0              0         0  0.00000000     -1          1
85              0              0         0  0.00000000     -1          1
86             98             99         2  0.34367265      1          0
87              0              0         0  0.00000000     -1          1
88              0              0         0  0.00000000     -1          1
89              0              0         0  0.00000000     -1          1
90            100            101         2  0.52751386      1          0
91              0              0         0  0.00000000     -1          2
92            102            103         1  0.07045793      1          0
93              0              0         0  0.00000000     -1          1
94              0              0         0  0.00000000     -1          2
95            104            105         1  0.18362207      1          0
96              0              0         0  0.00000000     -1          1
97            106            107         2  0.82280831      1          0
98              0              0         0  0.00000000     -1          2
99            108            109         1  0.08283379      1          0
100           110            111         1  0.89596334      1          0
101             0              0         0  0.00000000     -1          1
102             0              0         0  0.00000000     -1          2
103             0              0         0  0.00000000     -1          2
104             0              0         0  0.00000000     -1          1
105           112            113         2  0.78689563      1          0
106             0              0         0  0.00000000     -1          2
107           114            115         1  0.63293264      1          0
108             0              0         0  0.00000000     -1          2
109             0              0         0  0.00000000     -1          2
110           116            117         1  0.67870889      1          0
111             0              0         0  0.00000000     -1          1
112           118            119         2  0.78337183      1          0
113             0              0         0  0.00000000     -1          2
114             0              0         0  0.00000000     -1          2
115             0              0         0  0.00000000     -1          2
116           120            121         1  0.65275238      1          0
117           122            123         1  0.85130502      1          0
118           124            125         2  0.72605320      1          0
119             0              0         0  0.00000000     -1          1
120           126            127         1  0.62923209      1          0
121             0              0         0  0.00000000     -1          1
122             0              0         0  0.00000000     -1          1
123             0              0         0  0.00000000     -1          1
124             0              0         0  0.00000000     -1          2
125             0              0         0  0.00000000     -1          2
126             0              0         0  0.00000000     -1          1
127             0              0         0  0.00000000     -1          1
