    left daughter right daughter split var split point status prediction
1               2              3         2 0.296560249      1          0
2               4              5         2 0.001085088      1          0
3               6              7         2 0.731729498      1          0
4               0              0         0 0.000000000     -1          2
5               8              9         2 0.231329331      1          0
6              10             11         2 0.307148742      1          0
7              12             13         2 0.965375311      1          0
8              14             15         1 0.216539884      1          0
9              16             17         1 0.355026184      1          0
10              0              0         0 0.000000000     -1          2
11             18             19         2 0.651906642      1          0
12             20             21         1 0.094871866      1          0
13             22             23         1 0.329498154      1          0
14             24             25         1 0.208835636      1          0
15             26             27         2 0.034014474      1          0
16             28             29         2 0.271339842      1          0
17             30             31         1 0.626120592      1          0
18             32             33         2 0.651016151      1          0
19             34             35         1 0.639855934      1          0
20             36             37         1 0.089307590      1          0
21             38             39         2 0.787169229      1          0
22              0              0         0 0.000000000     -1          1
23             40             41         2 0.970243237      1          0
24             42             43         1 0.105260470      1          0
25              0              0         0 0.000000000     -1          2
26             44             45         2 0.029553741      1          0
27             46             47         2 0.126233611      1          0
28              0              0         0 0.000000000     -1          1
29              0              0         0 0.000000000     -1          2
30              0              0         0 0.000000000     -1          1
31             48             49         2 0.237255290      1          0
32             50             51         1 0.509377548      1          0
33              0              0         0 0.000000000     -1          1
34             52             53         2 0.684121765      1          0
35             54             55         1 0.765450539      1          0
36             56             57         2 0.888068903      1          0
37              0              0         0 0.000000000     -1          1
38             58             59         1 0.874371529      1          0
39             60             61         1 0.528620733      1          0
40              0              0         0 0.000000000     -1          1
41             62             63         1 0.756822932      1          0
42             64             65         1 0.059422251      1          0
43              0              0         0 0.000000000     -1          1
44              0              0         0 0.000000000     -1          1
45              0              0         0 0.000000000     -1          2
46             66             67         1 0.303159300      1          0
47              0              0         0 0.000000000     -1          1
48              0              0         0 0.000000000     -1          2
49              0              0         0 0.000000000     -1          1
50             68             69         1 0.134584572      1          0
51             70             71         1 0.964702686      1          0
52              0              0         0 0.000000000     -1          2
53             72             73         1 0.142473335      1          0
54              0              0         0 0.000000000     -1          1
55              0              0         0 0.000000000     -1          1
56              0              0         0 0.000000000     -1          2
57              0              0         0 0.000000000     -1          2
58             74             75         1 0.527946905      1          0
59              0              0         0 0.000000000     -1          2
60             76             77         1 0.186633975      1          0
61             78             79         1 0.532784304      1          0
62              0              0         0 0.000000000     -1          2
63              0              0         0 0.000000000     -1          2
64              0              0         0 0.000000000     -1          1
65              0              0         0 0.000000000     -1          1
66              0              0         0 0.000000000     -1          1
67             80             81         1 0.700901951      1          0
68             82             83         2 0.492453057      1          0
69             84             85         1 0.473126444      1          0
70             86             87         1 0.842496924      1          0
71              0              0         0 0.000000000     -1          1
72              0              0         0 0.000000000     -1          1
73              0              0         0 0.000000000     -1          2
74             88             89         1 0.516761699      1          0
75              0              0         0 0.000000000     -1          2
76             90             91         2 0.908074105      1          0
77              0              0         0 0.000000000     -1          2
78              0              0         0 0.000000000     -1          1
79             92             93         2 0.947948993      1          0
80             94             95         1 0.694457259      1          0
81              0              0         0 0.000000000     -1          1
82             96             97         1 0.079624134      1          0
83             98             99         2 0.497708114      1          0
84              0              0         0 0.000000000     -1          2
85              0              0         0 0.000000000     -1          2
86            100            101         2 0.574795448      1          0
87            102            103         2 0.565621629      1          0
88            104            105         1 0.426886042      1          0
89              0              0         0 0.000000000     -1          1
90              0              0         0 0.000000000     -1          2
91              0              0         0 0.000000000     -1          2
92            106            107         1 0.772870698      1          0
93              0              0         0 0.000000000     -1          2
94              0              0         0 0.000000000     -1          1
95              0              0         0 0.000000000     -1          2
96              0              0         0 0.000000000     -1          2
97              0              0         0 0.000000000     -1          2
98              0              0         0 0.000000000     -1          1
99            108            109         1 0.130051694      1          0
100           110            111         1 0.836317038      1          0
101           112            113         1 0.560905749      1          0
102             0              0         0 0.000000000     -1          1
103             0              0         0 0.000000000     -1          1
104             0              0         0 0.000000000     -1          2
105             0              0         0 0.000000000     -1          2
106           114            115         1 0.766280381      1          0
107             0              0         0 0.000000000     -1          2
108           116            117         1 0.032014125      1          0
109             0              0         0 0.000000000     -1          1
110           118            119         2 0.493688322      1          0
111             0              0         0 0.000000000     -1          2
112             0              0         0 0.000000000     -1          2
113           120            121         1 0.737923679      1          0
114           122            123         1 0.673507323      1          0
115             0              0         0 0.000000000     -1          1
116             0              0         0 0.000000000     -1          2
117             0              0         0 0.000000000     -1          2
118           124            125         1 0.781620533      1          0
119           126            127         2 0.553158352      1          0
120             0              0         0 0.000000000     -1          1
121             0              0         0 0.000000000     -1          1
122             0              0         0 0.000000000     -1          2
123             0              0         0 0.000000000     -1          2
124             0              0         0 0.000000000     -1          1
125             0              0         0 0.000000000     -1          1
126             0              0         0 0.000000000     -1          1
127             0              0         0 0.000000000     -1          1
