    left daughter right daughter split var split point status prediction
1               2              3         2 0.337823971      1          0
2               4              5         2 0.284454437      1          0
3               6              7         2 0.701804419      1          0
4               8              9         1 0.895590864      1          0
5              10             11         2 0.325600783      1          0
6              12             13         1 0.520872088      1          0
7              14             15         2 0.786146110      1          0
8              16             17         2 0.001085088      1          0
9               0              0         0 0.000000000     -1          1
10             18             19         1 0.414818298      1          0
11              0              0         0 0.000000000     -1          1
12             20             21         2 0.495989087      1          0
13             22             23         1 0.633711487      1          0
14             24             25         1 0.798857115      1          0
15             26             27         1 0.772870698      1          0
16              0              0         0 0.000000000     -1          2
17             28             29         2 0.236183002      1          0
18              0              0         0 0.000000000     -1          2
19             30             31         2 0.317988435      1          0
20             32             33         1 0.458864503      1          0
21             34             35         2 0.684121765      1          0
22             36             37         1 0.629232092      1          0
23             38             39         1 0.929909487      1          0
24             40             41         1 0.091273645      1          0
25              0              0         0 0.000000000     -1          1
26             42             43         2 0.993594554      1          0
27             44             45         1 0.874431598      1          0
28             46             47         1 0.216539884      1          0
29             48             49         1 0.626120592      1          0
30              0              0         0 0.000000000     -1          1
31              0              0         0 0.000000000     -1          1
32             50             51         1 0.083507158      1          0
33              0              0         0 0.000000000     -1          1
34             52             53         2 0.565266198      1          0
35              0              0         0 0.000000000     -1          2
36             54             55         1 0.619901084      1          0
37              0              0         0 0.000000000     -1          2
38             56             57         2 0.697599667      1          0
39             58             59         1 0.930487533      1          0
40              0              0         0 0.000000000     -1          2
41             60             61         1 0.426886042      1          0
42             62             63         2 0.812268325      1          0
43              0              0         0 0.000000000     -1          1
44             64             65         1 0.857251353      1          0
45              0              0         0 0.000000000     -1          2
46             66             67         2 0.064561301      1          0
47             68             69         1 0.787374689      1          0
48             70             71         2 0.247902242      1          0
49              0              0         0 0.000000000     -1          1
50             72             73         1 0.082833789      1          0
51              0              0         0 0.000000000     -1          2
52             74             75         2 0.564547453      1          0
53              0              0         0 0.000000000     -1          2
54             76             77         2 0.590737224      1          0
55              0              0         0 0.000000000     -1          1
56             78             79         1 0.675951653      1          0
57              0              0         0 0.000000000     -1          1
58              0              0         0 0.000000000     -1          2
59             80             81         2 0.429226923      1          0
60              0              0         0 0.000000000     -1          2
61             82             83         1 0.435681679      1          0
62              0              0         0 0.000000000     -1          2
63             84             85         1 0.761813228      1          0
64              0              0         0 0.000000000     -1          2
65              0              0         0 0.000000000     -1          1
66              0              0         0 0.000000000     -1          1
67             86             87         1 0.208835636      1          0
68             88             89         1 0.301091188      1          0
69             90             91         1 0.796001970      1          0
70              0              0         0 0.000000000     -1          1
71             92             93         2 0.271339842      1          0
72              0              0         0 0.000000000     -1          2
73              0              0         0 0.000000000     -1          1
74              0              0         0 0.000000000     -1          2
75              0              0         0 0.000000000     -1          1
76              0              0         0 0.000000000     -1          1
77              0              0         0 0.000000000     -1          2
78              0              0         0 0.000000000     -1          1
79             94             95         2 0.456528998      1          0
80              0              0         0 0.000000000     -1          1
81              0              0         0 0.000000000     -1          1
82              0              0         0 0.000000000     -1          1
83             96             97         2 0.749848799      1          0
84             98             99         1 0.023051402      1          0
85              0              0         0 0.000000000     -1          1
86            100            101         1 0.023442429      1          0
87              0              0         0 0.000000000     -1          2
88            102            103         1 0.296999177      1          0
89              0              0         0 0.000000000     -1          1
90              0              0         0 0.000000000     -1          2
91              0              0         0 0.000000000     -1          1
92              0              0         0 0.000000000     -1          1
93              0              0         0 0.000000000     -1          1
94            104            105         1 0.691121325      1          0
95            106            107         1 0.748306997      1          0
96              0              0         0 0.000000000     -1          2
97              0              0         0 0.000000000     -1          2
98              0              0         0 0.000000000     -1          1
99            108            109         1 0.390969277      1          0
100             0              0         0 0.000000000     -1          1
101             0              0         0 0.000000000     -1          1
102             0              0         0 0.000000000     -1          1
103             0              0         0 0.000000000     -1          2
104             0              0         0 0.000000000     -1          2
105           110            111         1 0.845914690      1          0
106           112            113         1 0.734611318      1          0
107             0              0         0 0.000000000     -1          1
108           114            115         1 0.075682655      1          0
109           116            117         1 0.394699831      1          0
110             0              0         0 0.000000000     -1          1
111             0              0         0 0.000000000     -1          1
112             0              0         0 0.000000000     -1          1
113             0              0         0 0.000000000     -1          2
114             0              0         0 0.000000000     -1          2
115           118            119         1 0.190892331      1          0
116             0              0         0 0.000000000     -1          1
117           120            121         1 0.511459870      1          0
118           122            123         1 0.180926842      1          0
119             0              0         0 0.000000000     -1          2
120           124            125         1 0.469758531      1          0
121           126            127         1 0.677118259      1          0
122             0              0         0 0.000000000     -1          2
123             0              0         0 0.000000000     -1          1
124             0              0         0 0.000000000     -1          2
125             0              0         0 0.000000000     -1          1
126             0              0         0 0.000000000     -1          2
127             0              0         0 0.000000000     -1          2
