    left daughter right daughter split var split point status prediction
1               2              3         2  0.33769999      1          0
2               4              5         2  0.27172715      1          0
3               6              7         1  0.53484366      1          0
4               8              9         1  0.07001157      1          0
5              10             11         2  0.27493750      1          0
6              12             13         1  0.47179082      1          0
7              14             15         1  0.70701768      1          0
8              16             17         1  0.05942225      1          0
9              18             19         1  0.69650865      1          0
10              0              0         0  0.00000000     -1          2
11             20             21         2  0.29656025      1          0
12             22             23         1  0.13183104      1          0
13             24             25         2  0.50195778      1          0
14             26             27         1  0.64349238      1          0
15             28             29         1  0.76023792      1          0
16              0              0         0  0.00000000     -1          1
17              0              0         0  0.00000000     -1          2
18             30             31         1  0.34362070      1          0
19             32             33         2  0.06186352      1          0
20             34             35         2  0.28611274      1          0
21             36             37         2  0.29847395      1          0
22             38             39         1  0.13005169      1          0
23             40             41         2  0.98931697      1          0
24              0              0         0  0.00000000     -1          1
25             42             43         1  0.47298713      1          0
26             44             45         1  0.64144422      1          0
27             46             47         2  0.69759967      1          0
28             48             49         2  0.58165930      1          0
29             50             51         2  0.78917606      1          0
30             52             53         1  0.33859091      1          0
31              0              0         0  0.00000000     -1          1
32             54             55         2  0.05484326      1          0
33             56             57         1  0.70090195      1          0
34             58             59         2  0.28445444      1          0
35              0              0         0  0.00000000     -1          1
36              0              0         0  0.00000000     -1          2
37             60             61         2  0.32560078      1          0
38             62             63         2  0.51875927      1          0
39              0              0         0  0.00000000     -1          1
40             64             65         1  0.16110500      1          0
41              0              0         0  0.00000000     -1          1
42              0              0         0  0.00000000     -1          1
43             66             67         1  0.49877742      1          0
44             68             69         2  0.64569766      1          0
45              0              0         0  0.00000000     -1          2
46             70             71         2  0.36362927      1          0
47              0              0         0  0.00000000     -1          2
48              0              0         0  0.00000000     -1          1
49             72             73         2  0.74407608      1          0
50             74             75         2  0.62492662      1          0
51             76             77         1  0.77292776      1          0
52             78             79         1  0.17704234      1          0
53              0              0         0  0.00000000     -1          2
54             80             81         2  0.03401447      1          0
55              0              0         0  0.00000000     -1          2
56              0              0         0  0.00000000     -1          2
57             82             83         2  0.23626212      1          0
58              0              0         0  0.00000000     -1          1
59              0              0         0  0.00000000     -1          2
60             84             85         2  0.32439353      1          0
61              0              0         0  0.00000000     -1          1
62             86             87         2  0.48459140      1          0
63             88             89         2  0.73146049      1          0
64              0              0         0  0.00000000     -1          2
65             90             91         1  0.27708895      1          0
66              0              0         0  0.00000000     -1          2
67             92             93         2  0.81021189      1          0
68             94             95         1  0.62923209      1          0
69             96             97         2  0.85553750      1          0
70              0              0         0  0.00000000     -1          2
71             98             99         1  0.67595165      1          0
72              0              0         0  0.00000000     -1          2
73              0              0         0  0.00000000     -1          2
74            100            101         2  0.52606484      1          0
75            102            103         2  0.74452361      1          0
76              0              0         0  0.00000000     -1          1
77            104            105         1  0.87466380      1          0
78              0              0         0  0.00000000     -1          1
79            106            107         1  0.18156233      1          0
80              0              0         0  0.00000000     -1          1
81              0              0         0  0.00000000     -1          1
82              0              0         0  0.00000000     -1          1
83              0              0         0  0.00000000     -1          1
84            108            109         2  0.32346546      1          0
85              0              0         0  0.00000000     -1          2
86            110            111         2  0.39361622      1          0
87              0              0         0  0.00000000     -1          1
88              0              0         0  0.00000000     -1          2
89            112            113         1  0.03600028      1          0
90            114            115         1  0.27245830      1          0
91              0              0         0  0.00000000     -1          2
92              0              0         0  0.00000000     -1          2
93              0              0         0  0.00000000     -1          2
94            116            117         2  0.49418029      1          0
95              0              0         0  0.00000000     -1          1
96              0              0         0  0.00000000     -1          2
97              0              0         0  0.00000000     -1          2
98              0              0         0  0.00000000     -1          1
99            118            119         2  0.41009010      1          0
100           120            121         1  0.97518145      1          0
101           122            123         2  0.52776941      1          0
102           124            125         2  0.71050250      1          0
103             0              0         0  0.00000000     -1          1
104           126            127         2  0.96402250      1          0
105             0              0         0  0.00000000     -1          2
106             0              0         0  0.00000000     -1          2
107             0              0         0  0.00000000     -1          1
108             0              0         0  0.00000000     -1          1
109             0              0         0  0.00000000     -1          1
110             0              0         0  0.00000000     -1          2
111             0              0         0  0.00000000     -1          2
112             0              0         0  0.00000000     -1          2
113             0              0         0  0.00000000     -1          2
114             0              0         0  0.00000000     -1          2
115             0              0         0  0.00000000     -1          1
116             0              0         0  0.00000000     -1          1
117             0              0         0  0.00000000     -1          1
118             0              0         0  0.00000000     -1          2
119             0              0         0  0.00000000     -1          1
120             0              0         0  0.00000000     -1          1
121             0              0         0  0.00000000     -1          1
122             0              0         0  0.00000000     -1          2
123             0              0         0  0.00000000     -1          1
124             0              0         0  0.00000000     -1          1
125             0              0         0  0.00000000     -1          1
126             0              0         0  0.00000000     -1          2
127             0              0         0  0.00000000     -1          1
