    left daughter right daughter split var split point status prediction
1               2              3         1 0.468048645      1          0
2               4              5         1 0.442013422      1          0
3               6              7         1 0.811516307      1          0
4               8              9         2 0.284454437      1          0
5               0              0         0 0.000000000     -1          2
6              10             11         2 0.571521608      1          0
7              12             13         2 0.789176059      1          0
8              14             15         2 0.001085088      1          0
9              16             17         2 0.965118383      1          0
10             18             19         2 0.236089567      1          0
11             20             21         2 0.658000770      1          0
12             22             23         1 0.898918028      1          0
13             24             25         1 0.874663796      1          0
14              0              0         0 0.000000000     -1          2
15             26             27         1 0.019140484      1          0
16             28             29         1 0.426886042      1          0
17              0              0         0 0.000000000     -1          2
18             30             31         2 0.065669596      1          0
19             32             33         2 0.236679782      1          0
20             34             35         1 0.544808158      1          0
21             36             37         2 0.944648107      1          0
22             38             39         2 0.732766056      1          0
23             40             41         1 0.936089313      1          0
24              0              0         0 0.000000000     -1          2
25              0              0         0 0.000000000     -1          2
26              0              0         0 0.000000000     -1          1
27             42             43         1 0.344849406      1          0
28             44             45         1 0.096867270      1          0
29              0              0         0 0.000000000     -1          2
30             46             47         2 0.057891330      1          0
31              0              0         0 0.000000000     -1          1
32              0              0         0 0.000000000     -1          2
33             48             49         1 0.808220293      1          0
34              0              0         0 0.000000000     -1          2
35             50             51         1 0.792927234      1          0
36             52             53         1 0.659388390      1          0
37             54             55         1 0.539491069      1          0
38             56             57         1 0.896659272      1          0
39              0              0         0 0.000000000     -1          2
40              0              0         0 0.000000000     -1          1
41             58             59         2 0.275085103      1          0
42             60             61         2 0.267766734      1          0
43              0              0         0 0.000000000     -1          1
44             62             63         2 0.676999433      1          0
45             64             65         2 0.367247654      1          0
46              0              0         0 0.000000000     -1          1
47              0              0         0 0.000000000     -1          2
48             66             67         1 0.558405948      1          0
49              0              0         0 0.000000000     -1          2
50             68             69         2 0.598969460      1          0
51              0              0         0 0.000000000     -1          2
52             70             71         2 0.808659168      1          0
53             72             73         1 0.678122514      1          0
54              0              0         0 0.000000000     -1          1
55              0              0         0 0.000000000     -1          2
56             74             75         1 0.838785590      1          0
57              0              0         0 0.000000000     -1          2
58              0              0         0 0.000000000     -1          1
59             76             77         1 0.938234782      1          0
60             78             79         1 0.342949833      1          0
61              0              0         0 0.000000000     -1          2
62             80             81         2 0.499399690      1          0
63              0              0         0 0.000000000     -1          2
64             82             83         1 0.257970034      1          0
65             84             85         2 0.726053202      1          0
66             86             87         1 0.558048187      1          0
67             88             89         1 0.788421077      1          0
68              0              0         0 0.000000000     -1          2
69              0              0         0 0.000000000     -1          1
70              0              0         0 0.000000000     -1          2
71             90             91         2 0.830070834      1          0
72              0              0         0 0.000000000     -1          1
73             92             93         1 0.701480242      1          0
74             94             95         2 0.440729294      1          0
75              0              0         0 0.000000000     -1          1
76              0              0         0 0.000000000     -1          2
77             96             97         1 0.986902179      1          0
78             98             99         2 0.061654748      1          0
79              0              0         0 0.000000000     -1          2
80              0              0         0 0.000000000     -1          2
81            100            101         2 0.518759271      1          0
82              0              0         0 0.000000000     -1          2
83              0              0         0 0.000000000     -1          2
84              0              0         0 0.000000000     -1          2
85            102            103         1 0.269317171      1          0
86            104            105         1 0.547428360      1          0
87              0              0         0 0.000000000     -1          2
88            106            107         2 0.391849283      1          0
89              0              0         0 0.000000000     -1          1
90              0              0         0 0.000000000     -1          1
91            108            109         1 0.511459870      1          0
92              0              0         0 0.000000000     -1          1
93            110            111         2 0.744076080      1          0
94              0              0         0 0.000000000     -1          1
95              0              0         0 0.000000000     -1          1
96              0              0         0 0.000000000     -1          1
97              0              0         0 0.000000000     -1          1
98            112            113         2 0.060809167      1          0
99              0              0         0 0.000000000     -1          1
100             0              0         0 0.000000000     -1          1
101             0              0         0 0.000000000     -1          2
102             0              0         0 0.000000000     -1          2
103           114            115         1 0.275184302      1          0
104           116            117         1 0.472549586      1          0
105             0              0         0 0.000000000     -1          1
106           118            119         1 0.669046455      1          0
107             0              0         0 0.000000000     -1          1
108             0              0         0 0.000000000     -1          2
109             0              0         0 0.000000000     -1          2
110             0              0         0 0.000000000     -1          1
111             0              0         0 0.000000000     -1          2
112             0              0         0 0.000000000     -1          1
113             0              0         0 0.000000000     -1          2
114             0              0         0 0.000000000     -1          1
115             0              0         0 0.000000000     -1          2
116             0              0         0 0.000000000     -1          2
117           120            121         2 0.520987517      1          0
118             0              0         0 0.000000000     -1          1
119             0              0         0 0.000000000     -1          1
120             0              0         0 0.000000000     -1          1
121             0              0         0 0.000000000     -1          1
