    left daughter right daughter split var split point status prediction
1               2              3         2 0.338064081      1          0
2               4              5         1 0.005877747      1          0
3               6              7         2 0.750770089      1          0
4               0              0         0 0.000000000     -1          2
5               8              9         2 0.267203505      1          0
6              10             11         2 0.658264717      1          0
7              12             13         1 0.858805678      1          0
8              14             15         1 0.216539884      1          0
9              16             17         1 0.422315742      1          0
10             18             19         1 0.509377548      1          0
11             20             21         1 0.640134615      1          0
12             22             23         1 0.523860409      1          0
13             24             25         1 0.864848977      1          0
14             26             27         1 0.208835636      1          0
15             28             29         2 0.001614436      1          0
16             30             31         2 0.284952254      1          0
17             32             33         1 0.808220293      1          0
18             34             35         1 0.498593134      1          0
19             36             37         2 0.587999230      1          0
20             38             39         2 0.738003866      1          0
21             40             41         1 0.781222676      1          0
22             42             43         1 0.469035213      1          0
23             44             45         2 0.816198249      1          0
24              0              0         0 0.000000000     -1          1
25             46             47         2 0.789176059      1          0
26             48             49         1 0.019140484      1          0
27              0              0         0 0.000000000     -1          2
28              0              0         0 0.000000000     -1          2
29             50             51         1 0.757856262      1          0
30              0              0         0 0.000000000     -1          2
31              0              0         0 0.000000000     -1          2
32              0              0         0 0.000000000     -1          1
33             52             53         2 0.308089133      1          0
34             54             55         1 0.137847821      1          0
35              0              0         0 0.000000000     -1          2
36             56             57         2 0.494870304      1          0
37             58             59         2 0.613323992      1          0
38             60             61         2 0.683805470      1          0
39              0              0         0 0.000000000     -1          1
40              0              0         0 0.000000000     -1          2
41             62             63         2 0.735768477      1          0
42             64             65         2 0.993411653      1          0
43              0              0         0 0.000000000     -1          2
44             66             67         2 0.811452947      1          0
45              0              0         0 0.000000000     -1          2
46              0              0         0 0.000000000     -1          1
47             68             69         1 0.879413400      1          0
48              0              0         0 0.000000000     -1          1
49             70             71         2 0.065849012      1          0
50             72             73         2 0.244811574      1          0
51             74             75         2 0.061863520      1          0
52              0              0         0 0.000000000     -1          2
53              0              0         0 0.000000000     -1          1
54             76             77         1 0.130051694      1          0
55             78             79         2 0.367247654      1          0
56             80             81         1 0.628740883      1          0
57             82             83         2 0.553401705      1          0
58              0              0         0 0.000000000     -1          2
59             84             85         2 0.638310955      1          0
60              0              0         0 0.000000000     -1          2
61             86             87         2 0.685750220      1          0
62              0              0         0 0.000000000     -1          1
63              0              0         0 0.000000000     -1          2
64             88             89         1 0.031463831      1          0
65              0              0         0 0.000000000     -1          1
66              0              0         0 0.000000000     -1          2
67              0              0         0 0.000000000     -1          1
68              0              0         0 0.000000000     -1          2
69              0              0         0 0.000000000     -1          2
70              0              0         0 0.000000000     -1          1
71              0              0         0 0.000000000     -1          1
72              0              0         0 0.000000000     -1          1
73              0              0         0 0.000000000     -1          1
74              0              0         0 0.000000000     -1          1
75              0              0         0 0.000000000     -1          1
76             90             91         2 0.497708114      1          0
77              0              0         0 0.000000000     -1          1
78              0              0         0 0.000000000     -1          2
79              0              0         0 0.000000000     -1          2
80             92             93         2 0.481664032      1          0
81             94             95         2 0.462524666      1          0
82              0              0         0 0.000000000     -1          1
83             96             97         1 0.543974605      1          0
84              0              0         0 0.000000000     -1          1
85              0              0         0 0.000000000     -1          1
86              0              0         0 0.000000000     -1          1
87              0              0         0 0.000000000     -1          2
88              0              0         0 0.000000000     -1          2
89             98             99         1 0.391740193      1          0
90            100            101         1 0.082745554      1          0
91              0              0         0 0.000000000     -1          2
92              0              0         0 0.000000000     -1          1
93              0              0         0 0.000000000     -1          2
94            102            103         2 0.355330804      1          0
95              0              0         0 0.000000000     -1          2
96              0              0         0 0.000000000     -1          1
97              0              0         0 0.000000000     -1          1
98            104            105         2 0.982149488      1          0
99            106            107         2 0.787522187      1          0
100             0              0         0 0.000000000     -1          2
101             0              0         0 0.000000000     -1          1
102             0              0         0 0.000000000     -1          1
103           108            109         2 0.427692236      1          0
104             0              0         0 0.000000000     -1          2
105             0              0         0 0.000000000     -1          2
106             0              0         0 0.000000000     -1          1
107           110            111         1 0.393583382      1          0
108           112            113         2 0.391849283      1          0
109             0              0         0 0.000000000     -1          1
110             0              0         0 0.000000000     -1          1
111             0              0         0 0.000000000     -1          2
112           114            115         1 0.792589621      1          0
113             0              0         0 0.000000000     -1          1
114             0              0         0 0.000000000     -1          1
115             0              0         0 0.000000000     -1          1
