    left daughter right daughter split var split point status prediction
1               2              3         2 0.284454437      1          0
2               4              5         1 0.343620700      1          0
3               6              7         1 0.468447849      1          0
4               8              9         2 0.001085088      1          0
5              10             11         2 0.231917553      1          0
6              12             13         2 0.965986972      1          0
7              14             15         2 0.732009788      1          0
8               0              0         0 0.000000000     -1          2
9              16             17         2 0.226306651      1          0
10              0              0         0 0.000000000     -1          1
11             18             19         1 0.891742449      1          0
12             20             21         1 0.102796011      1          0
13              0              0         0 0.000000000     -1          2
14             22             23         2 0.571521608      1          0
15             24             25         1 0.616825980      1          0
16             26             27         1 0.296999177      1          0
17             28             29         2 0.234911742      1          0
18              0              0         0 0.000000000     -1          1
19              0              0         0 0.000000000     -1          1
20             30             31         1 0.095712623      1          0
21             32             33         1 0.428342298      1          0
22             34             35         1 0.964702686      1          0
23             36             37         1 0.596793346      1          0
24             38             39         1 0.596677566      1          0
25             40             41         1 0.892842740      1          0
26             42             43         2 0.082765425      1          0
27              0              0         0 0.000000000     -1          1
28              0              0         0 0.000000000     -1          2
29             44             45         1 0.269564783      1          0
30             46             47         1 0.018061500      1          0
31              0              0         0 0.000000000     -1          1
32             48             49         2 0.902799366      1          0
33             50             51         1 0.431682489      1          0
34             52             53         1 0.471790821      1          0
35              0              0         0 0.000000000     -1          1
36             54             55         2 0.593659499      1          0
37             56             57         1 0.635964631      1          0
38             58             59         2 0.748009025      1          0
39              0              0         0 0.000000000     -1          1
40             60             61         2 0.744076080      1          0
41             62             63         2 0.798627489      1          0
42             64             65         1 0.108467068      1          0
43             66             67         2 0.199788592      1          0
44             68             69         2 0.275395434      1          0
45              0              0         0 0.000000000     -1          2
46              0              0         0 0.000000000     -1          2
47             70             71         1 0.082745554      1          0
48             72             73         2 0.367247654      1          0
49             74             75         2 0.908074105      1          0
50              0              0         0 0.000000000     -1          1
51             76             77         1 0.445067680      1          0
52              0              0         0 0.000000000     -1          2
53             78             79         2 0.525775747      1          0
54              0              0         0 0.000000000     -1          2
55              0              0         0 0.000000000     -1          2
56              0              0         0 0.000000000     -1          1
57             80             81         1 0.814116372      1          0
58              0              0         0 0.000000000     -1          2
59             82             83         1 0.527946905      1          0
60              0              0         0 0.000000000     -1          1
61             84             85         2 0.837352035      1          0
62              0              0         0 0.000000000     -1          1
63              0              0         0 0.000000000     -1          2
64              0              0         0 0.000000000     -1          2
65              0              0         0 0.000000000     -1          1
66             86             87         2 0.148207793      1          0
67              0              0         0 0.000000000     -1          1
68              0              0         0 0.000000000     -1          1
69              0              0         0 0.000000000     -1          1
70             88             89         2 0.828764752      1          0
71              0              0         0 0.000000000     -1          2
72             90             91         1 0.275331492      1          0
73              0              0         0 0.000000000     -1          2
74              0              0         0 0.000000000     -1          1
75              0              0         0 0.000000000     -1          2
76              0              0         0 0.000000000     -1          2
77              0              0         0 0.000000000     -1          2
78             92             93         1 0.815795649      1          0
79              0              0         0 0.000000000     -1          1
80             94             95         1 0.803160333      1          0
81             96             97         1 0.953814962      1          0
82              0              0         0 0.000000000     -1          1
83             98             99         1 0.572007622      1          0
84            100            101         2 0.832255010      1          0
85              0              0         0 0.000000000     -1          2
86              0              0         0 0.000000000     -1          1
87              0              0         0 0.000000000     -1          1
88              0              0         0 0.000000000     -1          2
89              0              0         0 0.000000000     -1          2
90              0              0         0 0.000000000     -1          2
91              0              0         0 0.000000000     -1          2
92            102            103         1 0.777893642      1          0
93              0              0         0 0.000000000     -1          1
94            104            105         2 0.707768876      1          0
95              0              0         0 0.000000000     -1          2
96              0              0         0 0.000000000     -1          1
97              0              0         0 0.000000000     -1          1
98              0              0         0 0.000000000     -1          2
99              0              0         0 0.000000000     -1          2
100             0              0         0 0.000000000     -1          2
101             0              0         0 0.000000000     -1          1
102           106            107         1 0.678708895      1          0
103             0              0         0 0.000000000     -1          1
104           108            109         1 0.723987438      1          0
105             0              0         0 0.000000000     -1          2
106           110            111         1 0.672988685      1          0
107             0              0         0 0.000000000     -1          1
108             0              0         0 0.000000000     -1          1
109             0              0         0 0.000000000     -1          1
110           112            113         1 0.559600442      1          0
111             0              0         0 0.000000000     -1          2
112           114            115         1 0.557542239      1          0
113           116            117         1 0.652752377      1          0
114           118            119         1 0.547234868      1          0
115             0              0         0 0.000000000     -1          2
116             0              0         0 0.000000000     -1          1
117             0              0         0 0.000000000     -1          1
118           120            121         1 0.493611689      1          0
119             0              0         0 0.000000000     -1          1
120             0              0         0 0.000000000     -1          1
121             0              0         0 0.000000000     -1          1
