    left daughter right daughter split var split point status prediction
1               2              3         1 0.471790821      1          0
2               4              5         2 0.284011340      1          0
3               6              7         1 0.480320708      1          0
4               8              9         1 0.343620700      1          0
5              10             11         2 0.965986972      1          0
6               0              0         0 0.000000000     -1          1
7              12             13         2 0.659694489      1          0
8              14             15         2 0.003225303      1          0
9               0              0         0 0.000000000     -1          1
10             16             17         1 0.019124522      1          0
11             18             19         2 0.969104659      1          0
12             20             21         1 0.534132314      1          0
13             22             23         2 0.744523613      1          0
14              0              0         0 0.000000000     -1          2
15             24             25         1 0.342949833      1          0
16              0              0         0 0.000000000     -1          1
17             26             27         2 0.294432555      1          0
18              0              0         0 0.000000000     -1          1
19              0              0         0 0.000000000     -1          2
20             28             29         1 0.492428400      1          0
21             30             31         1 0.964224191      1          0
22             32             33         2 0.679792132      1          0
23             34             35         2 0.868204242      1          0
24             36             37         1 0.023475427      1          0
25              0              0         0 0.000000000     -1          2
26              0              0         0 0.000000000     -1          2
27             38             39         1 0.134584572      1          0
28              0              0         0 0.000000000     -1          1
29             40             41         2 0.482574128      1          0
30             42             43         2 0.236183002      1          0
31             44             45         2 0.531703744      1          0
32              0              0         0 0.000000000     -1          2
33             46             47         2 0.687275910      1          0
34             48             49         1 0.507592299      1          0
35             50             51         1 0.509112248      1          0
36              0              0         0 0.000000000     -1          1
37             52             53         1 0.179539934      1          0
38             54             55         1 0.130051694      1          0
39             56             57         2 0.367247654      1          0
40              0              0         0 0.000000000     -1          1
41             58             59         2 0.576839297      1          0
42             60             61         2 0.124225807      1          0
43             62             63         1 0.803189730      1          0
44             64             65         2 0.418684474      1          0
45              0              0         0 0.000000000     -1          2
46              0              0         0 0.000000000     -1          1
47             66             67         1 0.765450539      1          0
48              0              0         0 0.000000000     -1          2
49             68             69         2 0.835619442      1          0
50              0              0         0 0.000000000     -1          1
51             70             71         1 0.857251353      1          0
52             72             73         2 0.083451329      1          0
53             74             75         1 0.181562329      1          0
54             76             77         2 0.685183021      1          0
55              0              0         0 0.000000000     -1          1
56             78             79         2 0.355545820      1          0
57             80             81         1 0.181817325      1          0
58              0              0         0 0.000000000     -1          2
59              0              0         0 0.000000000     -1          2
60             82             83         2 0.121619084      1          0
61              0              0         0 0.000000000     -1          1
62             84             85         1 0.678708895      1          0
63             86             87         1 0.810524259      1          0
64              0              0         0 0.000000000     -1          1
65              0              0         0 0.000000000     -1          1
66              0              0         0 0.000000000     -1          2
67              0              0         0 0.000000000     -1          1
68             88             89         2 0.833930289      1          0
69              0              0         0 0.000000000     -1          2
70              0              0         0 0.000000000     -1          2
71             90             91         2 0.946896828      1          0
72              0              0         0 0.000000000     -1          1
73              0              0         0 0.000000000     -1          1
74              0              0         0 0.000000000     -1          2
75             92             93         2 0.277970995      1          0
76             94             95         2 0.393616223      1          0
77             96             97         2 0.753422684      1          0
78              0              0         0 0.000000000     -1          2
79              0              0         0 0.000000000     -1          1
80             98             99         1 0.180926842      1          0
81            100            101         1 0.275184302      1          0
82            102            103         2 0.063507217      1          0
83              0              0         0 0.000000000     -1          2
84            104            105         2 0.244142784      1          0
85            106            107         2 0.240118690      1          0
86              0              0         0 0.000000000     -1          2
87            108            109         2 0.527769407      1          0
88            110            111         2 0.812408280      1          0
89              0              0         0 0.000000000     -1          1
90              0              0         0 0.000000000     -1          2
91              0              0         0 0.000000000     -1          2
92            112            113         2 0.266223086      1          0
93              0              0         0 0.000000000     -1          2
94            114            115         1 0.082808729      1          0
95              0              0         0 0.000000000     -1          2
96              0              0         0 0.000000000     -1          2
97            116            117         2 0.874846995      1          0
98              0              0         0 0.000000000     -1          2
99              0              0         0 0.000000000     -1          1
100           118            119         1 0.271661778      1          0
101             0              0         0 0.000000000     -1          2
102           120            121         2 0.057891330      1          0
103             0              0         0 0.000000000     -1          1
104             0              0         0 0.000000000     -1          2
105           122            123         1 0.674773979      1          0
106             0              0         0 0.000000000     -1          2
107             0              0         0 0.000000000     -1          1
108           124            125         2 0.526506905      1          0
109             0              0         0 0.000000000     -1          1
110           126            127         1 0.831751839      1          0
111             0              0         0 0.000000000     -1          2
112             0              0         0 0.000000000     -1          1
113             0              0         0 0.000000000     -1          1
114             0              0         0 0.000000000     -1          2
115             0              0         0 0.000000000     -1          2
116             0              0         0 0.000000000     -1          2
117             0              0         0 0.000000000     -1          2
118             0              0         0 0.000000000     -1          2
119             0              0         0 0.000000000     -1          1
120             0              0         0 0.000000000     -1          1
121             0              0         0 0.000000000     -1          2
122             0              0         0 0.000000000     -1          1
123             0              0         0 0.000000000     -1          2
124             0              0         0 0.000000000     -1          1
125             0              0         0 0.000000000     -1          2
126             0              0         0 0.000000000     -1          2
127             0              0         0 0.000000000     -1          2
