    left daughter right daughter split var split point status prediction
1               2              3         2 0.592907382      1          0
2               4              5         2 0.270970473      1          0
3               6              7         2 0.731729498      1          0
4               8              9         1 0.314724013      1          0
5              10             11         2 0.581748082      1          0
6              12             13         1 0.596793346      1          0
7              14             15         1 0.025079612      1          0
8              16             17         1 0.293678069      1          0
9              18             19         2 0.063507217      1          0
10             20             21         2 0.350103040      1          0
11              0              0         0 0.000000000     -1          1
12             22             23         1 0.009192825      1          0
13             24             25         1 0.664254222      1          0
14              0              0         0 0.000000000     -1          2
15             26             27         2 0.962550505      1          0
16             28             29         1 0.019140484      1          0
17              0              0         0 0.000000000     -1          2
18             30             31         1 0.757856262      1          0
19             32             33         1 0.694457259      1          0
20             34             35         2 0.325727361      1          0
21             36             37         1 0.509377548      1          0
22              0              0         0 0.000000000     -1          1
23             38             39         2 0.726053202      1          0
24              0              0         0 0.000000000     -1          1
25             40             41         2 0.615769294      1          0
26             42             43         2 0.877423446      1          0
27             44             45         1 0.503245140      1          0
28              0              0         0 0.000000000     -1          1
29             46             47         2 0.264304160      1          0
30              0              0         0 0.000000000     -1          1
31             48             49         2 0.029257326      1          0
32              0              0         0 0.000000000     -1          1
33             50             51         1 0.706194578      1          0
34             52             53         2 0.297152598      1          0
35             54             55         2 0.347545240      1          0
36             56             57         1 0.083507158      1          0
37             58             59         2 0.574381866      1          0
38             60             61         2 0.632405257      1          0
39              0              0         0 0.000000000     -1          1
40              0              0         0 0.000000000     -1          2
41              0              0         0 0.000000000     -1          1
42             62             63         2 0.876170428      1          0
43             64             65         2 0.906076377      1          0
44              0              0         0 0.000000000     -1          2
45              0              0         0 0.000000000     -1          2
46             66             67         1 0.105260470      1          0
47              0              0         0 0.000000000     -1          2
48              0              0         0 0.000000000     -1          1
49              0              0         0 0.000000000     -1          1
50              0              0         0 0.000000000     -1          2
51             68             69         2 0.231329331      1          0
52             70             71         1 0.384507428      1          0
53             72             73         2 0.310905624      1          0
54              0              0         0 0.000000000     -1          1
55              0              0         0 0.000000000     -1          1
56             74             75         1 0.079712369      1          0
57             76             77         2 0.360899168      1          0
58             78             79         2 0.355252823      1          0
59              0              0         0 0.000000000     -1          2
60             80             81         2 0.625114861      1          0
61              0              0         0 0.000000000     -1          2
62             82             83         2 0.853176461      1          0
63              0              0         0 0.000000000     -1          1
64             84             85         2 0.904821019      1          0
65             86             87         2 0.947948993      1          0
66             88             89         2 0.083937702      1          0
67             90             91         2 0.156878057      1          0
68              0              0         0 0.000000000     -1          1
69              0              0         0 0.000000000     -1          1
70             92             93         1 0.138330563      1          0
71              0              0         0 0.000000000     -1          1
72              0              0         0 0.000000000     -1          2
73             94             95         2 0.318873327      1          0
74             96             97         1 0.016575677      1          0
75              0              0         0 0.000000000     -1          1
76              0              0         0 0.000000000     -1          2
77              0              0         0 0.000000000     -1          2
78              0              0         0 0.000000000     -1          2
79             98             99         1 0.961147515      1          0
80              0              0         0 0.000000000     -1          2
81              0              0         0 0.000000000     -1          2
82            100            101         2 0.757590303      1          0
83              0              0         0 0.000000000     -1          2
84            102            103         2 0.894448148      1          0
85              0              0         0 0.000000000     -1          1
86              0              0         0 0.000000000     -1          2
87              0              0         0 0.000000000     -1          2
88              0              0         0 0.000000000     -1          1
89              0              0         0 0.000000000     -1          1
90            104            105         2 0.148207793      1          0
91              0              0         0 0.000000000     -1          1
92              0              0         0 0.000000000     -1          1
93              0              0         0 0.000000000     -1          2
94              0              0         0 0.000000000     -1          1
95              0              0         0 0.000000000     -1          2
96              0              0         0 0.000000000     -1          2
97              0              0         0 0.000000000     -1          2
98            106            107         1 0.530509059      1          0
99              0              0         0 0.000000000     -1          1
100           108            109         1 0.614796944      1          0
101           110            111         2 0.810095158      1          0
102             0              0         0 0.000000000     -1          2
103           112            113         2 0.895143035      1          0
104             0              0         0 0.000000000     -1          1
105             0              0         0 0.000000000     -1          2
106             0              0         0 0.000000000     -1          1
107           114            115         2 0.527454737      1          0
108           116            117         1 0.094604908      1          0
109             0              0         0 0.000000000     -1          2
110             0              0         0 0.000000000     -1          2
111           118            119         2 0.812408280      1          0
112             0              0         0 0.000000000     -1          1
113             0              0         0 0.000000000     -1          2
114           120            121         1 0.781620533      1          0
115             0              0         0 0.000000000     -1          1
116             0              0         0 0.000000000     -1          2
117             0              0         0 0.000000000     -1          2
118             0              0         0 0.000000000     -1          1
119           122            123         1 0.765276367      1          0
120           124            125         2 0.458967051      1          0
121           126            127         2 0.526665804      1          0
122             0              0         0 0.000000000     -1          2
123             0              0         0 0.000000000     -1          2
124             0              0         0 0.000000000     -1          1
125             0              0         0 0.000000000     -1          1
126             0              0         0 0.000000000     -1          1
127             0              0         0 0.000000000     -1          2
