    left daughter right daughter split var split point status prediction
1               2              3         2 0.587999230      1          0
2               4              5         1 0.422199005      1          0
3               6              7         1 0.596793346      1          0
4               8              9         1 0.007566206      1          0
5              10             11         2 0.452876130      1          0
6              12             13         1 0.031463831      1          0
7              14             15         2 0.697599667      1          0
8               0              0         0 0.000000000     -1          2
9              16             17         1 0.018167174      1          0
10             18             19         2 0.061863520      1          0
11             20             21         1 0.509409333      1          0
12              0              0         0 0.000000000     -1          2
13             22             23         2 0.903707334      1          0
14             24             25         1 0.805807891      1          0
15             26             27         1 0.633643935      1          0
16              0              0         0 0.000000000     -1          1
17             28             29         2 0.267766734      1          0
18             30             31         2 0.057891330      1          0
19             32             33         2 0.382779144      1          0
20              0              0         0 0.000000000     -1          2
21             34             35         1 0.949076822      1          0
22             36             37         2 0.719127896      1          0
23             38             39         1 0.180926842      1          0
24             40             41         1 0.802913388      1          0
25              0              0         0 0.000000000     -1          1
26              0              0         0 0.000000000     -1          2
27             42             43         2 0.785025988      1          0
28             44             45         1 0.105260470      1          0
29             46             47         1 0.275331492      1          0
30             48             49         1 0.808668890      1          0
31              0              0         0 0.000000000     -1          2
32             50             51         2 0.236183002      1          0
33             52             53         1 0.471109161      1          0
34             54             55         2 0.463645770      1          0
35              0              0         0 0.000000000     -1          2
36             56             57         1 0.544808158      1          0
37             58             59         2 0.727209921      1          0
38              0              0         0 0.000000000     -1          2
39             60             61         2 0.915405996      1          0
40             62             63         2 0.598202443      1          0
41              0              0         0 0.000000000     -1          2
42             64             65         2 0.712554121      1          0
43             66             67         2 0.947948993      1          0
44             68             69         2 0.083937702      1          0
45             70             71         2 0.001298999      1          0
46             72             73         1 0.270700844      1          0
47              0              0         0 0.000000000     -1          2
48              0              0         0 0.000000000     -1          1
49              0              0         0 0.000000000     -1          1
50             74             75         2 0.124225807      1          0
51             76             77         1 0.810524259      1          0
52              0              0         0 0.000000000     -1          2
53             78             79         2 0.388114835      1          0
54              0              0         0 0.000000000     -1          2
55             80             81         1 0.626747323      1          0
56             82             83         2 0.685183021      1          0
57              0              0         0 0.000000000     -1          2
58              0              0         0 0.000000000     -1          1
59             84             85         2 0.750188141      1          0
60              0              0         0 0.000000000     -1          1
61             86             87         1 0.515322292      1          0
62              0              0         0 0.000000000     -1          2
63             88             89         1 0.635685950      1          0
64              0              0         0 0.000000000     -1          2
65             90             91         2 0.739427920      1          0
66             92             93         2 0.895702300      1          0
67              0              0         0 0.000000000     -1          2
68              0              0         0 0.000000000     -1          2
69              0              0         0 0.000000000     -1          1
70              0              0         0 0.000000000     -1          2
71             94             95         2 0.233489680      1          0
72             96             97         2 0.280155930      1          0
73              0              0         0 0.000000000     -1          1
74             98             99         2 0.121619084      1          0
75              0              0         0 0.000000000     -1          1
76            100            101         2 0.238737576      1          0
77              0              0         0 0.000000000     -1          1
78              0              0         0 0.000000000     -1          2
79            102            103         1 0.975181451      1          0
80            104            105         1 0.619901084      1          0
81              0              0         0 0.000000000     -1          1
82              0              0         0 0.000000000     -1          2
83            106            107         2 0.685713109      1          0
84              0              0         0 0.000000000     -1          2
85            108            109         1 0.075681028      1          0
86              0              0         0 0.000000000     -1          2
87              0              0         0 0.000000000     -1          2
88              0              0         0 0.000000000     -1          1
89              0              0         0 0.000000000     -1          1
90              0              0         0 0.000000000     -1          1
91              0              0         0 0.000000000     -1          2
92            110            111         2 0.893451575      1          0
93              0              0         0 0.000000000     -1          2
94            112            113         2 0.116525060      1          0
95              0              0         0 0.000000000     -1          1
96              0              0         0 0.000000000     -1          1
97              0              0         0 0.000000000     -1          2
98              0              0         0 0.000000000     -1          1
99              0              0         0 0.000000000     -1          2
100             0              0         0 0.000000000     -1          2
101           114            115         1 0.809681434      1          0
102             0              0         0 0.000000000     -1          1
103             0              0         0 0.000000000     -1          2
104           116            117         2 0.494180291      1          0
105             0              0         0 0.000000000     -1          2
106             0              0         0 0.000000000     -1          1
107             0              0         0 0.000000000     -1          2
108             0              0         0 0.000000000     -1          2
109           118            119         1 0.520629270      1          0
110           120            121         1 0.774109871      1          0
111             0              0         0 0.000000000     -1          1
112             0              0         0 0.000000000     -1          1
113           122            123         1 0.307591726      1          0
114           124            125         2 0.317988435      1          0
115             0              0         0 0.000000000     -1          2
116             0              0         0 0.000000000     -1          1
117             0              0         0 0.000000000     -1          1
118             0              0         0 0.000000000     -1          2
119             0              0         0 0.000000000     -1          2
120           126            127         1 0.765276367      1          0
121             0              0         0 0.000000000     -1          2
122             0              0         0 0.000000000     -1          1
123             0              0         0 0.000000000     -1          1
124             0              0         0 0.000000000     -1          1
125             0              0         0 0.000000000     -1          1
126             0              0         0 0.000000000     -1          2
127             0              0         0 0.000000000     -1          1
