    left daughter right daughter split var split point status prediction
1               2              3         2  0.29656025      1          0
2               4              5         2  0.27431788      1          0
3               6              7         2  0.68571311      1          0
4               8              9         1  0.72681763      1          0
5              10             11         2  0.29058415      1          0
6              12             13         2  0.31125357      1          0
7              14             15         1  0.80038977      1          0
8              16             17         1  0.34362070      1          0
9              18             19         1  0.76262591      1          0
10              0              0         0  0.00000000     -1          2
11              0              0         0  0.00000000     -1          1
12              0              0         0  0.00000000     -1          2
13             20             21         1  0.53530720      1          0
14             22             23         1  0.02507961      1          0
15             24             25         2  0.79074564      1          0
16             26             27         1  0.33859091      1          0
17              0              0         0  0.00000000     -1          1
18              0              0         0  0.00000000     -1          2
19             28             29         1  0.79726287      1          0
20             30             31         2  0.33462651      1          0
21             32             33         2  0.57343867      1          0
22              0              0         0  0.00000000     -1          1
23             34             35         2  0.97097992      1          0
24             36             37         1  0.96366454      1          0
25             38             39         1  0.87566567      1          0
26             40             41         1  0.31193028      1          0
27              0              0         0  0.00000000     -1          2
28              0              0         0  0.00000000     -1          1
29             42             43         2  0.22952102      1          0
30              0              0         0  0.00000000     -1          2
31             44             45         2  0.68419106      1          0
32             46             47         2  0.49418029      1          0
33             48             49         1  0.59373532      1          0
34             50             51         2  0.96255050      1          0
35              0              0         0  0.00000000     -1          2
36             52             53         1  0.86772899      1          0
37              0              0         0  0.00000000     -1          2
38              0              0         0  0.00000000     -1          2
39              0              0         0  0.00000000     -1          2
40             54             55         1  0.07001157      1          0
41              0              0         0  0.00000000     -1          1
42              0              0         0  0.00000000     -1          1
43              0              0         0  0.00000000     -1          1
44             56             57         1  0.49772779      1          0
45              0              0         0  0.00000000     -1          1
46             58             59         1  0.55960044      1          0
47              0              0         0  0.00000000     -1          1
48              0              0         0  0.00000000     -1          2
49             60             61         1  0.73792368      1          0
50             62             63         2  0.90607638      1          0
51              0              0         0  0.00000000     -1          1
52              0              0         0  0.00000000     -1          1
53              0              0         0  0.00000000     -1          1
54             64             65         2  0.08393770      1          0
55             66             67         2  0.26430416      1          0
56             68             69         1  0.13458457      1          0
57              0              0         0  0.00000000     -1          2
58              0              0         0  0.00000000     -1          1
59             70             71         2  0.35012000      1          0
60              0              0         0  0.00000000     -1          1
61             72             73         2  0.61484622      1          0
62             74             75         2  0.90383736      1          0
63             76             77         2  0.94464811      1          0
64              0              0         0  0.00000000     -1          1
65             78             79         2  0.20257251      1          0
66             80             81         1  0.29699918      1          0
67              0              0         0  0.00000000     -1          1
68             82             83         2  0.57430730      1          0
69             84             85         1  0.27352222      1          0
70              0              0         0  0.00000000     -1          1
71             86             87         2  0.35525282      1          0
72              0              0         0  0.00000000     -1          2
73              0              0         0  0.00000000     -1          1
74             88             89         1  0.09127365      1          0
75              0              0         0  0.00000000     -1          1
76              0              0         0  0.00000000     -1          2
77              0              0         0  0.00000000     -1          2
78              0              0         0  0.00000000     -1          1
79              0              0         0  0.00000000     -1          1
80              0              0         0  0.00000000     -1          1
81              0              0         0  0.00000000     -1          1
82              0              0         0  0.00000000     -1          2
83             90             91         1  0.13005169      1          0
84             92             93         1  0.27070084      1          0
85              0              0         0  0.00000000     -1          2
86              0              0         0  0.00000000     -1          2
87             94             95         1  0.89441200      1          0
88              0              0         0  0.00000000     -1          2
89             96             97         2  0.86596967      1          0
90              0              0         0  0.00000000     -1          2
91              0              0         0  0.00000000     -1          1
92              0              0         0  0.00000000     -1          2
93              0              0         0  0.00000000     -1          1
94             98             99         2  0.46325339      1          0
95            100            101         2  0.42594444      1          0
96            102            103         2  0.86361809      1          0
97            104            105         1  0.64683063      1          0
98            106            107         1  0.67870889      1          0
99              0              0         0  0.00000000     -1          1
100             0              0         0  0.00000000     -1          1
101             0              0         0  0.00000000     -1          2
102           108            109         1  0.48175776      1          0
103             0              0         0  0.00000000     -1          1
104             0              0         0  0.00000000     -1          2
105             0              0         0  0.00000000     -1          2
106           110            111         2  0.39184928      1          0
107             0              0         0  0.00000000     -1          1
108           112            113         1  0.27874127      1          0
109           114            115         2  0.83437526      1          0
110             0              0         0  0.00000000     -1          1
111             0              0         0  0.00000000     -1          1
112           116            117         1  0.25734088      1          0
113             0              0         0  0.00000000     -1          2
114           118            119         1  0.48371551      1          0
115             0              0         0  0.00000000     -1          2
116             0              0         0  0.00000000     -1          2
117             0              0         0  0.00000000     -1          1
118             0              0         0  0.00000000     -1          1
119           120            121         2  0.83393029      1          0
120           122            123         2  0.76030500      1          0
121             0              0         0  0.00000000     -1          1
122           124            125         1  0.64013461      1          0
123           126            127         2  0.81300567      1          0
124             0              0         0  0.00000000     -1          2
125             0              0         0  0.00000000     -1          1
126             0              0         0  0.00000000     -1          2
127             0              0         0  0.00000000     -1          2
