    left daughter right daughter split var split point status prediction
1               2              3         1 0.468447849      1          0
2               4              5         1 0.372017279      1          0
3               6              7         2 0.739427920      1          0
4               8              9         2 0.272883491      1          0
5              10             11         1 0.391731554      1          0
6              12             13         1 0.633711487      1          0
7              14             15         1 0.501312691      1          0
8              16             17         2 0.001085088      1          0
9              18             19         2 0.975701573      1          0
10              0              0         0 0.000000000     -1          2
11             20             21         2 0.309564500      1          0
12             22             23         1 0.631442796      1          0
13             24             25         1 0.964702686      1          0
14              0              0         0 0.000000000     -1          1
15             26             27         1 0.645484896      1          0
16              0              0         0 0.000000000     -1          2
17             28             29         2 0.240109435      1          0
18             30             31         1 0.165430001      1          0
19              0              0         0 0.000000000     -1          1
20              0              0         0 0.000000000     -1          1
21             32             33         2 0.965375311      1          0
22             34             35         1 0.518737204      1          0
23              0              0         0 0.000000000     -1          2
24             36             37         1 0.853098989      1          0
25             38             39         2 0.399222760      1          0
26             40             41         2 0.751107511      1          0
27             42             43         2 0.789176059      1          0
28             44             45         2 0.146027370      1          0
29              0              0         0 0.000000000     -1          1
30             46             47         1 0.162718950      1          0
31             48             49         2 0.726053202      1          0
32             50             51         1 0.429454910      1          0
33              0              0         0 0.000000000     -1          1
34             52             53         1 0.493437922      1          0
35             54             55         1 0.547338029      1          0
36             56             57         2 0.709135628      1          0
37             58             59         2 0.453555772      1          0
38              0              0         0 0.000000000     -1          1
39              0              0         0 0.000000000     -1          1
40              0              0         0 0.000000000     -1          2
41              0              0         0 0.000000000     -1          2
42              0              0         0 0.000000000     -1          1
43             60             61         2 0.947948993      1          0
44             62             63         2 0.033326821      1          0
45             64             65         1 0.023475427      1          0
46             66             67         2 0.684026136      1          0
47              0              0         0 0.000000000     -1          1
48              0              0         0 0.000000000     -1          2
49             68             69         1 0.275184302      1          0
50             70             71         1 0.428342298      1          0
51              0              0         0 0.000000000     -1          2
52              0              0         0 0.000000000     -1          1
53             72             73         2 0.516384029      1          0
54             74             75         2 0.516239302      1          0
55             76             77         2 0.635601026      1          0
56             78             79         1 0.782685816      1          0
57              0              0         0 0.000000000     -1          1
58              0              0         0 0.000000000     -1          1
59             80             81         2 0.463645770      1          0
60             82             83         2 0.895702300      1          0
61              0              0         0 0.000000000     -1          2
62              0              0         0 0.000000000     -1          1
63              0              0         0 0.000000000     -1          1
64              0              0         0 0.000000000     -1          1
65             84             85         1 0.216539884      1          0
66             86             87         2 0.588045486      1          0
67             88             89         1 0.096867270      1          0
68             90             91         1 0.267081850      1          0
69              0              0         0 0.000000000     -1          2
70              0              0         0 0.000000000     -1          2
71              0              0         0 0.000000000     -1          1
72              0              0         0 0.000000000     -1          1
73              0              0         0 0.000000000     -1          2
74              0              0         0 0.000000000     -1          1
75              0              0         0 0.000000000     -1          1
76             92             93         1 0.558405948      1          0
77              0              0         0 0.000000000     -1          2
78             94             95         2 0.391849283      1          0
79              0              0         0 0.000000000     -1          1
80              0              0         0 0.000000000     -1          2
81             96             97         1 0.860560408      1          0
82             98             99         1 0.673507323      1          0
83              0              0         0 0.000000000     -1          2
84            100            101         2 0.155757502      1          0
85              0              0         0 0.000000000     -1          1
86            102            103         2 0.582599538      1          0
87              0              0         0 0.000000000     -1          2
88            104            105         2 0.750588549      1          0
89              0              0         0 0.000000000     -1          2
90              0              0         0 0.000000000     -1          2
91              0              0         0 0.000000000     -1          1
92              0              0         0 0.000000000     -1          1
93            106            107         1 0.629232092      1          0
94            108            109         2 0.381331523      1          0
95              0              0         0 0.000000000     -1          1
96              0              0         0 0.000000000     -1          2
97            110            111         1 0.929909487      1          0
98              0              0         0 0.000000000     -1          1
99            112            113         1 0.772945933      1          0
100             0              0         0 0.000000000     -1          2
101             0              0         0 0.000000000     -1          1
102           114            115         2 0.393616223      1          0
103             0              0         0 0.000000000     -1          1
104             0              0         0 0.000000000     -1          1
105           116            117         2 0.835132531      1          0
106             0              0         0 0.000000000     -1          1
107             0              0         0 0.000000000     -1          1
108           118            119         1 0.777599694      1          0
109             0              0         0 0.000000000     -1          2
110             0              0         0 0.000000000     -1          1
111             0              0         0 0.000000000     -1          1
112             0              0         0 0.000000000     -1          2
113             0              0         0 0.000000000     -1          2
114           120            121         1 0.082808729      1          0
115             0              0         0 0.000000000     -1          2
116             0              0         0 0.000000000     -1          2
117             0              0         0 0.000000000     -1          2
118           122            123         1 0.696508651      1          0
119             0              0         0 0.000000000     -1          2
120             0              0         0 0.000000000     -1          2
121             0              0         0 0.000000000     -1          2
122             0              0         0 0.000000000     -1          1
123           124            125         2 0.015523543      1          0
124             0              0         0 0.000000000     -1          2
125           126            127         2 0.125408402      1          0
126             0              0         0 0.000000000     -1          1
127             0              0         0 0.000000000     -1          1
