    left daughter right daughter split var split point status prediction
1               2              3         2 0.299590311      1          0
2               4              5         1 0.334889602      1          0
3               6              7         1 0.534843665      1          0
4               8              9         2 0.264304160      1          0
5              10             11         2 0.296560249      1          0
6              12             13         2 0.401496112      1          0
7              14             15         2 0.768196595      1          0
8              16             17         2 0.001085088      1          0
9               0              0         0 0.000000000     -1          2
10             18             19         1 0.696508651      1          0
11              0              0         0 0.000000000     -1          1
12             20             21         2 0.399610459      1          0
13             22             23         1 0.018421914      1          0
14             24             25         2 0.656509749      1          0
15             26             27         2 0.965394584      1          0
16              0              0         0 0.000000000     -1          2
17             28             29         1 0.213148801      1          0
18              0              0         0 0.000000000     -1          1
19             30             31         1 0.700901951      1          0
20             32             33         2 0.316058419      1          0
21              0              0         0 0.000000000     -1          1
22              0              0         0 0.000000000     -1          2
23             34             35         2 0.862876659      1          0
24             36             37         1 0.961147515      1          0
25             38             39         2 0.677586349      1          0
26             40             41         2 0.855254251      1          0
27             42             43         1 0.874663796      1          0
28             44             45         1 0.105260470      1          0
29             46             47         1 0.217109638      1          0
30              0              0         0 0.000000000     -1          2
31             48             49         1 0.786080175      1          0
32              0              0         0 0.000000000     -1          2
33             50             51         2 0.318873327      1          0
34             52             53         1 0.481757763      1          0
35             54             55         2 0.865969669      1          0
36             56             57         2 0.318922450      1          0
37             58             59         2 0.508274078      1          0
38              0              0         0 0.000000000     -1          2
39             60             61         2 0.727430402      1          0
40             62             63         2 0.853176461      1          0
41             64             65         1 0.857251353      1          0
42              0              0         0 0.000000000     -1          1
43              0              0         0 0.000000000     -1          2
44             66             67         1 0.092113609      1          0
45              0              0         0 0.000000000     -1          1
46              0              0         0 0.000000000     -1          2
47             68             69         1 0.292660522      1          0
48             70             71         1 0.780306393      1          0
49             72             73         2 0.230539499      1          0
50              0              0         0 0.000000000     -1          1
51             74             75         2 0.358507371      1          0
52             76             77         1 0.275184302      1          0
53             78             79         1 0.483715510      1          0
54              0              0         0 0.000000000     -1          1
55             80             81         2 0.879550390      1          0
56              0              0         0 0.000000000     -1          1
57             82             83         2 0.598202443      1          0
58              0              0         0 0.000000000     -1          1
59              0              0         0 0.000000000     -1          2
60             84             85         2 0.711187244      1          0
61              0              0         0 0.000000000     -1          1
62             86             87         2 0.784155202      1          0
63              0              0         0 0.000000000     -1          1
64             88             89         1 0.673858164      1          0
65              0              0         0 0.000000000     -1          2
66             90             91         2 0.199788592      1          0
67              0              0         0 0.000000000     -1          2
68              0              0         0 0.000000000     -1          1
69              0              0         0 0.000000000     -1          1
70             92             93         2 0.015523543      1          0
71              0              0         0 0.000000000     -1          2
72              0              0         0 0.000000000     -1          1
73              0              0         0 0.000000000     -1          1
74             94             95         1 0.434957156      1          0
75             96             97         1 0.417812867      1          0
76             98             99         2 0.684191057      1          0
77              0              0         0 0.000000000     -1          2
78              0              0         0 0.000000000     -1          1
79            100            101         1 0.501128405      1          0
80              0              0         0 0.000000000     -1          2
81            102            103         1 0.031463831      1          0
82            104            105         2 0.593311258      1          0
83              0              0         0 0.000000000     -1          1
84            106            107         2 0.709135628      1          0
85              0              0         0 0.000000000     -1          1
86              0              0         0 0.000000000     -1          2
87              0              0         0 0.000000000     -1          2
88            108            109         1 0.657722508      1          0
89              0              0         0 0.000000000     -1          2
90            110            111         2 0.083937702      1          0
91              0              0         0 0.000000000     -1          1
92              0              0         0 0.000000000     -1          2
93              0              0         0 0.000000000     -1          1
94              0              0         0 0.000000000     -1          2
95              0              0         0 0.000000000     -1          1
96            112            113         1 0.082745554      1          0
97              0              0         0 0.000000000     -1          1
98            114            115         1 0.134584572      1          0
99            116            117         2 0.727934706      1          0
100             0              0         0 0.000000000     -1          2
101           118            119         2 0.774824630      1          0
102             0              0         0 0.000000000     -1          1
103           120            121         2 0.903707334      1          0
104           122            123         1 0.781620533      1          0
105             0              0         0 0.000000000     -1          2
106           124            125         2 0.682496436      1          0
107             0              0         0 0.000000000     -1          2
108             0              0         0 0.000000000     -1          2
109             0              0         0 0.000000000     -1          1
110             0              0         0 0.000000000     -1          1
111             0              0         0 0.000000000     -1          1
112             0              0         0 0.000000000     -1          2
113             0              0         0 0.000000000     -1          2
114           126            127         1 0.130051694      1          0
115             0              0         0 0.000000000     -1          2
116             0              0         0 0.000000000     -1          2
117             0              0         0 0.000000000     -1          2
118             0              0         0 0.000000000     -1          2
119             0              0         0 0.000000000     -1          2
120             0              0         0 0.000000000     -1          2
121             0              0         0 0.000000000     -1          2
122             0              0         0 0.000000000     -1          1
123             0              0         0 0.000000000     -1          1
124             0              0         0 0.000000000     -1          2
125             0              0         0 0.000000000     -1          1
126             0              0         0 0.000000000     -1          2
127             0              0         0 0.000000000     -1          1
