    left daughter right daughter split var split point status prediction
1               2              3         2  0.27172715      1          0
2               4              5         1  0.34362070      1          0
3               6              7         2  0.65826472      1          0
4               8              9         2  0.26430416      1          0
5              10             11         2  0.03401447      1          0
6              12             13         1  0.46804865      1          0
7              14             15         2  0.75759030      1          0
8              16             17         2  0.11652506      1          0
9               0              0         0  0.00000000     -1          1
10             18             19         1  0.71511234      1          0
11              0              0         0  0.00000000     -1          1
12             20             21         1  0.01657568      1          0
13             22             23         1  0.56043111      1          0
14             24             25         2  0.68316036      1          0
15             26             27         2  0.96598697      1          0
16             28             29         1  0.07001157      1          0
17             30             31         1  0.19890864      1          0
18              0              0         0  0.00000000     -1          1
19              0              0         0  0.00000000     -1          1
20              0              0         0  0.00000000     -1          2
21             32             33         1  0.42413167      1          0
22             34             35         2  0.56828450      1          0
23             36             37         2  0.59896946      1          0
24             38             39         1  0.63191631      1          0
25             40             41         2  0.75699050      1          0
26             42             43         1  0.63364393      1          0
27             44             45         2  0.97024324      1          0
28              0              0         0  0.00000000     -1          1
29              0              0         0  0.00000000     -1          1
30             46             47         2  0.20060619      1          0
31             48             49         1  0.22224157      1          0
32             50             51         1  0.16577145      1          0
33              0              0         0  0.00000000     -1          2
34             52             53         2  0.55750417      1          0
35              0              0         0  0.00000000     -1          2
36             54             55         2  0.58799923      1          0
37              0              0         0  0.00000000     -1          1
38              0              0         0  0.00000000     -1          2
39              0              0         0  0.00000000     -1          1
40             56             57         1  0.76545054      1          0
41              0              0         0  0.00000000     -1          1
42             58             59         2  0.90626412      1          0
43             60             61         1  0.95162745      1          0
44              0              0         0  0.00000000     -1          1
45             62             63         1  0.03660145      1          0
46              0              0         0  0.00000000     -1          1
47              0              0         0  0.00000000     -1          1
48              0              0         0  0.00000000     -1          2
49             64             65         1  0.33974417      1          0
50             66             67         2  0.29023639      1          0
51             68             69         1  0.26450570      1          0
52             70             71         1  0.54742836      1          0
53              0              0         0  0.00000000     -1          1
54             72             73         1  0.62219688      1          0
55              0              0         0  0.00000000     -1          2
56             74             75         2  0.74181702      1          0
57             76             77         1  0.95190186      1          0
58             78             79         1  0.46907127      1          0
59             80             81         1  0.46975853      1          0
60              0              0         0  0.00000000     -1          2
61              0              0         0  0.00000000     -1          2
62              0              0         0  0.00000000     -1          1
63             82             83         1  0.75682293      1          0
64             84             85         2  0.12699730      1          0
65              0              0         0  0.00000000     -1          2
66              0              0         0  0.00000000     -1          1
67             86             87         1  0.08207854      1          0
68             88             89         2  0.27539543      1          0
69              0              0         0  0.00000000     -1          2
70             90             91         1  0.53050906      1          0
71              0              0         0  0.00000000     -1          2
72              0              0         0  0.00000000     -1          1
73             92             93         1  0.67870889      1          0
74             94             95         2  0.68506052      1          0
75              0              0         0  0.00000000     -1          2
76              0              0         0  0.00000000     -1          1
77              0              0         0  0.00000000     -1          1
78             96             97         1  0.18817273      1          0
79             98             99         1  0.53278430      1          0
80              0              0         0  0.00000000     -1          2
81              0              0         0  0.00000000     -1          2
82            100            101         1  0.33339310      1          0
83              0              0         0  0.00000000     -1          2
84              0              0         0  0.00000000     -1          2
85              0              0         0  0.00000000     -1          1
86              0              0         0  0.00000000     -1          2
87            102            103         1  0.08581967      1          0
88              0              0         0  0.00000000     -1          1
89              0              0         0  0.00000000     -1          2
90              0              0         0  0.00000000     -1          1
91              0              0         0  0.00000000     -1          1
92            104            105         2  0.39184928      1          0
93            106            107         2  0.52666580      1          0
94              0              0         0  0.00000000     -1          1
95            108            109         1  0.66826140      1          0
96            110            111         2  0.90279937      1          0
97            112            113         1  0.42673768      1          0
98              0              0         0  0.00000000     -1          1
99              0              0         0  0.00000000     -1          2
100             0              0         0  0.00000000     -1          2
101             0              0         0  0.00000000     -1          2
102             0              0         0  0.00000000     -1          1
103             0              0         0  0.00000000     -1          2
104             0              0         0  0.00000000     -1          2
105           114            115         2  0.55390417      1          0
106           116            117         1  0.90537982      1          0
107           118            119         2  0.53096497      1          0
108           120            121         1  0.12165633      1          0
109             0              0         0  0.00000000     -1          2
110           122            123         2  0.83008626      1          0
111             0              0         0  0.00000000     -1          1
112             0              0         0  0.00000000     -1          2
113             0              0         0  0.00000000     -1          2
114             0              0         0  0.00000000     -1          1
115             0              0         0  0.00000000     -1          1
116           124            125         2  0.45287613      1          0
117           126            127         2  0.41868447      1          0
118             0              0         0  0.00000000     -1          2
119             0              0         0  0.00000000     -1          1
120             0              0         0  0.00000000     -1          2
121             0              0         0  0.00000000     -1          2
122             0              0         0  0.00000000     -1          2
123             0              0         0  0.00000000     -1          2
124             0              0         0  0.00000000     -1          1
125             0              0         0  0.00000000     -1          1
126             0              0         0  0.00000000     -1          1
127             0              0         0  0.00000000     -1          1
