    left daughter right daughter split var split point status prediction
1               2              3         2 0.571521608      1          0
2               4              5         2 0.271727147      1          0
3               6              7         2 0.786800387      1          0
4               8              9         2 0.124225807      1          0
5              10             11         2 0.276554663      1          0
6              12             13         2 0.783371830      1          0
7              14             15         2 0.965986972      1          0
8              16             17         2 0.122559086      1          0
9              18             19         2 0.230475490      1          0
10              0              0         0 0.000000000     -1          2
11             20             21         2 0.347647681      1          0
12             22             23         2 0.682939695      1          0
13              0              0         0 0.000000000     -1          1
14             24             25         2 0.838872235      1          0
15             26             27         1 0.145579725      1          0
16             28             29         1 0.089263957      1          0
17              0              0         0 0.000000000     -1          2
18              0              0         0 0.000000000     -1          1
19             30             31         1 0.178969140      1          0
20             32             33         2 0.326310356      1          0
21             34             35         2 0.357009264      1          0
22             36             37         2 0.649741889      1          0
23             38             39         1 0.554494872      1          0
24             40             41         1 0.046727409      1          0
25             42             43         1 0.029616064      1          0
26              0              0         0 0.000000000     -1          2
27             44             45         2 0.970243237      1          0
28              0              0         0 0.000000000     -1          1
29             46             47         1 0.725015221      1          0
30              0              0         0 0.000000000     -1          1
31             48             49         2 0.232395320      1          0
32             50             51         2 0.319807343      1          0
33             52             53         1 0.359868134      1          0
34              0              0         0 0.000000000     -1          2
35             54             55         1 0.497325875      1          0
36             56             57         1 0.560905749      1          0
37             58             59         2 0.677586349      1          0
38             60             61         1 0.073786990      1          0
39             62             63         1 0.639855934      1          0
40              0              0         0 0.000000000     -1          1
41             64             65         1 0.502953560      1          0
42              0              0         0 0.000000000     -1          1
43             66             67         2 0.945172042      1          0
44              0              0         0 0.000000000     -1          1
45             68             69         2 0.987104190      1          0
46             70             71         2 0.001085088      1          0
47             72             73         1 0.742572816      1          0
48              0              0         0 0.000000000     -1          2
49             74             75         2 0.246473921      1          0
50             76             77         2 0.284454437      1          0
51              0              0         0 0.000000000     -1          2
52              0              0         0 0.000000000     -1          2
53              0              0         0 0.000000000     -1          1
54             78             79         1 0.016575677      1          0
55             80             81         1 0.853490501      1          0
56             82             83         2 0.587586283      1          0
57             84             85         2 0.613323992      1          0
58             86             87         2 0.658264717      1          0
59              0              0         0 0.000000000     -1          2
60              0              0         0 0.000000000     -1          2
61              0              0         0 0.000000000     -1          2
62              0              0         0 0.000000000     -1          2
63             88             89         2 0.739427920      1          0
64              0              0         0 0.000000000     -1          2
65             90             91         1 0.532784304      1          0
66             92             93         2 0.906076377      1          0
67             94             95         2 0.946224207      1          0
68              0              0         0 0.000000000     -1          2
69              0              0         0 0.000000000     -1          2
70              0              0         0 0.000000000     -1          1
71              0              0         0 0.000000000     -1          1
72              0              0         0 0.000000000     -1          2
73             96             97         1 0.796001970      1          0
74             98             99         1 0.354414452      1          0
75              0              0         0 0.000000000     -1          1
76              0              0         0 0.000000000     -1          1
77            100            101         1 0.427297258      1          0
78              0              0         0 0.000000000     -1          1
79            102            103         1 0.083418923      1          0
80            104            105         1 0.851305019      1          0
81            106            107         2 0.543331892      1          0
82              0              0         0 0.000000000     -1          2
83            108            109         2 0.628918863      1          0
84            110            111         2 0.611230027      1          0
85              0              0         0 0.000000000     -1          1
86              0              0         0 0.000000000     -1          2
87              0              0         0 0.000000000     -1          2
88            112            113         2 0.709135628      1          0
89              0              0         0 0.000000000     -1          1
90              0              0         0 0.000000000     -1          1
91            114            115         2 0.833930289      1          0
92            116            117         2 0.904525609      1          0
93              0              0         0 0.000000000     -1          2
94              0              0         0 0.000000000     -1          1
95            118            119         1 0.455009455      1          0
96              0              0         0 0.000000000     -1          1
97              0              0         0 0.000000000     -1          1
98              0              0         0 0.000000000     -1          2
99              0              0         0 0.000000000     -1          1
100             0              0         0 0.000000000     -1          2
101           120            121         2 0.307148742      1          0
102           122            123         1 0.082745554      1          0
103           124            125         2 0.367247654      1          0
104           126            127         1 0.781620533      1          0
105             0              0         0 0.000000000     -1          2
106             0              0         0 0.000000000     -1          1
107             0              0         0 0.000000000     -1          1
108             0              0         0 0.000000000     -1          2
109             0              0         0 0.000000000     -1          2
110             0              0         0 0.000000000     -1          1
111             0              0         0 0.000000000     -1          2
112             0              0         0 0.000000000     -1          1
113             0              0         0 0.000000000     -1          1
114             0              0         0 0.000000000     -1          2
115             0              0         0 0.000000000     -1          1
116             0              0         0 0.000000000     -1          2
117             0              0         0 0.000000000     -1          1
118             0              0         0 0.000000000     -1          2
119             0              0         0 0.000000000     -1          2
120             0              0         0 0.000000000     -1          1
121             0              0         0 0.000000000     -1          1
122             0              0         0 0.000000000     -1          2
123             0              0         0 0.000000000     -1          1
124             0              0         0 0.000000000     -1          2
125             0              0         0 0.000000000     -1          2
126             0              0         0 0.000000000     -1          1
127             0              0         0 0.000000000     -1          1
