    left daughter right daughter split var split point status prediction
1               2              3         1  0.55259463      1          0
2               4              5         2  0.29624554      1          0
3               6              7         1  0.97324190      1          0
4               8              9         1  0.34362070      1          0
5              10             11         2  0.51655101      1          0
6              12             13         2  0.65969449      1          0
7              14             15         1  0.98853710      1          0
8              16             17         1  0.05942225      1          0
9               0              0         0  0.00000000     -1          1
10             18             19         1  0.46645488      1          0
11             20             21         2  0.94282234      1          0
12             22             23         2  0.45397902      1          0
13             24             25         1  0.80038977      1          0
14              0              0         0  0.00000000     -1          2
15              0              0         0  0.00000000     -1          1
16              0              0         0  0.00000000     -1          1
17             26             27         2  0.22946103      1          0
18             28             29         1  0.10734093      1          0
19             30             31         1  0.54723487      1          0
20             32             33         1  0.02244839      1          0
21             34             35         2  0.94565308      1          0
22             36             37         2  0.01552354      1          0
23             38             39         2  0.46556536      1          0
24             40             41         2  0.83437526      1          0
25             42             43         2  0.78917606      1          0
26             44             45         1  0.07003371      1          0
27             46             47         2  0.28176355      1          0
28             48             49         1  0.08280873      1          0
29             50             51         1  0.27629073      1          0
30             52             53         2  0.48257413      1          0
31              0              0         0  0.00000000     -1          2
32              0              0         0  0.00000000     -1          2
33             54             55         1  0.13266530      1          0
34              0              0         0  0.00000000     -1          1
35             56             57         1  0.03660145      1          0
36              0              0         0  0.00000000     -1          1
37             58             59         1  0.64575641      1          0
38              0              0         0  0.00000000     -1          2
39             60             61         2  0.57438187      1          0
40             62             63         1  0.60060089      1          0
41             64             65         1  0.65806409      1          0
42              0              0         0  0.00000000     -1          1
43             66             67         1  0.87566567      1          0
44              0              0         0  0.00000000     -1          2
45             68             69         2  0.15575750      1          0
46             70             71         1  0.17896914      1          0
47              0              0         0  0.00000000     -1          1
48             72             73         2  0.49153803      1          0
49              0              0         0  0.00000000     -1          1
50             74             75         2  0.36925179      1          0
51              0              0         0  0.00000000     -1          2
52              0              0         0  0.00000000     -1          1
53              0              0         0  0.00000000     -1          1
54             76             77         1  0.13005169      1          0
55             78             79         2  0.78128357      1          0
56              0              0         0  0.00000000     -1          1
57             80             81         2  0.98128003      1          0
58              0              0         0  0.00000000     -1          1
59             82             83         1  0.65577023      1          0
60              0              0         0  0.00000000     -1          1
61             84             85         1  0.57136580      1          0
62             86             87         1  0.57594192      1          0
63             88             89         1  0.61628290      1          0
64              0              0         0  0.00000000     -1          2
65             90             91         1  0.68348943      1          0
66              0              0         0  0.00000000     -1          2
67              0              0         0  0.00000000     -1          2
68             92             93         2  0.14531449      1          0
69              0              0         0  0.00000000     -1          1
70              0              0         0  0.00000000     -1          1
71              0              0         0  0.00000000     -1          2
72              0              0         0  0.00000000     -1          2
73              0              0         0  0.00000000     -1          1
74              0              0         0  0.00000000     -1          2
75              0              0         0  0.00000000     -1          2
76             94             95         1  0.09288146      1          0
77              0              0         0  0.00000000     -1          1
78              0              0         0  0.00000000     -1          2
79             96             97         1  0.41997489      1          0
80             98             99         2  0.97005937      1          0
81              0              0         0  0.00000000     -1          2
82              0              0         0  0.00000000     -1          2
83            100            101         2  0.23286142      1          0
84              0              0         0  0.00000000     -1          2
85            102            103         2  0.57901219      1          0
86              0              0         0  0.00000000     -1          2
87              0              0         0  0.00000000     -1          2
88              0              0         0  0.00000000     -1          1
89            104            105         2  0.68716692      1          0
90              0              0         0  0.00000000     -1          1
91            106            107         2  0.97378007      1          0
92            108            109         1  0.10526047      1          0
93              0              0         0  0.00000000     -1          2
94              0              0         0  0.00000000     -1          2
95            110            111         2  0.68397039      1          0
96              0              0         0  0.00000000     -1          2
97            112            113         2  0.78752219      1          0
98              0              0         0  0.00000000     -1          2
99              0              0         0  0.00000000     -1          2
100           114            115         2  0.23132933      1          0
101           116            117         2  0.38479695      1          0
102             0              0         0  0.00000000     -1          2
103           118            119         2  0.59820244      1          0
104             0              0         0  0.00000000     -1          1
105           120            121         2  0.83225501      1          0
106             0              0         0  0.00000000     -1          2
107             0              0         0  0.00000000     -1          2
108             0              0         0  0.00000000     -1          2
109           122            123         2  0.11652506      1          0
110             0              0         0  0.00000000     -1          2
111             0              0         0  0.00000000     -1          2
112             0              0         0  0.00000000     -1          1
113           124            125         2  0.84812585      1          0
114           126            127         1  0.79600197      1          0
115             0              0         0  0.00000000     -1          2
116             0              0         0  0.00000000     -1          1
117             0              0         0  0.00000000     -1          1
118             0              0         0  0.00000000     -1          1
119             0              0         0  0.00000000     -1          1
120             0              0         0  0.00000000     -1          2
121             0              0         0  0.00000000     -1          1
122             0              0         0  0.00000000     -1          1
123             0              0         0  0.00000000     -1          2
124             0              0         0  0.00000000     -1          2
125             0              0         0  0.00000000     -1          2
126             0              0         0  0.00000000     -1          1
127             0              0         0  0.00000000     -1          1
