    left daughter right daughter split var split point status prediction
1               2              3         2 0.587999230      1          0
2               4              5         1 0.479808253      1          0
3               6              7         1 0.573016714      1          0
4               8              9         2 0.270970473      1          0
5              10             11         2 0.462524666      1          0
6              12             13         2 0.726053202      1          0
7              14             15         2 0.768196595      1          0
8              16             17         1 0.105260470      1          0
9              18             19         2 0.577325594      1          0
10             20             21         2 0.385144161      1          0
11             22             23         1 0.509377548      1          0
12              0              0         0 0.000000000     -1          2
13             24             25         1 0.033136346      1          0
14             26             27         2 0.700081328      1          0
15             28             29         2 0.785025988      1          0
16             30             31         1 0.097888037      1          0
17             32             33         1 0.344849406      1          0
18             34             35         2 0.296245539      1          0
19              0              0         0 0.000000000     -1          1
20             36             37         1 0.547428360      1          0
21              0              0         0 0.000000000     -1          1
22              0              0         0 0.000000000     -1          2
23             38             39         2 0.465565362      1          0
24              0              0         0 0.000000000     -1          1
25             40             41         1 0.416743281      1          0
26             42             43         2 0.590573263      1          0
27             44             45         1 0.802091400      1          0
28              0              0         0 0.000000000     -1          2
29             46             47         1 0.633643935      1          0
30             48             49         2 0.091051903      1          0
31              0              0         0 0.000000000     -1          2
32             50             51         2 0.001085088      1          0
33              0              0         0 0.000000000     -1          1
34              0              0         0 0.000000000     -1          2
35             52             53         2 0.391268787      1          0
36              0              0         0 0.000000000     -1          1
37             54             55         1 0.550372880      1          0
38              0              0         0 0.000000000     -1          2
39             56             57         2 0.553401705      1          0
40             58             59         2 0.750188141      1          0
41             60             61         2 0.775237010      1          0
42              0              0         0 0.000000000     -1          2
43             62             63         1 0.635685950      1          0
44             64             65         1 0.578544358      1          0
45              0              0         0 0.000000000     -1          1
46              0              0         0 0.000000000     -1          2
47             66             67         2 0.964022500      1          0
48              0              0         0 0.000000000     -1          2
49             68             69         2 0.199788592      1          0
50              0              0         0 0.000000000     -1          2
51             70             71         2 0.244553203      1          0
52             72             73         1 0.444998281      1          0
53             74             75         1 0.016575677      1          0
54              0              0         0 0.000000000     -1          2
55             76             77         1 0.895887781      1          0
56             78             79         2 0.493688322      1          0
57             80             81         1 0.889767185      1          0
58              0              0         0 0.000000000     -1          2
59             82             83         2 0.993411653      1          0
60              0              0         0 0.000000000     -1          2
61             84             85         1 0.532784304      1          0
62              0              0         0 0.000000000     -1          2
63              0              0         0 0.000000000     -1          1
64              0              0         0 0.000000000     -1          1
65              0              0         0 0.000000000     -1          2
66             86             87         1 0.773928654      1          0
67              0              0         0 0.000000000     -1          2
68              0              0         0 0.000000000     -1          1
69              0              0         0 0.000000000     -1          1
70             88             89         2 0.148207793      1          0
71              0              0         0 0.000000000     -1          1
72             90             91         2 0.389302542      1          0
73              0              0         0 0.000000000     -1          1
74              0              0         0 0.000000000     -1          2
75              0              0         0 0.000000000     -1          2
76             92             93         2 0.381331523      1          0
77              0              0         0 0.000000000     -1          1
78              0              0         0 0.000000000     -1          1
79              0              0         0 0.000000000     -1          1
80             94             95         2 0.557504174      1          0
81              0              0         0 0.000000000     -1          2
82             96             97         2 0.963298840      1          0
83              0              0         0 0.000000000     -1          1
84             98             99         2 0.817193599      1          0
85              0              0         0 0.000000000     -1          2
86            100            101         1 0.766280381      1          0
87              0              0         0 0.000000000     -1          2
88              0              0         0 0.000000000     -1          1
89            102            103         1 0.216539884      1          0
90            104            105         1 0.107340929      1          0
91              0              0         0 0.000000000     -1          1
92            106            107         1 0.895241533      1          0
93              0              0         0 0.000000000     -1          2
94              0              0         0 0.000000000     -1          2
95              0              0         0 0.000000000     -1          1
96            108            109         2 0.876155997      1          0
97              0              0         0 0.000000000     -1          2
98              0              0         0 0.000000000     -1          1
99            110            111         2 0.962984594      1          0
100             0              0         0 0.000000000     -1          2
101             0              0         0 0.000000000     -1          1
102             0              0         0 0.000000000     -1          1
103             0              0         0 0.000000000     -1          1
104             0              0         0 0.000000000     -1          2
105             0              0         0 0.000000000     -1          2
106           112            113         2 0.344169533      1          0
107             0              0         0 0.000000000     -1          2
108             0              0         0 0.000000000     -1          2
109           114            115         2 0.877737330      1          0
110             0              0         0 0.000000000     -1          2
111             0              0         0 0.000000000     -1          2
112           116            117         2 0.062592686      1          0
113             0              0         0 0.000000000     -1          1
114             0              0         0 0.000000000     -1          1
115           118            119         1 0.178453667      1          0
116           120            121         1 0.808668890      1          0
117           122            123         1 0.643376317      1          0
118             0              0         0 0.000000000     -1          2
119           124            125         2 0.900766258      1          0
120             0              0         0 0.000000000     -1          1
121             0              0         0 0.000000000     -1          1
122           126            127         2 0.236089567      1          0
123             0              0         0 0.000000000     -1          1
124             0              0         0 0.000000000     -1          2
125             0              0         0 0.000000000     -1          2
126             0              0         0 0.000000000     -1          1
127             0              0         0 0.000000000     -1          1
