    left daughter right daughter split var split point status prediction
1               2              3         1 0.468338556      1          0
2               4              5         2 0.296245539      1          0
3               6              7         1 0.480320708      1          0
4               8              9         1 0.345438901      1          0
5              10             11         2 0.965375311      1          0
6               0              0         0 0.000000000     -1          1
7              12             13         2 0.739427920      1          0
8              14             15         2 0.264304160      1          0
9               0              0         0 0.000000000     -1          1
10             16             17         1 0.018764108      1          0
11             18             19         1 0.368640823      1          0
12             20             21         1 0.534132314      1          0
13             22             23         1 0.532707228      1          0
14             24             25         1 0.342949833      1          0
15              0              0         0 0.000000000     -1          2
16              0              0         0 0.000000000     -1          2
17             26             27         2 0.365977019      1          0
18             28             29         1 0.145579725      1          0
19              0              0         0 0.000000000     -1          1
20             30             31         1 0.532270573      1          0
21             32             33         2 0.655235487      1          0
22             34             35         1 0.532064625      1          0
23             36             37         2 0.834375256      1          0
24             38             39         2 0.001085088      1          0
25              0              0         0 0.000000000     -1          2
26             40             41         2 0.361281404      1          0
27             42             43         1 0.091273645      1          0
28              0              0         0 0.000000000     -1          2
29              0              0         0 0.000000000     -1          2
30             44             45         1 0.481025914      1          0
31              0              0         0 0.000000000     -1          2
32             46             47         1 0.653283780      1          0
33             48             49         1 0.668261403      1          0
34              0              0         0 0.000000000     -1          2
35              0              0         0 0.000000000     -1          1
36             50             51         1 0.820979857      1          0
37             52             53         2 0.893588507      1          0
38              0              0         0 0.000000000     -1          2
39             54             55         1 0.105260470      1          0
40             56             57         1 0.114116359      1          0
41              0              0         0 0.000000000     -1          1
42             58             59         2 0.511812638      1          0
43             60             61         1 0.275184302      1          0
44              0              0         0 0.000000000     -1          2
45             62             63         2 0.501957782      1          0
46             64             65         2 0.317018792      1          0
47             66             67         2 0.308089133      1          0
48              0              0         0 0.000000000     -1          2
49             68             69         2 0.712554121      1          0
50             70             71         1 0.763528543      1          0
51              0              0         0 0.000000000     -1          2
52              0              0         0 0.000000000     -1          2
53             72             73         2 0.897493065      1          0
54             74             75         2 0.083937702      1          0
55             76             77         2 0.118207247      1          0
56              0              0         0 0.000000000     -1          2
57              0              0         0 0.000000000     -1          2
58             78             79         2 0.484591400      1          0
59             80             81         2 0.729958884      1          0
60             82             83         2 0.723655134      1          0
61             84             85         1 0.428342298      1          0
62              0              0         0 0.000000000     -1          1
63              0              0         0 0.000000000     -1          2
64              0              0         0 0.000000000     -1          1
65             86             87         2 0.322202656      1          0
66             88             89         1 0.810524259      1          0
67             90             91         2 0.350120001      1          0
68             92             93         1 0.781222676      1          0
69              0              0         0 0.000000000     -1          1
70             94             95         1 0.672041689      1          0
71              0              0         0 0.000000000     -1          1
72              0              0         0 0.000000000     -1          1
73             96             97         2 0.947948993      1          0
74              0              0         0 0.000000000     -1          1
75             98             99         2 0.199788592      1          0
76            100            101         2 0.116525060      1          0
77              0              0         0 0.000000000     -1          1
78              0              0         0 0.000000000     -1          2
79              0              0         0 0.000000000     -1          1
80              0              0         0 0.000000000     -1          2
81              0              0         0 0.000000000     -1          2
82              0              0         0 0.000000000     -1          2
83            102            103         1 0.269317171      1          0
84              0              0         0 0.000000000     -1          2
85            104            105         1 0.429454910      1          0
86              0              0         0 0.000000000     -1          2
87            106            107         2 0.590737224      1          0
88            108            109         1 0.779337700      1          0
89            110            111         1 0.895590864      1          0
90              0              0         0 0.000000000     -1          1
91            112            113         2 0.355247433      1          0
92              0              0         0 0.000000000     -1          1
93              0              0         0 0.000000000     -1          1
94              0              0         0 0.000000000     -1          2
95              0              0         0 0.000000000     -1          2
96              0              0         0 0.000000000     -1          2
97            114            115         1 0.857111506      1          0
98              0              0         0 0.000000000     -1          1
99              0              0         0 0.000000000     -1          1
100             0              0         0 0.000000000     -1          1
101             0              0         0 0.000000000     -1          2
102           116            117         1 0.180926842      1          0
103             0              0         0 0.000000000     -1          1
104             0              0         0 0.000000000     -1          1
105             0              0         0 0.000000000     -1          2
106             0              0         0 0.000000000     -1          1
107             0              0         0 0.000000000     -1          1
108           118            119         2 0.018878976      1          0
109             0              0         0 0.000000000     -1          2
110             0              0         0 0.000000000     -1          1
111           120            121         2 0.213542942      1          0
112             0              0         0 0.000000000     -1          2
113           122            123         1 0.803028331      1          0
114             0              0         0 0.000000000     -1          2
115             0              0         0 0.000000000     -1          1
116             0              0         0 0.000000000     -1          2
117             0              0         0 0.000000000     -1          2
118             0              0         0 0.000000000     -1          1
119           124            125         1 0.700901951      1          0
120             0              0         0 0.000000000     -1          1
121             0              0         0 0.000000000     -1          1
122           126            127         2 0.392094937      1          0
123             0              0         0 0.000000000     -1          1
124             0              0         0 0.000000000     -1          1
125             0              0         0 0.000000000     -1          1
126             0              0         0 0.000000000     -1          1
127             0              0         0 0.000000000     -1          1
