    left daughter right daughter split var split point status prediction
1               2              3         1  0.49809038      1          0
2               4              5         2  0.28623873      1          0
3               6              7         2  0.74452361      1          0
4               8              9         1  0.31472401      1          0
5              10             11         2  0.96598697      1          0
6              12             13         2  0.58826494      1          0
7              14             15         1  0.50759230      1          0
8              16             17         2  0.22946103      1          0
9               0              0         0  0.00000000     -1          1
10             18             19         2  0.72365513      1          0
11              0              0         0  0.00000000     -1          2
12             20             21         2  0.45287613      1          0
13             22             23         2  0.61332399      1          0
14              0              0         0  0.00000000     -1          1
15             24             25         1  0.85880568      1          0
16             26             27         1  0.31193028      1          0
17             28             29         2  0.23491174      1          0
18             30             31         2  0.58691604      1          0
19             32             33         2  0.72720992      1          0
20             34             35         2  0.23618300      1          0
21             36             37         1  0.63482326      1          0
22              0              0         0  0.00000000     -1          2
23             38             39         2  0.63831096      1          0
24             40             41         1  0.67350732      1          0
25             42             43         2  0.78917606      1          0
26             44             45         1  0.05854563      1          0
27              0              0         0  0.00000000     -1          2
28              0              0         0  0.00000000     -1          2
29             46             47         2  0.26412592      1          0
30             48             49         1  0.14241482      1          0
31              0              0         0  0.00000000     -1          2
32              0              0         0  0.00000000     -1          1
33             50             51         1  0.02305140      1          0
34             52             53         1  0.70004765      1          0
35             54             55         1  0.78848801      1          0
36             56             57         2  0.56334929      1          0
37             58             59         1  0.78842108      1          0
38              0              0         0  0.00000000     -1          1
39             60             61         1  0.63985593      1          0
40             62             63         1  0.60060089      1          0
41              0              0         0  0.00000000     -1          2
42              0              0         0  0.00000000     -1          1
43             64             65         2  0.94162119      1          0
44              0              0         0  0.00000000     -1          1
45             66             67         1  0.06244842      1          0
46              0              0         0  0.00000000     -1          1
47              0              0         0  0.00000000     -1          1
48             68             69         1  0.12932007      1          0
49             70             71         1  0.47179082      1          0
50              0              0         0  0.00000000     -1          2
51             72             73         1  0.47831339      1          0
52             74             75         1  0.69650865      1          0
53              0              0         0  0.00000000     -1          1
54             76             77         2  0.23667978      1          0
55              0              0         0  0.00000000     -1          1
56              0              0         0  0.00000000     -1          2
57              0              0         0  0.00000000     -1          1
58              0              0         0  0.00000000     -1          1
59             78             79         1  0.79276529      1          0
60              0              0         0  0.00000000     -1          2
61             80             81         2  0.69759967      1          0
62             82             83         2  0.76012020      1          0
63             84             85         1  0.65938839      1          0
64              0              0         0  0.00000000     -1          2
65              0              0         0  0.00000000     -1          2
66              0              0         0  0.00000000     -1          2
67             86             87         1  0.21653988      1          0
68             88             89         1  0.02134096      1          0
69              0              0         0  0.00000000     -1          1
70              0              0         0  0.00000000     -1          2
71              0              0         0  0.00000000     -1          2
72             90             91         2  0.75018814      1          0
73              0              0         0  0.00000000     -1          2
74              0              0         0  0.00000000     -1          1
75              0              0         0  0.00000000     -1          2
76              0              0         0  0.00000000     -1          2
77             92             93         2  0.36566127      1          0
78              0              0         0  0.00000000     -1          2
79             94             95         2  0.46535424      1          0
80              0              0         0  0.00000000     -1          1
81             96             97         1  0.71461908      1          0
82              0              0         0  0.00000000     -1          2
83              0              0         0  0.00000000     -1          2
84              0              0         0  0.00000000     -1          2
85              0              0         0  0.00000000     -1          1
86             98             99         1  0.20883564      1          0
87            100            101         2  0.11652506      1          0
88              0              0         0  0.00000000     -1          2
89            102            103         1  0.08274555      1          0
90              0              0         0  0.00000000     -1          2
91            104            105         1  0.42688604      1          0
92              0              0         0  0.00000000     -1          1
93            106            107         1  0.77785140      1          0
94              0              0         0  0.00000000     -1          2
95            108            109         1  0.86056041      1          0
96              0              0         0  0.00000000     -1          2
97            110            111         2  0.71255412      1          0
98            112            113         2  0.06584901      1          0
99              0              0         0  0.00000000     -1          2
100             0              0         0  0.00000000     -1          1
101             0              0         0  0.00000000     -1          1
102             0              0         0  0.00000000     -1          2
103             0              0         0  0.00000000     -1          2
104           114            115         2  0.90245532      1          0
105             0              0         0  0.00000000     -1          2
106             0              0         0  0.00000000     -1          1
107             0              0         0  0.00000000     -1          2
108             0              0         0  0.00000000     -1          1
109             0              0         0  0.00000000     -1          1
110             0              0         0  0.00000000     -1          2
111             0              0         0  0.00000000     -1          1
112             0              0         0  0.00000000     -1          1
113             0              0         0  0.00000000     -1          1
114             0              0         0  0.00000000     -1          2
115           116            117         1  0.18092684      1          0
116             0              0         0  0.00000000     -1          2
117             0              0         0  0.00000000     -1          2
