    left daughter right daughter split var split point status prediction
1               2              3         1 0.468447849      1          0
2               4              5         2 0.296245539      1          0
3               6              7         1 0.964702686      1          0
4               8              9         1 0.336086659      1          0
5              10             11         1 0.018061500      1          0
6              12             13         1 0.799873944      1          0
7              14             15         1 0.987831719      1          0
8              16             17         2 0.229461031      1          0
9               0              0         0 0.000000000     -1          1
10              0              0         0 0.000000000     -1          2
11             18             19         1 0.314082201      1          0
12             20             21         1 0.761113553      1          0
13             22             23         1 0.838021256      1          0
14             24             25         2 0.524437524      1          0
15              0              0         0 0.000000000     -1          1
16             26             27         2 0.001085088      1          0
17             28             29         1 0.178969140      1          0
18             30             31         2 0.991154843      1          0
19              0              0         0 0.000000000     -1          2
20             32             33         1 0.534843665      1          0
21             34             35         1 0.762754288      1          0
22             36             37         2 0.310142052      1          0
23             38             39         1 0.838785590      1          0
24              0              0         0 0.000000000     -1          1
25              0              0         0 0.000000000     -1          2
26              0              0         0 0.000000000     -1          2
27             40             41         2 0.118207247      1          0
28              0              0         0 0.000000000     -1          1
29              0              0         0 0.000000000     -1          2
30             42             43         2 0.685183021      1          0
31              0              0         0 0.000000000     -1          1
32             44             45         1 0.532676124      1          0
33             46             47         2 0.703225479      1          0
34              0              0         0 0.000000000     -1          2
35             48             49         1 0.773810994      1          0
36              0              0         0 0.000000000     -1          1
37              0              0         0 0.000000000     -1          1
38              0              0         0 0.000000000     -1          2
39             50             51         2 0.790745640      1          0
40             52             53         2 0.116525060      1          0
41              0              0         0 0.000000000     -1          1
42             54             55         2 0.588045486      1          0
43             56             57         2 0.685713109      1          0
44             58             59         1 0.473537422      1          0
45              0              0         0 0.000000000     -1          2
46             60             61         1 0.571788336      1          0
47             62             63         2 0.757845742      1          0
48              0              0         0 0.000000000     -1          1
49             64             65         2 0.709670666      1          0
50             66             67         2 0.230539499      1          0
51             68             69         2 0.923963249      1          0
52             70             71         1 0.065359938      1          0
53              0              0         0 0.000000000     -1          2
54             72             73         2 0.576251481      1          0
55              0              0         0 0.000000000     -1          2
56              0              0         0 0.000000000     -1          1
57             74             75         2 0.750188141      1          0
58              0              0         0 0.000000000     -1          1
59             76             77         2 0.482574128      1          0
60             78             79         1 0.569472043      1          0
61             80             81         2 0.125408402      1          0
62              0              0         0 0.000000000     -1          2
63             82             83         2 0.868638212      1          0
64              0              0         0 0.000000000     -1          1
65              0              0         0 0.000000000     -1          2
66              0              0         0 0.000000000     -1          1
67             84             85         2 0.238140300      1          0
68              0              0         0 0.000000000     -1          2
69              0              0         0 0.000000000     -1          2
70              0              0         0 0.000000000     -1          1
71              0              0         0 0.000000000     -1          1
72             86             87         1 0.107340929      1          0
73              0              0         0 0.000000000     -1          1
74             88             89         2 0.741487389      1          0
75             90             91         2 0.981280034      1          0
76              0              0         0 0.000000000     -1          1
77             92             93         1 0.532064625      1          0
78             94             95         1 0.558517069      1          0
79              0              0         0 0.000000000     -1          2
80              0              0         0 0.000000000     -1          1
81             96             97         2 0.579114652      1          0
82             98             99         1 0.643109885      1          0
83              0              0         0 0.000000000     -1          2
84              0              0         0 0.000000000     -1          2
85            100            101         2 0.295925825      1          0
86            102            103         1 0.099120725      1          0
87              0              0         0 0.000000000     -1          2
88            104            105         2 0.723655134      1          0
89              0              0         0 0.000000000     -1          1
90            106            107         1 0.180926842      1          0
91              0              0         0 0.000000000     -1          2
92            108            109         2 0.768981285      1          0
93              0              0         0 0.000000000     -1          1
94            110            111         1 0.557349215      1          0
95              0              0         0 0.000000000     -1          1
96            112            113         2 0.571201422      1          0
97              0              0         0 0.000000000     -1          1
98              0              0         0 0.000000000     -1          2
99              0              0         0 0.000000000     -1          2
100             0              0         0 0.000000000     -1          1
101           114            115         1 0.930074729      1          0
102           116            117         1 0.082896964      1          0
103             0              0         0 0.000000000     -1          1
104             0              0         0 0.000000000     -1          2
105             0              0         0 0.000000000     -1          2
106             0              0         0 0.000000000     -1          2
107           118            119         1 0.188172732      1          0
108           120            121         1 0.509377548      1          0
109             0              0         0 0.000000000     -1          2
110           122            123         1 0.547428360      1          0
111             0              0         0 0.000000000     -1          2
112           124            125         2 0.466250018      1          0
113             0              0         0 0.000000000     -1          2
114           126            127         1 0.929909487      1          0
115             0              0         0 0.000000000     -1          1
116             0              0         0 0.000000000     -1          2
117             0              0         0 0.000000000     -1          2
118             0              0         0 0.000000000     -1          1
119             0              0         0 0.000000000     -1          2
120             0              0         0 0.000000000     -1          2
121             0              0         0 0.000000000     -1          2
122             0              0         0 0.000000000     -1          1
123             0              0         0 0.000000000     -1          1
124             0              0         0 0.000000000     -1          1
125             0              0         0 0.000000000     -1          1
126             0              0         0 0.000000000     -1          1
127             0              0         0 0.000000000     -1          2
