    left daughter right daughter split var split point status prediction
1               2              3         2  0.33782397      1          0
2               4              5         2  0.23395578      1          0
3               6              7         2  0.58615170      1          0
4               8              9         2  0.20060619      1          0
5              10             11         1  0.42231574      1          0
6              12             13         2  0.52751386      1          0
7              14             15         2  0.75759030      1          0
8              16             17         1  0.21653988      1          0
9              18             19         1  0.04491617      1          0
10             20             21         2  0.28418801      1          0
11             22             23         1  0.77933770      1          0
12             24             25         1  0.49732587      1          0
13             26             27         1  0.50937755      1          0
14             28             29         1  0.57301671      1          0
15             30             31         2  0.96255050      1          0
16             32             33         2  0.14820779      1          0
17              0              0         0  0.00000000     -1          1
18              0              0         0  0.00000000     -1          2
19              0              0         0  0.00000000     -1          1
20             34             35         2  0.24604728      1          0
21              0              0         0  0.00000000     -1          2
22             36             37         2  0.23660066      1          0
23             38             39         2  0.24322297      1          0
24             40             41         1  0.46915086      1          0
25             42             43         2  0.52489254      1          0
26              0              0         0  0.00000000     -1          2
27             44             45         1  0.92092953      1          0
28             46             47         2  0.68428669      1          0
29             48             49         2  0.61332399      1          0
30             50             51         2  0.90607638      1          0
31             52             53         2  0.96298459      1          0
32              0              0         0  0.00000000     -1          1
33              0              0         0  0.00000000     -1          1
34              0              0         0  0.00000000     -1          2
35             54             55         1  0.26956478      1          0
36              0              0         0  0.00000000     -1          2
37             56             57         2  0.31666593      1          0
38              0              0         0  0.00000000     -1          2
39             58             59         1  0.93444055      1          0
40             60             61         1  0.27352222      1          0
41              0              0         0  0.00000000     -1          2
42             62             63         1  0.65275238      1          0
43              0              0         0  0.00000000     -1          2
44              0              0         0  0.00000000     -1          1
45              0              0         0  0.00000000     -1          1
46              0              0         0  0.00000000     -1          2
47             64             65         2  0.68571311      1          0
48              0              0         0  0.00000000     -1          2
49             66             67         2  0.69759967      1          0
50             68             69         2  0.90482102      1          0
51             70             71         2  0.94464811      1          0
52              0              0         0  0.00000000     -1          1
53             72             73         1  0.39763924      1          0
54              0              0         0  0.00000000     -1          1
55              0              0         0  0.00000000     -1          2
56              0              0         0  0.00000000     -1          1
57              0              0         0  0.00000000     -1          1
58             74             75         1  0.81052426      1          0
59              0              0         0  0.00000000     -1          1
60             76             77         2  0.39126879      1          0
61              0              0         0  0.00000000     -1          2
62             78             79         1  0.55804819      1          0
63             80             81         1  0.66201437      1          0
64              0              0         0  0.00000000     -1          1
65             82             83         1  0.08449080      1          0
66              0              0         0  0.00000000     -1          1
67             84             85         2  0.74984880      1          0
68             86             87         1  0.07568266      1          0
69              0              0         0  0.00000000     -1          1
70              0              0         0  0.00000000     -1          2
71              0              0         0  0.00000000     -1          2
72              0              0         0  0.00000000     -1          2
73             88             89         1  0.67723201      1          0
74              0              0         0  0.00000000     -1          1
75              0              0         0  0.00000000     -1          1
76             90             91         2  0.38930254      1          0
77              0              0         0  0.00000000     -1          2
78              0              0         0  0.00000000     -1          1
79             92             93         2  0.45539349      1          0
80              0              0         0  0.00000000     -1          2
81             94             95         2  0.46556536      1          0
82              0              0         0  0.00000000     -1          2
83             96             97         1  0.29362333      1          0
84             98             99         1  0.79547862      1          0
85              0              0         0  0.00000000     -1          1
86              0              0         0  0.00000000     -1          2
87            100            101         1  0.95160968      1          0
88              0              0         0  0.00000000     -1          2
89              0              0         0  0.00000000     -1          2
90              0              0         0  0.00000000     -1          2
91              0              0         0  0.00000000     -1          1
92              0              0         0  0.00000000     -1          1
93              0              0         0  0.00000000     -1          1
94            102            103         1  0.67870889      1          0
95              0              0         0  0.00000000     -1          1
96              0              0         0  0.00000000     -1          2
97              0              0         0  0.00000000     -1          2
98              0              0         0  0.00000000     -1          2
99              0              0         0  0.00000000     -1          1
100           104            105         2  0.85411247      1          0
101             0              0         0  0.00000000     -1          2
102             0              0         0  0.00000000     -1          1
103           106            107         2  0.46252467      1          0
104           108            109         2  0.78680039      1          0
105           110            111         2  0.85747547      1          0
106           112            113         1  0.79242822      1          0
107             0              0         0  0.00000000     -1          2
108           114            115         2  0.78402611      1          0
109             0              0         0  0.00000000     -1          2
110             0              0         0  0.00000000     -1          1
111           116            117         1  0.49662168      1          0
112             0              0         0  0.00000000     -1          1
113             0              0         0  0.00000000     -1          1
114             0              0         0  0.00000000     -1          2
115             0              0         0  0.00000000     -1          1
116             0              0         0  0.00000000     -1          2
117           118            119         2  0.87173835      1          0
118             0              0         0  0.00000000     -1          2
119           120            121         2  0.89358851      1          0
120             0              0         0  0.00000000     -1          2
121             0              0         0  0.00000000     -1          2
