    left daughter right daughter split var split point status prediction
1               2              3         2 0.594682749      1          0
2               4              5         2 0.271727147      1          0
3               6              7         1 0.638773176      1          0
4               8              9         1 0.696508651      1          0
5              10             11         1 0.502926270      1          0
6              12             13         1 0.091273645      1          0
7              14             15         2 0.739427920      1          0
8              16             17         1 0.343620700      1          0
9              18             19         1 0.700047649      1          0
10             20             21         1 0.468048645      1          0
11             22             23         1 0.781620533      1          0
12             24             25         1 0.089307590      1          0
13             26             27         1 0.469649238      1          0
14             28             29         1 0.770989577      1          0
15             30             31         2 0.787774625      1          0
16             32             33         2 0.003225303      1          0
17             34             35         2 0.236089567      1          0
18              0              0         0 0.000000000     -1          2
19             36             37         1 0.780306393      1          0
20             38             39         2 0.582599538      1          0
21              0              0         0 0.000000000     -1          1
22             40             41         2 0.552472836      1          0
23             42             43         1 0.783752169      1          0
24             44             45         1 0.022109088      1          0
25              0              0         0 0.000000000     -1          1
26             46             47         2 0.902799366      1          0
27             48             49         1 0.472987126      1          0
28             50             51         1 0.745697313      1          0
29             52             53         2 0.615490588      1          0
30              0              0         0 0.000000000     -1          2
31             54             55         1 0.673507323      1          0
32              0              0         0 0.000000000     -1          2
33             56             57         2 0.229461031      1          0
34              0              0         0 0.000000000     -1          1
35              0              0         0 0.000000000     -1          1
36              0              0         0 0.000000000     -1          1
37             58             59         1 0.786080175      1          0
38             60             61         2 0.286238733      1          0
39              0              0         0 0.000000000     -1          1
40             62             63         1 0.678708895      1          0
41             64             65         2 0.557504174      1          0
42              0              0         0 0.000000000     -1          2
43             66             67         1 0.809681434      1          0
44              0              0         0 0.000000000     -1          2
45             68             69         2 0.737723577      1          0
46             70             71         2 0.783371830      1          0
47             72             73         1 0.235196127      1          0
48              0              0         0 0.000000000     -1          1
49             74             75         2 0.867080390      1          0
50             76             77         1 0.687638274      1          0
51              0              0         0 0.000000000     -1          2
52              0              0         0 0.000000000     -1          1
53              0              0         0 0.000000000     -1          1
54              0              0         0 0.000000000     -1          1
55             78             79         2 0.946896828      1          0
56             80             81         2 0.155757502      1          0
57              0              0         0 0.000000000     -1          1
58              0              0         0 0.000000000     -1          2
59             82             83         2 0.229521016      1          0
60              0              0         0 0.000000000     -1          1
61             84             85         1 0.107340929      1          0
62             86             87         2 0.494180291      1          0
63              0              0         0 0.000000000     -1          1
64              0              0         0 0.000000000     -1          2
65              0              0         0 0.000000000     -1          1
66              0              0         0 0.000000000     -1          1
67             88             89         2 0.308089133      1          0
68              0              0         0 0.000000000     -1          2
69              0              0         0 0.000000000     -1          2
70              0              0         0 0.000000000     -1          2
71             90             91         2 0.786895629      1          0
72              0              0         0 0.000000000     -1          2
73              0              0         0 0.000000000     -1          2
74             92             93         2 0.745255099      1          0
75              0              0         0 0.000000000     -1          2
76              0              0         0 0.000000000     -1          1
77              0              0         0 0.000000000     -1          1
78             94             95         2 0.835843112      1          0
79             96             97         1 0.869671206      1          0
80             98             99         2 0.148207793      1          0
81              0              0         0 0.000000000     -1          1
82              0              0         0 0.000000000     -1          1
83              0              0         0 0.000000000     -1          1
84            100            101         1 0.082808729      1          0
85            102            103         2 0.365977019      1          0
86            104            105         1 0.672988685      1          0
87              0              0         0 0.000000000     -1          1
88              0              0         0 0.000000000     -1          2
89            106            107         1 0.898918028      1          0
90              0              0         0 0.000000000     -1          1
91              0              0         0 0.000000000     -1          2
92            108            109         1 0.544196659      1          0
93            110            111         2 0.751107511      1          0
94              0              0         0 0.000000000     -1          2
95              0              0         0 0.000000000     -1          2
96              0              0         0 0.000000000     -1          2
97              0              0         0 0.000000000     -1          2
98            112            113         2 0.077316595      1          0
99              0              0         0 0.000000000     -1          2
100             0              0         0 0.000000000     -1          2
101             0              0         0 0.000000000     -1          2
102           114            115         1 0.275331492      1          0
103             0              0         0 0.000000000     -1          2
104           116            117         1 0.547428360      1          0
105             0              0         0 0.000000000     -1          2
106           118            119         1 0.897225286      1          0
107           120            121         2 0.548295060      1          0
108             0              0         0 0.000000000     -1          2
109             0              0         0 0.000000000     -1          2
110             0              0         0 0.000000000     -1          1
111           122            123         1 0.532784304      1          0
112           124            125         2 0.072112007      1          0
113             0              0         0 0.000000000     -1          1
114             0              0         0 0.000000000     -1          2
115             0              0         0 0.000000000     -1          2
116             0              0         0 0.000000000     -1          1
117           126            127         1 0.550372880      1          0
118             0              0         0 0.000000000     -1          1
119             0              0         0 0.000000000     -1          2
120             0              0         0 0.000000000     -1          1
121             0              0         0 0.000000000     -1          1
122             0              0         0 0.000000000     -1          1
123             0              0         0 0.000000000     -1          2
124             0              0         0 0.000000000     -1          1
125             0              0         0 0.000000000     -1          2
126             0              0         0 0.000000000     -1          2
127             0              0         0 0.000000000     -1          1
