    left daughter right daughter split var split point status prediction
1               2              3         1 0.471790821      1          0
2               4              5         1 0.075612403      1          0
3               6              7         1 0.792734324      1          0
4               8              9         2 0.295186157      1          0
5              10             11         2 0.280155930      1          0
6              12             13         2 0.661534790      1          0
7              14             15         2 0.790745640      1          0
8              16             17         1 0.067100049      1          0
9              18             19         1 0.072276476      1          0
10             20             21         2 0.001085088      1          0
11             22             23         2 0.989316965      1          0
12             24             25         1 0.779337700      1          0
13             26             27         2 0.867080390      1          0
14             28             29         2 0.427692236      1          0
15              0              0         0 0.000000000     -1          2
16             30             31         1 0.019140484      1          0
17              0              0         0 0.000000000     -1          1
18             32             33         2 0.673338366      1          0
19              0              0         0 0.000000000     -1          1
20              0              0         0 0.000000000     -1          2
21             34             35         1 0.344902796      1          0
22             36             37         1 0.083507158      1          0
23              0              0         0 0.000000000     -1          1
24             38             39         1 0.560242905      1          0
25              0              0         0 0.000000000     -1          2
26             40             41         2 0.854112473      1          0
27             42             43         2 0.944648107      1          0
28             44             45         1 0.796001970      1          0
29             46             47         2 0.469613555      1          0
30              0              0         0 0.000000000     -1          1
31              0              0         0 0.000000000     -1          1
32              0              0         0 0.000000000     -1          2
33             48             49         2 0.685018100      1          0
34             50             51         2 0.116150963      1          0
35              0              0         0 0.000000000     -1          1
36             52             53         2 0.525258269      1          0
37             54             55         2 0.296245539      1          0
38             56             57         1 0.557815196      1          0
39             58             59         2 0.574795448      1          0
40             60             61         2 0.760337132      1          0
41              0              0         0 0.000000000     -1          1
42             62             63         2 0.897774286      1          0
43             64             65         2 0.946224207      1          0
44              0              0         0 0.000000000     -1          1
45             66             67         1 0.936497108      1          0
46              0              0         0 0.000000000     -1          2
47             68             69         1 0.959396602      1          0
48              0              0         0 0.000000000     -1          1
49             70             71         2 0.881350787      1          0
50              0              0         0 0.000000000     -1          1
51             72             73         1 0.342949833      1          0
52              0              0         0 0.000000000     -1          2
53              0              0         0 0.000000000     -1          2
54              0              0         0 0.000000000     -1          2
55             74             75         2 0.318873327      1          0
56             76             77         1 0.534308215      1          0
57              0              0         0 0.000000000     -1          2
58             78             79         1 0.656236905      1          0
59             80             81         1 0.737923679      1          0
60             82             83         1 0.639855934      1          0
61             84             85         2 0.812268325      1          0
62              0              0         0 0.000000000     -1          2
63              0              0         0 0.000000000     -1          2
64              0              0         0 0.000000000     -1          1
65              0              0         0 0.000000000     -1          2
66              0              0         0 0.000000000     -1          1
67             86             87         2 0.297203754      1          0
68             88             89         1 0.871886584      1          0
69              0              0         0 0.000000000     -1          2
70              0              0         0 0.000000000     -1          2
71              0              0         0 0.000000000     -1          2
72             90             91         2 0.155757502      1          0
73              0              0         0 0.000000000     -1          2
74              0              0         0 0.000000000     -1          2
75             92             93         1 0.275184302      1          0
76             94             95         1 0.532270573      1          0
77             96             97         1 0.547428360      1          0
78             98             99         1 0.652752377      1          0
79            100            101         1 0.761298782      1          0
80            102            103         2 0.579114652      1          0
81              0              0         0 0.000000000     -1          2
82              0              0         0 0.000000000     -1          2
83            104            105         2 0.697599667      1          0
84              0              0         0 0.000000000     -1          2
85              0              0         0 0.000000000     -1          2
86              0              0         0 0.000000000     -1          1
87              0              0         0 0.000000000     -1          1
88            106            107         1 0.870189300      1          0
89              0              0         0 0.000000000     -1          1
90              0              0         0 0.000000000     -1          2
91              0              0         0 0.000000000     -1          1
92            108            109         2 0.715637087      1          0
93              0              0         0 0.000000000     -1          2
94            110            111         1 0.496823121      1          0
95              0              0         0 0.000000000     -1          2
96              0              0         0 0.000000000     -1          1
97              0              0         0 0.000000000     -1          1
98            112            113         2 0.236600662      1          0
99              0              0         0 0.000000000     -1          2
100             0              0         0 0.000000000     -1          1
101             0              0         0 0.000000000     -1          1
102             0              0         0 0.000000000     -1          2
103             0              0         0 0.000000000     -1          1
104             0              0         0 0.000000000     -1          1
105             0              0         0 0.000000000     -1          2
106           114            115         2 0.527513860      1          0
107             0              0         0 0.000000000     -1          2
108             0              0         0 0.000000000     -1          2
109           116            117         2 0.738256933      1          0
110           118            119         2 0.422932688      1          0
111           120            121         2 0.516239302      1          0
112           122            123         1 0.634139952      1          0
113             0              0         0 0.000000000     -1          1
114             0              0         0 0.000000000     -1          1
115             0              0         0 0.000000000     -1          1
116             0              0         0 0.000000000     -1          1
117           124            125         2 0.900071372      1          0
118             0              0         0 0.000000000     -1          1
119             0              0         0 0.000000000     -1          2
120             0              0         0 0.000000000     -1          1
121             0              0         0 0.000000000     -1          2
122             0              0         0 0.000000000     -1          1
123             0              0         0 0.000000000     -1          1
124             0              0         0 0.000000000     -1          2
125             0              0         0 0.000000000     -1          2
