    left daughter right daughter split var split point status prediction
1               2              3         2 0.586417406      1          0
2               4              5         2 0.284454437      1          0
3               6              7         2 0.727209921      1          0
4               8              9         2 0.236183002      1          0
5              10             11         1 0.497325875      1          0
6              12             13         1 0.621380384      1          0
7              14             15         2 0.787381825      1          0
8              16             17         2 0.001085088      1          0
9              18             19         1 0.928555528      1          0
10             20             21         2 0.582289668      1          0
11             22             23         1 0.558405948      1          0
12             24             25         1 0.009192825      1          0
13             26             27         2 0.613323992      1          0
14             28             29         2 0.781608172      1          0
15             30             31         1 0.024377004      1          0
16              0              0         0 0.000000000     -1          1
17             32             33         1 0.108518655      1          0
18             34             35         2 0.237255290      1          0
19              0              0         0 0.000000000     -1          2
20             36             37         2 0.294432555      1          0
21              0              0         0 0.000000000     -1          1
22             38             39         1 0.558048187      1          0
23             40             41         2 0.350120001      1          0
24              0              0         0 0.000000000     -1          1
25             42             43         1 0.277197002      1          0
26              0              0         0 0.000000000     -1          1
27             44             45         2 0.709135628      1          0
28             46             47         2 0.738673669      1          0
29              0              0         0 0.000000000     -1          1
30              0              0         0 0.000000000     -1          2
31             48             49         2 0.965986972      1          0
32             50             51         2 0.083937702      1          0
33             52             53         1 0.696508651      1          0
34              0              0         0 0.000000000     -1          2
35             54             55         1 0.355489157      1          0
36              0              0         0 0.000000000     -1          2
37             56             57         2 0.337699994      1          0
38             58             59         2 0.569340468      1          0
39              0              0         0 0.000000000     -1          2
40              0              0         0 0.000000000     -1          1
41             60             61         1 0.629232092      1          0
42             62             63         1 0.269960573      1          0
43              0              0         0 0.000000000     -1          2
44              0              0         0 0.000000000     -1          1
45              0              0         0 0.000000000     -1          1
46              0              0         0 0.000000000     -1          2
47             64             65         2 0.739152753      1          0
48             66             67         2 0.853176461      1          0
49             68             69         2 0.970243237      1          0
50              0              0         0 0.000000000     -1          2
51              0              0         0 0.000000000     -1          1
52             70             71         1 0.300376447      1          0
53             72             73         2 0.015523543      1          0
54             74             75         1 0.269564783      1          0
55              0              0         0 0.000000000     -1          1
56              0              0         0 0.000000000     -1          2
57             76             77         2 0.492453057      1          0
58             78             79         1 0.547234868      1          0
59              0              0         0 0.000000000     -1          2
60              0              0         0 0.000000000     -1          1
61             80             81         2 0.355247433      1          0
62             82             83         2 0.684191057      1          0
63              0              0         0 0.000000000     -1          1
64              0              0         0 0.000000000     -1          1
65             84             85         1 0.831751839      1          0
66              0              0         0 0.000000000     -1          2
67             86             87         1 0.179519440      1          0
68              0              0         0 0.000000000     -1          1
69             88             89         1 0.756822932      1          0
70             90             91         2 0.116150963      1          0
71              0              0         0 0.000000000     -1          1
72              0              0         0 0.000000000     -1          2
73             92             93         1 0.700047649      1          0
74              0              0         0 0.000000000     -1          1
75              0              0         0 0.000000000     -1          2
76              0              0         0 0.000000000     -1          2
77             94             95         2 0.495989087      1          0
78              0              0         0 0.000000000     -1          1
79              0              0         0 0.000000000     -1          1
80              0              0         0 0.000000000     -1          2
81             96             97         1 0.632534820      1          0
82              0              0         0 0.000000000     -1          2
83              0              0         0 0.000000000     -1          2
84             98             99         2 0.750999764      1          0
85              0              0         0 0.000000000     -1          1
86              0              0         0 0.000000000     -1          2
87            100            101         2 0.855537502      1          0
88            102            103         1 0.195819015      1          0
89              0              0         0 0.000000000     -1          2
90              0              0         0 0.000000000     -1          1
91              0              0         0 0.000000000     -1          1
92              0              0         0 0.000000000     -1          2
93            104            105         1 0.767017064      1          0
94              0              0         0 0.000000000     -1          1
95              0              0         0 0.000000000     -1          2
96              0              0         0 0.000000000     -1          2
97            106            107         2 0.560565242      1          0
98              0              0         0 0.000000000     -1          2
99              0              0         0 0.000000000     -1          2
100             0              0         0 0.000000000     -1          1
101           108            109         1 0.210665800      1          0
102             0              0         0 0.000000000     -1          2
103             0              0         0 0.000000000     -1          2
104             0              0         0 0.000000000     -1          1
105             0              0         0 0.000000000     -1          1
106           110            111         1 0.675632466      1          0
107             0              0         0 0.000000000     -1          1
108             0              0         0 0.000000000     -1          1
109           112            113         2 0.865969669      1          0
110             0              0         0 0.000000000     -1          1
111           114            115         2 0.555329373      1          0
112             0              0         0 0.000000000     -1          2
113           116            117         1 0.657722508      1          0
114           118            119         2 0.527513860      1          0
115             0              0         0 0.000000000     -1          2
116             0              0         0 0.000000000     -1          2
117           120            121         2 0.947948993      1          0
118           122            123         2 0.515540298      1          0
119             0              0         0 0.000000000     -1          1
120           124            125         2 0.895702300      1          0
121             0              0         0 0.000000000     -1          2
122           126            127         1 0.678708895      1          0
123             0              0         0 0.000000000     -1          2
124             0              0         0 0.000000000     -1          2
125             0              0         0 0.000000000     -1          2
126             0              0         0 0.000000000     -1          2
127             0              0         0 0.000000000     -1          1
