    left daughter right daughter split var split point status prediction
1               2              3         2 0.655436060      1          0
2               4              5         2 0.266881080      1          0
3               6              7         2 0.757590303      1          0
4               8              9         1 0.344849406      1          0
5              10             11         2 0.442707918      1          0
6              12             13         2 0.684121765      1          0
7              14             15         1 0.023051402      1          0
8              16             17         2 0.002546497      1          0
9              18             19         2 0.231917553      1          0
10             20             21         2 0.416851500      1          0
11             22             23         2 0.460970532      1          0
12              0              0         0 0.000000000     -1          2
13             24             25         1 0.668261403      1          0
14              0              0         0 0.000000000     -1          1
15             26             27         2 0.947948993      1          0
16              0              0         0 0.000000000     -1          2
17             28             29         2 0.226476592      1          0
18             30             31         2 0.124537801      1          0
19             32             33         2 0.232395320      1          0
20             34             35         1 0.463757057      1          0
21             36             37         2 0.430910095      1          0
22             38             39         1 0.554030859      1          0
23             40             41         1 0.524180979      1          0
24             42             43         2 0.685548188      1          0
25             44             45         2 0.739427920      1          0
26             46             47         1 0.496621680      1          0
27             48             49         2 0.950329441      1          0
28             50             51         1 0.019140484      1          0
29              0              0         0 0.000000000     -1          1
30             52             53         2 0.122478782      1          0
31              0              0         0 0.000000000     -1          1
32              0              0         0 0.000000000     -1          2
33             54             55         2 0.237255290      1          0
34             56             57         2 0.333252728      1          0
35             58             59         2 0.282212287      1          0
36              0              0         0 0.000000000     -1          1
37              0              0         0 0.000000000     -1          1
38              0              0         0 0.000000000     -1          2
39              0              0         0 0.000000000     -1          1
40             60             61         2 0.565266198      1          0
41             62             63         1 0.560905749      1          0
42              0              0         0 0.000000000     -1          1
43             64             65         2 0.754493787      1          0
44             66             67         2 0.710502504      1          0
45              0              0         0 0.000000000     -1          2
46             68             69         2 0.903707334      1          0
47             70             71         2 0.763259867      1          0
48              0              0         0 0.000000000     -1          1
49             72             73         2 0.967125549      1          0
50              0              0         0 0.000000000     -1          1
51             74             75         1 0.293678069      1          0
52             76             77         1 0.757856262      1          0
53              0              0         0 0.000000000     -1          2
54              0              0         0 0.000000000     -1          1
55              0              0         0 0.000000000     -1          1
56             78             79         1 0.409836782      1          0
57             80             81         2 0.392080528      1          0
58              0              0         0 0.000000000     -1          1
59             82             83         2 0.350665531      1          0
60             84             85         2 0.564547453      1          0
61              0              0         0 0.000000000     -1          2
62             86             87         1 0.557815196      1          0
63             88             89         2 0.465565362      1          0
64             90             91         2 0.726053202      1          0
65              0              0         0 0.000000000     -1          1
66              0              0         0 0.000000000     -1          1
67              0              0         0 0.000000000     -1          1
68              0              0         0 0.000000000     -1          2
69             92             93         1 0.180926842      1          0
70              0              0         0 0.000000000     -1          1
71             94             95         1 0.523860409      1          0
72              0              0         0 0.000000000     -1          2
73             96             97         2 0.971197952      1          0
74             98             99         1 0.097888037      1          0
75            100            101         2 0.126997302      1          0
76              0              0         0 0.000000000     -1          1
77            102            103         2 0.061863520      1          0
78            104            105         2 0.327556054      1          0
79              0              0         0 0.000000000     -1          1
80            106            107         2 0.389302542      1          0
81              0              0         0 0.000000000     -1          2
82              0              0         0 0.000000000     -1          1
83            108            109         1 0.695524816      1          0
84              0              0         0 0.000000000     -1          2
85              0              0         0 0.000000000     -1          1
86              0              0         0 0.000000000     -1          1
87              0              0         0 0.000000000     -1          2
88              0              0         0 0.000000000     -1          2
89            110            111         1 0.923909729      1          0
90              0              0         0 0.000000000     -1          2
91            112            113         1 0.297308946      1          0
92              0              0         0 0.000000000     -1          2
93              0              0         0 0.000000000     -1          2
94              0              0         0 0.000000000     -1          1
95            114            115         2 0.769558223      1          0
96              0              0         0 0.000000000     -1          1
97            116            117         1 0.036601451      1          0
98              0              0         0 0.000000000     -1          1
99            118            119         1 0.105721157      1          0
100             0              0         0 0.000000000     -1          2
101             0              0         0 0.000000000     -1          1
102             0              0         0 0.000000000     -1          1
103             0              0         0 0.000000000     -1          1
104           120            121         1 0.121015569      1          0
105             0              0         0 0.000000000     -1          1
106             0              0         0 0.000000000     -1          2
107             0              0         0 0.000000000     -1          1
108           122            123         2 0.355891396      1          0
109             0              0         0 0.000000000     -1          1
110           124            125         1 0.802913388      1          0
111             0              0         0 0.000000000     -1          1
112             0              0         0 0.000000000     -1          2
113             0              0         0 0.000000000     -1          2
114             0              0         0 0.000000000     -1          2
115           126            127         2 0.895702300      1          0
116             0              0         0 0.000000000     -1          1
117             0              0         0 0.000000000     -1          2
118             0              0         0 0.000000000     -1          2
119             0              0         0 0.000000000     -1          1
120             0              0         0 0.000000000     -1          2
121             0              0         0 0.000000000     -1          2
122             0              0         0 0.000000000     -1          2
123             0              0         0 0.000000000     -1          1
124             0              0         0 0.000000000     -1          1
125             0              0         0 0.000000000     -1          1
126             0              0         0 0.000000000     -1          2
127             0              0         0 0.000000000     -1          2
