    left daughter right daughter split var split point status prediction
1               2              3         2 0.319807343      1          0
2               4              5         2 0.271339842      1          0
3               6              7         2 0.763227737      1          0
4               8              9         1 0.796001970      1          0
5              10             11         2 0.277603420      1          0
6              12             13         2 0.552472836      1          0
7              14             15         2 0.962550505      1          0
8              16             17         1 0.757856262      1          0
9               0              0         0 0.000000000     -1          1
10              0              0         0 0.000000000     -1          2
11             18             19         1 0.407189967      1          0
12             20             21         1 0.497325875      1          0
13             22             23         2 0.614328429      1          0
14             24             25         2 0.881350787      1          0
15             26             27         1 0.036601451      1          0
16             28             29         2 0.001298999      1          0
17              0              0         0 0.000000000     -1          1
18              0              0         0 0.000000000     -1          2
19             30             31         1 0.809681434      1          0
20             32             33         2 0.490783291      1          0
21             34             35         1 0.629232092      1          0
22             36             37         2 0.587347490      1          0
23             38             39         1 0.635964631      1          0
24             40             41         2 0.879537727      1          0
25             42             43         1 0.483338326      1          0
26              0              0         0 0.000000000     -1          1
27             44             45         2 0.986868414      1          0
28              0              0         0 0.000000000     -1          2
29             46             47         1 0.070011568      1          0
30             48             49         2 0.317988435      1          0
31              0              0         0 0.000000000     -1          1
32             50             51         2 0.391268787      1          0
33             52             53         2 0.495989087      1          0
34             54             55         2 0.484488064      1          0
35             56             57         1 0.632534820      1          0
36             58             59         2 0.562288554      1          0
37             60             61         1 0.784921143      1          0
38             62             63         2 0.741817016      1          0
39             64             65         2 0.709135628      1          0
40             66             67         2 0.868298387      1          0
41              0              0         0 0.000000000     -1          1
42              0              0         0 0.000000000     -1          2
43             68             69         1 0.525851065      1          0
44             70             71         2 0.985030537      1          0
45              0              0         0 0.000000000     -1          2
46             72             73         1 0.059422251      1          0
47             74             75         1 0.634315123      1          0
48              0              0         0 0.000000000     -1          1
49              0              0         0 0.000000000     -1          2
50             76             77         1 0.464859270      1          0
51              0              0         0 0.000000000     -1          2
52              0              0         0 0.000000000     -1          1
53             78             79         2 0.508849317      1          0
54              0              0         0 0.000000000     -1          1
55              0              0         0 0.000000000     -1          1
56              0              0         0 0.000000000     -1          2
57             80             81         1 0.898918028      1          0
58              0              0         0 0.000000000     -1          2
59             82             83         2 0.583032479      1          0
60              0              0         0 0.000000000     -1          2
61              0              0         0 0.000000000     -1          1
62             84             85         1 0.576418249      1          0
63              0              0         0 0.000000000     -1          2
64              0              0         0 0.000000000     -1          1
65              0              0         0 0.000000000     -1          1
66             86             87         1 0.022348795      1          0
67              0              0         0 0.000000000     -1          2
68              0              0         0 0.000000000     -1          1
69              0              0         0 0.000000000     -1          2
70             88             89         2 0.963412725      1          0
71              0              0         0 0.000000000     -1          1
72              0              0         0 0.000000000     -1          1
73              0              0         0 0.000000000     -1          2
74             90             91         1 0.343620700      1          0
75             92             93         1 0.643376317      1          0
76             94             95         2 0.389302542      1          0
77              0              0         0 0.000000000     -1          1
78              0              0         0 0.000000000     -1          2
79              0              0         0 0.000000000     -1          2
80             96             97         2 0.369938421      1          0
81             98             99         1 0.986902179      1          0
82            100            101         1 0.494992456      1          0
83              0              0         0 0.000000000     -1          1
84            102            103         2 0.685183021      1          0
85              0              0         0 0.000000000     -1          2
86              0              0         0 0.000000000     -1          1
87            104            105         1 0.423274954      1          0
88              0              0         0 0.000000000     -1          1
89            106            107         1 0.368640823      1          0
90            108            109         1 0.339744168      1          0
91              0              0         0 0.000000000     -1          1
92              0              0         0 0.000000000     -1          2
93            110            111         1 0.696508651      1          0
94            112            113         2 0.362865810      1          0
95              0              0         0 0.000000000     -1          1
96              0              0         0 0.000000000     -1          1
97            114            115         1 0.894412002      1          0
98              0              0         0 0.000000000     -1          1
99              0              0         0 0.000000000     -1          1
100             0              0         0 0.000000000     -1          2
101             0              0         0 0.000000000     -1          1
102             0              0         0 0.000000000     -1          2
103           116            117         1 0.121656331      1          0
104             0              0         0 0.000000000     -1          2
105           118            119         1 0.532707228      1          0
106             0              0         0 0.000000000     -1          2
107             0              0         0 0.000000000     -1          2
108           120            121         1 0.181562329      1          0
109             0              0         0 0.000000000     -1          2
110             0              0         0 0.000000000     -1          1
111             0              0         0 0.000000000     -1          1
112             0              0         0 0.000000000     -1          2
113             0              0         0 0.000000000     -1          2
114           122            123         2 0.461991245      1          0
115             0              0         0 0.000000000     -1          2
116             0              0         0 0.000000000     -1          2
117             0              0         0 0.000000000     -1          2
118             0              0         0 0.000000000     -1          2
119           124            125         2 0.854112473      1          0
120           126            127         2 0.229461031      1          0
121             0              0         0 0.000000000     -1          1
122             0              0         0 0.000000000     -1          1
123             0              0         0 0.000000000     -1          1
124             0              0         0 0.000000000     -1          2
125             0              0         0 0.000000000     -1          2
126             0              0         0 0.000000000     -1          1
127             0              0         0 0.000000000     -1          1
