   left daughter right daughter split var split point status prediction
1              2              3         1 0.479395053      1          0
2              4              5         2 0.294415548      1          0
3              6              7         2 0.704240088      1          0
4              8              9         1 0.003296099      1          0
5             10             11         2 0.356123009      1          0
6             12             13         2 0.399438139      1          0
7             14             15         2 0.963055566      1          0
8              0              0         0 0.000000000     -1          2
9             16             17         2 0.049862711      1          0
10            18             19         2 0.355200233      1          0
11            20             21         1 0.050422921      1          0
12            22             23         2 0.070615164      1          0
13            24             25         1 0.527112522      1          0
14            26             27         2 0.961417781      1          0
15            28             29         2 0.979498919      1          0
16             0              0         0 0.000000000     -1          1
17            30             31         2 0.063224148      1          0
18            32             33         1 0.271165980      1          0
19             0              0         0 0.000000000     -1          1
20            34             35         2 0.716870893      1          0
21            36             37         2 0.898255572      1          0
22            38             39         2 0.068274904      1          0
23            40             41         1 0.897022998      1          0
24            42             43         1 0.491367205      1          0
25            44             45         2 0.443123135      1          0
26            46             47         1 0.935048542      1          0
27             0              0         0 0.000000000     -1          1
28             0              0         0 0.000000000     -1          2
29             0              0         0 0.000000000     -1          2
30             0              0         0 0.000000000     -1          2
31            48             49         1 0.456241345      1          0
32             0              0         0 0.000000000     -1          2
33             0              0         0 0.000000000     -1          2
34             0              0         0 0.000000000     -1          2
35            50             51         1 0.041528829      1          0
36            52             53         2 0.800714894      1          0
37            54             55         1 0.216549804      1          0
38            56             57         1 0.961895006      1          0
39             0              0         0 0.000000000     -1          2
40            58             59         1 0.691150686      1          0
41            60             61         1 0.902766573      1          0
42             0              0         0 0.000000000     -1          2
43            62             63         1 0.496045620      1          0
44             0              0         0 0.000000000     -1          1
45             0              0         0 0.000000000     -1          1
46             0              0         0 0.000000000     -1          2
47             0              0         0 0.000000000     -1          1
48             0              0         0 0.000000000     -1          1
49             0              0         0 0.000000000     -1          1
50             0              0         0 0.000000000     -1          2
51             0              0         0 0.000000000     -1          1
52             0              0         0 0.000000000     -1          2
53             0              0         0 0.000000000     -1          2
54             0              0         0 0.000000000     -1          2
55             0              0         0 0.000000000     -1          2
56             0              0         0 0.000000000     -1          1
57             0              0         0 0.000000000     -1          2
58             0              0         0 0.000000000     -1          1
59             0              0         0 0.000000000     -1          1
60             0              0         0 0.000000000     -1          2
61             0              0         0 0.000000000     -1          1
62             0              0         0 0.000000000     -1          1
63             0              0         0 0.000000000     -1          2
