   left daughter right daughter split var split point status prediction
1              2              3         1 0.578869746      1          0
2              4              5         1 0.321111322      1          0
3              6              7         1 0.822258530      1          0
4              8              9         2 0.273825723      1          0
5             10             11         2 0.358808943      1          0
6             12             13         1 0.813293102      1          0
7             14             15         2 0.806620788      1          0
8             16             17         1 0.001491658      1          0
9             18             19         1 0.052803628      1          0
10            20             21         2 0.294125714      1          0
11            22             23         2 0.631343678      1          0
12            24             25         1 0.617083623      1          0
13             0              0         0 0.000000000     -1          2
14            26             27         1 0.873395000      1          0
15            28             29         2 0.929858377      1          0
16             0              0         0 0.000000000     -1          2
17            30             31         2 0.252228943      1          0
18            32             33         2 0.730844734      1          0
19            34             35         1 0.099886823      1          0
20            36             37         1 0.358581516      1          0
21             0              0         0 0.000000000     -1          1
22            38             39         1 0.532156474      1          0
23            40             41         2 0.741649042      1          0
24            42             43         1 0.586622844      1          0
25            44             45         1 0.639711944      1          0
26            46             47         2 0.536421866      1          0
27            48             49         1 0.875466598      1          0
28             0              0         0 0.000000000     -1          2
29             0              0         0 0.000000000     -1          2
30            50             51         2 0.155732089      1          0
31             0              0         0 0.000000000     -1          2
32            52             53         2 0.416956854      1          0
33            54             55         1 0.040296939      1          0
34            56             57         2 0.791122491      1          0
35            58             59         1 0.244314827      1          0
36             0              0         0 0.000000000     -1          1
37            60             61         1 0.385231966      1          0
38            62             63         2 0.618326568      1          0
39             0              0         0 0.000000000     -1          1
40             0              0         0 0.000000000     -1          2
41             0              0         0 0.000000000     -1          2
42             0              0         0 0.000000000     -1          1
43             0              0         0 0.000000000     -1          2
44             0              0         0 0.000000000     -1          1
45             0              0         0 0.000000000     -1          1
46             0              0         0 0.000000000     -1          1
47             0              0         0 0.000000000     -1          1
48             0              0         0 0.000000000     -1          2
49             0              0         0 0.000000000     -1          1
50             0              0         0 0.000000000     -1          1
51             0              0         0 0.000000000     -1          1
52             0              0         0 0.000000000     -1          2
53             0              0         0 0.000000000     -1          2
54             0              0         0 0.000000000     -1          2
55             0              0         0 0.000000000     -1          1
56             0              0         0 0.000000000     -1          2
57             0              0         0 0.000000000     -1          2
58             0              0         0 0.000000000     -1          2
59             0              0         0 0.000000000     -1          2
60             0              0         0 0.000000000     -1          1
61             0              0         0 0.000000000     -1          1
62             0              0         0 0.000000000     -1          2
63             0              0         0 0.000000000     -1          1
