   left daughter right daughter split var split point status prediction
1              2              3         1 0.582593130      1          0
2              4              5         2 0.287724359      1          0
3              6              7         1 0.958980309      1          0
4              8              9         1 0.385772286      1          0
5             10             11         1 0.512395507      1          0
6             12             13         2 0.745697557      1          0
7             14             15         1 0.977330849      1          0
8             16             17         2 0.063224148      1          0
9             18             19         1 0.454071945      1          0
10            20             21         2 0.794245995      1          0
11            22             23         1 0.515920571      1          0
12            24             25         2 0.334672527      1          0
13            26             27         1 0.586507743      1          0
14             0              0         0 0.000000000     -1          1
15             0              0         0 0.000000000     -1          1
16            28             29         1 0.222246795      1          0
17            30             31         2 0.263627249      1          0
18             0              0         0 0.000000000     -1          1
19            32             33         2 0.142442343      1          0
20            34             35         1 0.151076621      1          0
21            36             37         1 0.048279509      1          0
22             0              0         0 0.000000000     -1          1
23            38             39         2 0.593973281      1          0
24            40             41         2 0.002580935      1          0
25            42             43         1 0.905093808      1          0
26             0              0         0 0.000000000     -1          1
27            44             45         2 0.850849524      1          0
28            46             47         2 0.036102049      1          0
29             0              0         0 0.000000000     -1          1
30            48             49         2 0.117719649      1          0
31             0              0         0 0.000000000     -1          2
32             0              0         0 0.000000000     -1          1
33             0              0         0 0.000000000     -1          1
34            50             51         2 0.582231603      1          0
35            52             53         1 0.411009417      1          0
36             0              0         0 0.000000000     -1          1
37            54             55         1 0.103742729      1          0
38            56             57         1 0.522467950      1          0
39            58             59         2 0.919538626      1          0
40             0              0         0 0.000000000     -1          2
41            60             61         2 0.139112342      1          0
42            62             63         2 0.347890596      1          0
43             0              0         0 0.000000000     -1          1
44             0              0         0 0.000000000     -1          2
45             0              0         0 0.000000000     -1          2
46             0              0         0 0.000000000     -1          1
47             0              0         0 0.000000000     -1          2
48             0              0         0 0.000000000     -1          1
49             0              0         0 0.000000000     -1          1
50             0              0         0 0.000000000     -1          2
51             0              0         0 0.000000000     -1          2
52             0              0         0 0.000000000     -1          2
53             0              0         0 0.000000000     -1          2
54             0              0         0 0.000000000     -1          2
55             0              0         0 0.000000000     -1          2
56             0              0         0 0.000000000     -1          2
57             0              0         0 0.000000000     -1          1
58             0              0         0 0.000000000     -1          2
59             0              0         0 0.000000000     -1          2
60             0              0         0 0.000000000     -1          1
61             0              0         0 0.000000000     -1          1
62             0              0         0 0.000000000     -1          2
63             0              0         0 0.000000000     -1          1
