   left daughter right daughter split var split point status prediction
1              2              3         1  0.52401201      1          0
2              4              5         1  0.40706259      1          0
3              6              7         1  0.62064361      1          0
4              8              9         2  0.28554798      1          0
5             10             11         2  0.35918246      1          0
6             12             13         1  0.60560310      1          0
7             14             15         2  0.75695061      1          0
8             16             17         2  0.06016085      1          0
9             18             19         1  0.05042292      1          0
10             0              0         0  0.00000000     -1          1
11            20             21         1  0.40781167      1          0
12            22             23         1  0.55116553      1          0
13            24             25         1  0.61219752      1          0
14            26             27         2  0.33467253      1          0
15            28             29         2  0.87640601      1          0
16            30             31         1  0.01688154      1          0
17            32             33         2  0.27433920      1          0
18            34             35         1  0.04558044      1          0
19            36             37         2  0.94079570      1          0
20             0              0         0  0.00000000     -1          1
21            38             39         2  0.41195392      1          0
22            40             41         1  0.53419905      1          0
23            42             43         2  0.79563805      1          0
24             0              0         0  0.00000000     -1          2
25             0              0         0  0.00000000     -1          2
26            44             45         1  0.78275254      1          0
27            46             47         1  0.63797857      1          0
28            48             49         1  0.62838256      1          0
29            50             51         2  0.96305557      1          0
30             0              0         0  0.00000000     -1          2
31            52             53         2  0.04818553      1          0
32            54             55         2  0.11771965      1          0
33             0              0         0  0.00000000     -1          1
34            56             57         1  0.04212009      1          0
35             0              0         0  0.00000000     -1          1
36            58             59         1  0.15578597      1          0
37            60             61         1  0.18077309      1          0
38             0              0         0  0.00000000     -1          2
39            62             63         2  0.85106124      1          0
40             0              0         0  0.00000000     -1          1
41             0              0         0  0.00000000     -1          1
42             0              0         0  0.00000000     -1          1
43             0              0         0  0.00000000     -1          2
44             0              0         0  0.00000000     -1          1
45             0              0         0  0.00000000     -1          1
46             0              0         0  0.00000000     -1          1
47             0              0         0  0.00000000     -1          1
48             0              0         0  0.00000000     -1          1
49             0              0         0  0.00000000     -1          2
50             0              0         0  0.00000000     -1          2
51             0              0         0  0.00000000     -1          2
52             0              0         0  0.00000000     -1          1
53             0              0         0  0.00000000     -1          2
54             0              0         0  0.00000000     -1          1
55             0              0         0  0.00000000     -1          1
56             0              0         0  0.00000000     -1          2
57             0              0         0  0.00000000     -1          2
58             0              0         0  0.00000000     -1          2
59             0              0         0  0.00000000     -1          2
60             0              0         0  0.00000000     -1          2
61             0              0         0  0.00000000     -1          2
62             0              0         0  0.00000000     -1          2
63             0              0         0  0.00000000     -1          2
