   left daughter right daughter split var split point status prediction
1              2              3         2 0.314722828      1          0
2              4              5         2 0.267241056      1          0
3              6              7         1 0.571844111      1          0
4              8              9         2 0.002288078      1          0
5             10             11         1 0.388734447      1          0
6             12             13         2 0.424971569      1          0
7             14             15         1 0.620369354      1          0
8              0              0         0 0.000000000     -1          2
9             16             17         1 0.003296099      1          0
10             0              0         0 0.000000000     -1          2
11            18             19         1 0.777998694      1          0
12            20             21         2 0.419906337      1          0
13            22             23         1 0.005105070      1          0
14            24             25         2 0.597742354      1          0
15            26             27         2 0.756615858      1          0
16             0              0         0 0.000000000     -1          2
17            28             29         2 0.198906479      1          0
18             0              0         0 0.000000000     -1          1
19             0              0         0 0.000000000     -1          1
20            30             31         1 0.480255524      1          0
21             0              0         0 0.000000000     -1          1
22             0              0         0 0.000000000     -1          2
23            32             33         1 0.195658112      1          0
24             0              0         0 0.000000000     -1          1
25            34             35         1 0.617083623      1          0
26            36             37         2 0.469061927      1          0
27            38             39         2 0.942696615      1          0
28            40             41         1 0.174374743      1          0
29            42             43         2 0.243074961      1          0
30            44             45         2 0.364855898      1          0
31             0              0         0 0.000000000     -1          1
32            46             47         1 0.048073469      1          0
33            48             49         1 0.197224309      1          0
34            50             51         2 0.772061491      1          0
35             0              0         0 0.000000000     -1          2
36            52             53         1 0.981674750      1          0
37            54             55         2 0.650355041      1          0
38            56             57         2 0.909287513      1          0
39            58             59         1 0.789833118      1          0
40            60             61         1 0.106431043      1          0
41            62             63         1 0.385231966      1          0
42             0              0         0 0.000000000     -1          1
43             0              0         0 0.000000000     -1          1
44             0              0         0 0.000000000     -1          2
45             0              0         0 0.000000000     -1          2
46             0              0         0 0.000000000     -1          2
47             0              0         0 0.000000000     -1          2
48             0              0         0 0.000000000     -1          1
49             0              0         0 0.000000000     -1          2
50             0              0         0 0.000000000     -1          2
51             0              0         0 0.000000000     -1          2
52             0              0         0 0.000000000     -1          1
53             0              0         0 0.000000000     -1          2
54             0              0         0 0.000000000     -1          1
55             0              0         0 0.000000000     -1          1
56             0              0         0 0.000000000     -1          2
57             0              0         0 0.000000000     -1          1
58             0              0         0 0.000000000     -1          2
59             0              0         0 0.000000000     -1          2
60             0              0         0 0.000000000     -1          1
61             0              0         0 0.000000000     -1          1
62             0              0         0 0.000000000     -1          1
63             0              0         0 0.000000000     -1          1
