   left daughter right daughter split var split point status prediction
1              2              3         2 0.681064694      1          0
2              4              5         1 0.437680939      1          0
3              6              7         1 0.580689068      1          0
4              8              9         1 0.431928013      1          0
5             10             11         2 0.002580935      1          0
6             12             13         2 0.949069550      1          0
7             14             15         2 0.756437444      1          0
8             16             17         2 0.262392963      1          0
9              0              0         0 0.000000000     -1          2
10             0              0         0 0.000000000     -1          2
11            18             19         2 0.337760258      1          0
12            20             21         2 0.945208726      1          0
13             0              0         0 0.000000000     -1          2
14            22             23         2 0.725056565      1          0
15            24             25         2 0.877030377      1          0
16            26             27         1 0.367542406      1          0
17            28             29         2 0.298969661      1          0
18            30             31         2 0.146518377      1          0
19            32             33         2 0.341223147      1          0
20            34             35         2 0.729103463      1          0
21             0              0         0 0.000000000     -1          1
22             0              0         0 0.000000000     -1          2
23             0              0         0 0.000000000     -1          1
24            36             37         2 0.850849524      1          0
25            38             39         1 0.585288668      1          0
26            40             41         2 0.060160854      1          0
27             0              0         0 0.000000000     -1          1
28             0              0         0 0.000000000     -1          2
29            42             43         1 0.340001879      1          0
30            44             45         2 0.143572369      1          0
31             0              0         0 0.000000000     -1          1
32             0              0         0 0.000000000     -1          2
33            46             47         2 0.452337884      1          0
34             0              0         0 0.000000000     -1          2
35            48             49         1 0.056796520      1          0
36            50             51         2 0.793864516      1          0
37             0              0         0 0.000000000     -1          1
38             0              0         0 0.000000000     -1          1
39            52             53         1 0.606498725      1          0
40             0              0         0 0.000000000     -1          1
41            54             55         2 0.239977252      1          0
42            56             57         1 0.046503654      1          0
43            58             59         1 0.376928789      1          0
44            60             61         2 0.068301145      1          0
45             0              0         0 0.000000000     -1          2
46            62             63         1 0.480255524      1          0
47             0              0         0 0.000000000     -1          1
48             0              0         0 0.000000000     -1          2
49             0              0         0 0.000000000     -1          2
50             0              0         0 0.000000000     -1          2
51             0              0         0 0.000000000     -1          2
52             0              0         0 0.000000000     -1          2
53             0              0         0 0.000000000     -1          2
54             0              0         0 0.000000000     -1          1
55             0              0         0 0.000000000     -1          1
56             0              0         0 0.000000000     -1          2
57             0              0         0 0.000000000     -1          2
58             0              0         0 0.000000000     -1          1
59             0              0         0 0.000000000     -1          2
60             0              0         0 0.000000000     -1          1
61             0              0         0 0.000000000     -1          1
62             0              0         0 0.000000000     -1          2
63             0              0         0 0.000000000     -1          1
