   left daughter right daughter split var split point status prediction
1              2              3         2 0.405346447      1          0
2              4              5         1 0.385231966      1          0
3              6              7         1 0.579692924      1          0
4              8              9         1 0.186270708      1          0
5             10             11         1 0.461043896      1          0
6             12             13         2 0.911811943      1          0
7             14             15         2 0.697318876      1          0
8             16             17         1 0.136823298      1          0
9             18             19         1 0.273683922      1          0
10            20             21         2 0.329335246      1          0
11            22             23         1 0.588111726      1          0
12            24             25         2 0.416709106      1          0
13            26             27         1 0.530480019      1          0
14            28             29         2 0.607274929      1          0
15            30             31         1 0.757679728      1          0
16            32             33         2 0.288214308      1          0
17             0              0         0 0.000000000     -1          1
18            34             35         1 0.267311947      1          0
19            36             37         2 0.249959701      1          0
20            38             39         2 0.173148144      1          0
21             0              0         0 0.000000000     -1          2
22             0              0         0 0.000000000     -1          1
23            40             41         2 0.002580935      1          0
24             0              0         0 0.000000000     -1          2
25            42             43         2 0.741382907      1          0
26            44             45         1 0.328159611      1          0
27             0              0         0 0.000000000     -1          1
28            46             47         1 0.982325541      1          0
29            48             49         1 0.634787678      1          0
30            50             51         2 0.792642816      1          0
31            52             53         1 0.789975382      1          0
32            54             55         1 0.135353769      1          0
33             0              0         0 0.000000000     -1          2
34            56             57         2 0.292112955      1          0
35             0              0         0 0.000000000     -1          2
36            58             59         2 0.165942765      1          0
37             0              0         0 0.000000000     -1          2
38             0              0         0 0.000000000     -1          1
39             0              0         0 0.000000000     -1          1
40             0              0         0 0.000000000     -1          2
41            60             61         1 0.794249473      1          0
42            62             63         1 0.482525202      1          0
43             0              0         0 0.000000000     -1          2
44             0              0         0 0.000000000     -1          2
45             0              0         0 0.000000000     -1          2
46             0              0         0 0.000000000     -1          1
47             0              0         0 0.000000000     -1          2
48             0              0         0 0.000000000     -1          2
49             0              0         0 0.000000000     -1          1
50             0              0         0 0.000000000     -1          2
51             0              0         0 0.000000000     -1          2
52             0              0         0 0.000000000     -1          1
53             0              0         0 0.000000000     -1          2
54             0              0         0 0.000000000     -1          1
55             0              0         0 0.000000000     -1          2
56             0              0         0 0.000000000     -1          1
57             0              0         0 0.000000000     -1          2
58             0              0         0 0.000000000     -1          1
59             0              0         0 0.000000000     -1          1
60             0              0         0 0.000000000     -1          1
61             0              0         0 0.000000000     -1          1
62             0              0         0 0.000000000     -1          2
63             0              0         0 0.000000000     -1          2
