   left daughter right daughter split var split point status prediction
1              2              3         1 0.436515748      1          0
2              4              5         1 0.095454692      1          0
3              6              7         1 0.912922289      1          0
4              8              9         1 0.028280039      1          0
5             10             11         2 0.280182999      1          0
6             12             13         2 0.756437444      1          0
7             14             15         2 0.817278795      1          0
8             16             17         2 0.305236252      1          0
9             18             19         2 0.381589884      1          0
10            20             21         2 0.063619442      1          0
11            22             23         2 0.294125714      1          0
12            24             25         1 0.611956074      1          0
13            26             27         2 0.939409433      1          0
14            28             29         1 0.987195865      1          0
15             0              0         0 0.000000000     -1          2
16             0              0         0 0.000000000     -1          1
17            30             31         1 0.003811907      1          0
18             0              0         0 0.000000000     -1          1
19            32             33         1 0.091732803      1          0
20            34             35         1 0.276126045      1          0
21            36             37         1 0.120660189      1          0
22             0              0         0 0.000000000     -1          2
23            38             39         2 0.424155985      1          0
24            40             41         2 0.608374088      1          0
25            42             43         2 0.687830008      1          0
26            44             45         2 0.933090213      1          0
27             0              0         0 0.000000000     -1          2
28            46             47         2 0.353066125      1          0
29             0              0         0 0.000000000     -1          1
30             0              0         0 0.000000000     -1          2
31             0              0         0 0.000000000     -1          2
32            48             49         1 0.052803628      1          0
33             0              0         0 0.000000000     -1          1
34             0              0         0 0.000000000     -1          2
35             0              0         0 0.000000000     -1          1
36             0              0         0 0.000000000     -1          2
37            50             51         1 0.325803471      1          0
38             0              0         0 0.000000000     -1          2
39            52             53         1 0.342054855      1          0
40            54             55         1 0.477845932      1          0
41             0              0         0 0.000000000     -1          2
42            56             57         2 0.139112342      1          0
43            58             59         2 0.721306931      1          0
44            60             61         2 0.851278696      1          0
45             0              0         0 0.000000000     -1          1
46            62             63         2 0.315702403      1          0
47             0              0         0 0.000000000     -1          1
48             0              0         0 0.000000000     -1          2
49             0              0         0 0.000000000     -1          2
50             0              0         0 0.000000000     -1          1
51             0              0         0 0.000000000     -1          1
52             0              0         0 0.000000000     -1          2
53             0              0         0 0.000000000     -1          2
54             0              0         0 0.000000000     -1          1
55             0              0         0 0.000000000     -1          1
56             0              0         0 0.000000000     -1          1
57             0              0         0 0.000000000     -1          1
58             0              0         0 0.000000000     -1          2
59             0              0         0 0.000000000     -1          1
60             0              0         0 0.000000000     -1          2
61             0              0         0 0.000000000     -1          2
62             0              0         0 0.000000000     -1          1
63             0              0         0 0.000000000     -1          2
