   left daughter right daughter split var split point status prediction
1              2              3         1 0.502106874      1          0
2              4              5         1 0.407062589      1          0
3              6              7         1 0.653583638      1          0
4              8              9         1 0.370650196      1          0
5             10             11         1 0.471042030      1          0
6             12             13         2 0.608818398      1          0
7             14             15         1 0.922082145      1          0
8             16             17         1 0.368318709      1          0
9             18             19         1 0.389627871      1          0
10            20             21         2 0.305952850      1          0
11            22             23         1 0.496886491      1          0
12            24             25         1 0.510069562      1          0
13            26             27         1 0.580373968      1          0
14            28             29         1 0.874491699      1          0
15            30             31         2 0.817278795      1          0
16            32             33         2 0.265629371      1          0
17             0              0         0 0.000000000     -1          1
18            34             35         2 0.327953354      1          0
19            36             37         1 0.391532987      1          0
20            38             39         2 0.146548966      1          0
21            40             41         1 0.407811671      1          0
22            42             43         1 0.482392702      1          0
23             0              0         0 0.000000000     -1          2
24             0              0         0 0.000000000     -1          1
25            44             45         1 0.580734704      1          0
26             0              0         0 0.000000000     -1          2
27            46             47         2 0.768616568      1          0
28            48             49         1 0.807925337      1          0
29            50             51         1 0.875909870      1          0
30            52             53         1 0.982579023      1          0
31             0              0         0 0.000000000     -1          2
32            54             55         1 0.001491658      1          0
33            56             57         2 0.775724572      1          0
34             0              0         0 0.000000000     -1          2
35             0              0         0 0.000000000     -1          2
36             0              0         0 0.000000000     -1          1
37            58             59         2 0.220446995      1          0
38            60             61         2 0.143572369      1          0
39             0              0         0 0.000000000     -1          1
40             0              0         0 0.000000000     -1          1
41            62             63         2 0.825429314      1          0
42             0              0         0 0.000000000     -1          2
43             0              0         0 0.000000000     -1          1
44             0              0         0 0.000000000     -1          1
45             0              0         0 0.000000000     -1          1
46             0              0         0 0.000000000     -1          2
47             0              0         0 0.000000000     -1          2
48             0              0         0 0.000000000     -1          1
49             0              0         0 0.000000000     -1          1
50             0              0         0 0.000000000     -1          2
51             0              0         0 0.000000000     -1          1
52             0              0         0 0.000000000     -1          1
53             0              0         0 0.000000000     -1          1
54             0              0         0 0.000000000     -1          2
55             0              0         0 0.000000000     -1          1
56             0              0         0 0.000000000     -1          2
57             0              0         0 0.000000000     -1          2
58             0              0         0 0.000000000     -1          1
59             0              0         0 0.000000000     -1          2
60             0              0         0 0.000000000     -1          1
61             0              0         0 0.000000000     -1          2
62             0              0         0 0.000000000     -1          2
63             0              0         0 0.000000000     -1          2
