   left daughter right daughter split var split point status prediction
1              2              3         1  0.47078045      1          0
2              4              5         2  0.29376506      1          0
3              6              7         1  0.76936252      1          0
4              8              9         2  0.21921626      1          0
5             10             11         2  0.93608185      1          0
6             12             13         2  0.62270077      1          0
7             14             15         2  0.79696394      1          0
8             16             17         1  0.21612987      1          0
9             18             19         2  0.25222894      1          0
10            20             21         2  0.80318196      1          0
11            22             23         2  0.94906955      1          0
12            24             25         2  0.00800983      1          0
13            26             27         1  0.54848179      1          0
14            28             29         2  0.19722870      1          0
15            30             31         1  0.79317768      1          0
16            32             33         1  0.18409805      1          0
17            34             35         1  0.46872983      1          0
18             0              0         0  0.00000000     -1          1
19            36             37         2  0.25449700      1          0
20            38             39         2  0.79885959      1          0
21            40             41         1  0.30931088      1          0
22             0              0         0  0.00000000     -1          1
23            42             43         2  0.98061639      1          0
24             0              0         0  0.00000000     -1          2
25            44             45         1  0.52217225      1          0
26             0              0         0  0.00000000     -1          2
27            46             47         1  0.55116553      1          0
28             0              0         0  0.00000000     -1          1
29            48             49         2  0.19890648      1          0
30             0              0         0  0.00000000     -1          1
31            50             51         2  0.80878196      1          0
32            52             53         1  0.12595239      1          0
33             0              0         0  0.00000000     -1          2
34            54             55         2  0.02398457      1          0
35             0              0         0  0.00000000     -1          2
36             0              0         0  0.00000000     -1          2
37            56             57         1  0.39665164      1          0
38            58             59         2  0.72816707      1          0
39             0              0         0  0.00000000     -1          1
40             0              0         0  0.00000000     -1          2
41            60             61         1  0.32113459      1          0
42             0              0         0  0.00000000     -1          2
43             0              0         0  0.00000000     -1          2
44            62             63         2  0.44788099      1          0
45             0              0         0  0.00000000     -1          1
46             0              0         0  0.00000000     -1          1
47             0              0         0  0.00000000     -1          2
48             0              0         0  0.00000000     -1          2
49             0              0         0  0.00000000     -1          1
50             0              0         0  0.00000000     -1          2
51             0              0         0  0.00000000     -1          2
52             0              0         0  0.00000000     -1          1
53             0              0         0  0.00000000     -1          1
54             0              0         0  0.00000000     -1          1
55             0              0         0  0.00000000     -1          1
56             0              0         0  0.00000000     -1          1
57             0              0         0  0.00000000     -1          1
58             0              0         0  0.00000000     -1          2
59             0              0         0  0.00000000     -1          2
60             0              0         0  0.00000000     -1          1
61             0              0         0  0.00000000     -1          2
62             0              0         0  0.00000000     -1          1
63             0              0         0  0.00000000     -1          2
