   left daughter right daughter split var split point status prediction
1              2              3         2  0.31180938      1          0
2              4              5         1  0.40839745      1          0
3              6              7         1  0.57973203      1          0
4              8              9         2  0.28554798      1          0
5             10             11         1  0.79708708      1          0
6             12             13         2  0.44693844      1          0
7             14             15         1  0.58662284      1          0
8             16             17         2  0.06361944      1          0
9              0              0         0  0.00000000     -1          2
10            18             19         2  0.00800983      1          0
11             0              0         0  0.00000000     -1          1
12            20             21         1  0.48584191      1          0
13            22             23         1  0.05460477      1          0
14             0              0         0  0.00000000     -1          1
15            24             25         1  0.59257649      1          0
16            26             27         2  0.03641463      1          0
17            28             29         1  0.36470024      1          0
18             0              0         0  0.00000000     -1          2
19            30             31         1  0.78729954      1          0
20            32             33         2  0.43760949      1          0
21             0              0         0  0.00000000     -1          1
22            34             35         2  0.73084473      1          0
23            36             37         2  0.52221989      1          0
24             0              0         0  0.00000000     -1          2
25            38             39         1  0.92208214      1          0
26             0              0         0  0.00000000     -1          1
27             0              0         0  0.00000000     -1          2
28            40             41         2  0.27003081      1          0
29             0              0         0  0.00000000     -1          1
30            42             43         1  0.46927632      1          0
31             0              0         0  0.00000000     -1          2
32            44             45         2  0.42415599      1          0
33             0              0         0  0.00000000     -1          1
34             0              0         0  0.00000000     -1          2
35            46             47         2  0.74813295      1          0
36            48             49         1  0.52314103      1          0
37            50             51         2  0.93965048      1          0
38            52             53         2  0.75695061      1          0
39            54             55         1  0.98386569      1          0
40            56             57         2  0.15573209      1          0
41             0              0         0  0.00000000     -1          1
42            58             59         2  0.14651838      1          0
43             0              0         0  0.00000000     -1          1
44            60             61         1  0.27552367      1          0
45             0              0         0  0.00000000     -1          2
46             0              0         0  0.00000000     -1          1
47            62             63         2  0.86134190      1          0
48             0              0         0  0.00000000     -1          2
49             0              0         0  0.00000000     -1          1
50             0              0         0  0.00000000     -1          2
51             0              0         0  0.00000000     -1          2
52             0              0         0  0.00000000     -1          1
53             0              0         0  0.00000000     -1          2
54             0              0         0  0.00000000     -1          1
55             0              0         0  0.00000000     -1          2
56             0              0         0  0.00000000     -1          1
57             0              0         0  0.00000000     -1          1
58             0              0         0  0.00000000     -1          1
59             0              0         0  0.00000000     -1          1
60             0              0         0  0.00000000     -1          2
61             0              0         0  0.00000000     -1          2
62             0              0         0  0.00000000     -1          2
63             0              0         0  0.00000000     -1          2
