   left daughter right daughter split var split point status prediction
1              2              3         1  0.51426801      1          0
2              4              5         1  0.06285360      1          0
3              6              7         1  0.77112387      1          0
4              8              9         1  0.05762321      1          0
5             10             11         1  0.27368392      1          0
6             12             13         1  0.55057322      1          0
7             14             15         2  0.79699159      1          0
8             16             17         2  0.31249220      1          0
9              0              0         0  0.00000000     -1          1
10            18             19         1  0.26462457      1          0
11            20             21         1  0.32491900      1          0
12            22             23         1  0.52792680      1          0
13            24             25         2  0.68783001      1          0
14            26             27         2  0.77477855      1          0
15            28             29         1  0.79317768      1          0
16            30             31         1  0.05105120      1          0
17            32             33         1  0.04152883      1          0
18            34             35         1  0.22563154      1          0
19             0              0         0  0.00000000     -1          2
20            36             37         2  0.24029258      1          0
21            38             39         1  0.40797425      1          0
22            40             41         2  0.55818301      1          0
23             0              0         0  0.00000000     -1          1
24            42             43         2  0.48917306      1          0
25            44             45         1  0.58033486      1          0
26            46             47         1  0.98719587      1          0
27             0              0         0  0.00000000     -1          1
28             0              0         0  0.00000000     -1          1
29             0              0         0  0.00000000     -1          2
30             0              0         0  0.00000000     -1          1
31             0              0         0  0.00000000     -1          2
32             0              0         0  0.00000000     -1          2
33             0              0         0  0.00000000     -1          2
34            48             49         1  0.14279397      1          0
35            50             51         2  0.30300246      1          0
36             0              0         0  0.00000000     -1          1
37            52             53         2  0.92805706      1          0
38            54             55         2  0.23848106      1          0
39            56             57         1  0.40907597      1          0
40             0              0         0  0.00000000     -1          1
41             0              0         0  0.00000000     -1          2
42            58             59         2  0.48400518      1          0
43             0              0         0  0.00000000     -1          1
44             0              0         0  0.00000000     -1          2
45            60             61         1  0.58813256      1          0
46            62             63         2  0.63732549      1          0
47             0              0         0  0.00000000     -1          1
48             0              0         0  0.00000000     -1          2
49             0              0         0  0.00000000     -1          2
50             0              0         0  0.00000000     -1          1
51             0              0         0  0.00000000     -1          2
52             0              0         0  0.00000000     -1          2
53             0              0         0  0.00000000     -1          1
54             0              0         0  0.00000000     -1          1
55             0              0         0  0.00000000     -1          2
56             0              0         0  0.00000000     -1          1
57             0              0         0  0.00000000     -1          2
58             0              0         0  0.00000000     -1          1
59             0              0         0  0.00000000     -1          2
60             0              0         0  0.00000000     -1          1
61             0              0         0  0.00000000     -1          2
62             0              0         0  0.00000000     -1          1
63             0              0         0  0.00000000     -1          1
