   left daughter right daughter split var split point status prediction
1              2              3         1   0.5825931      1          0
2              4              5         2   0.2877244      1          0
3              6              7         2   0.7536287      1          0
4              8              9         1   0.3676164      1          0
5             10             11         2   0.4249716      1          0
6             12             13         1   0.7827525      1          0
7             14             15         2   0.8741637      1          0
8             16             17         2   0.2522289      1          0
9             18             19         1   0.4540719      1          0
10            20             21         2   0.4015483      1          0
11            22             23         2   0.4733517      1          0
12            24             25         2   0.7151462      1          0
13            26             27         1   0.7849187      1          0
14            28             29         2   0.8656483      1          0
15            30             31         1   0.5852887      1          0
16            32             33         1   0.3555627      1          0
17             0              0         0   0.0000000     -1          1
18             0              0         0   0.0000000     -1          1
19            34             35         1   0.4610439      1          0
20            36             37         1   0.4496436      1          0
21            38             39         1   0.5017853      1          0
22            40             41         2   0.4711583      1          0
23            42             43         1   0.5688394      1          0
24            44             45         1   0.7253975      1          0
25             0              0         0   0.0000000     -1          2
26             0              0         0   0.0000000     -1          2
27            46             47         2   0.3377603      1          0
28            48             49         2   0.7687032      1          0
29             0              0         0   0.0000000     -1          1
30             0              0         0   0.0000000     -1          1
31            50             51         2   0.9162006      1          0
32            52             53         1   0.2161299      1          0
33             0              0         0   0.0000000     -1          1
34             0              0         0   0.0000000     -1          2
35             0              0         0   0.0000000     -1          1
36            54             55         1   0.2711660      1          0
37             0              0         0   0.0000000     -1          1
38             0              0         0   0.0000000     -1          2
39             0              0         0   0.0000000     -1          1
40            56             57         2   0.4376095      1          0
41             0              0         0   0.0000000     -1          1
42            58             59         1   0.4488940      1          0
43             0              0         0   0.0000000     -1          2
44            60             61         1   0.7238129      1          0
45             0              0         0   0.0000000     -1          1
46            62             63         1   0.7942495      1          0
47             0              0         0   0.0000000     -1          1
48             0              0         0   0.0000000     -1          2
49             0              0         0   0.0000000     -1          2
50             0              0         0   0.0000000     -1          2
51             0              0         0   0.0000000     -1          2
52             0              0         0   0.0000000     -1          1
53             0              0         0   0.0000000     -1          1
54             0              0         0   0.0000000     -1          2
55             0              0         0   0.0000000     -1          2
56             0              0         0   0.0000000     -1          2
57             0              0         0   0.0000000     -1          2
58             0              0         0   0.0000000     -1          2
59             0              0         0   0.0000000     -1          2
60             0              0         0   0.0000000     -1          1
61             0              0         0   0.0000000     -1          2
62             0              0         0   0.0000000     -1          1
63             0              0         0   0.0000000     -1          1
