   left daughter right daughter split var split point status prediction
1              2              3         1  0.57886975      1          0
2              4              5         2  0.28655046      1          0
3              6              7         1  0.58655035      1          0
4              8              9         1  0.36754241      1          0
5             10             11         1  0.48239270      1          0
6              0              0         0  0.00000000     -1          1
7             12             13         2  0.75643744      1          0
8             14             15         2  0.07494680      1          0
9             16             17         2  0.14357237      1          0
10            18             19         1  0.36747404      1          0
11            20             21         2  0.51335308      1          0
12            22             23         2  0.69731888      1          0
13            24             25         1  0.94431274      1          0
14            26             27         2  0.04818553      1          0
15            28             29         2  0.27433920      1          0
16             0              0         0  0.00000000     -1          1
17            30             31         1  0.45407195      1          0
18            32             33         2  0.77572457      1          0
19            34             35         2  0.35920607      1          0
20            36             37         1  0.52217225      1          0
21            38             39         2  0.60066658      1          0
22            40             41         2  0.06910967      1          0
23            42             43         2  0.73438578      1          0
24            44             45         2  0.83249055      1          0
25             0              0         0  0.00000000     -1          1
26            46             47         1  0.01688154      1          0
27             0              0         0  0.00000000     -1          2
28            48             49         2  0.15573209      1          0
29             0              0         0  0.00000000     -1          1
30             0              0         0  0.00000000     -1          1
31            50             51         1  0.46104390      1          0
32            52             53         1  0.15107662      1          0
33            54             55         1  0.05378001      1          0
34             0              0         0  0.00000000     -1          1
35            56             57         2  0.54214073      1          0
36             0              0         0  0.00000000     -1          1
37             0              0         0  0.00000000     -1          1
38             0              0         0  0.00000000     -1          2
39            58             59         1  0.54848179      1          0
40            60             61         2  0.06827490      1          0
41            62             63         1  0.93183392      1          0
42             0              0         0  0.00000000     -1          1
43             0              0         0  0.00000000     -1          1
44             0              0         0  0.00000000     -1          2
45             0              0         0  0.00000000     -1          2
46             0              0         0  0.00000000     -1          2
47             0              0         0  0.00000000     -1          1
48             0              0         0  0.00000000     -1          1
49             0              0         0  0.00000000     -1          1
50             0              0         0  0.00000000     -1          2
51             0              0         0  0.00000000     -1          1
52             0              0         0  0.00000000     -1          2
53             0              0         0  0.00000000     -1          2
54             0              0         0  0.00000000     -1          2
55             0              0         0  0.00000000     -1          2
56             0              0         0  0.00000000     -1          2
57             0              0         0  0.00000000     -1          2
58             0              0         0  0.00000000     -1          2
59             0              0         0  0.00000000     -1          2
60             0              0         0  0.00000000     -1          1
61             0              0         0  0.00000000     -1          2
62             0              0         0  0.00000000     -1          1
63             0              0         0  0.00000000     -1          1
