   left daughter right daughter split var split point status prediction
1              2              3         2 0.610822474      1          0
2              4              5         2 0.287724359      1          0
3              6              7         1 0.580040441      1          0
4              8              9         1 0.385231966      1          0
5             10             11         1 0.493817106      1          0
6             12             13         1 0.054604773      1          0
7             14             15         1 0.587068753      1          0
8             16             17         1 0.379110197      1          0
9             18             19         2 0.006911685      1          0
10            20             21         2 0.438445371      1          0
11            22             23         1 0.874811420      1          0
12            24             25         2 0.827074693      1          0
13            26             27         2 0.898255572      1          0
14             0              0         0 0.000000000     -1          1
15            28             29         1 0.676659557      1          0
16            30             31         2 0.156493950      1          0
17             0              0         0 0.000000000     -1          2
18             0              0         0 0.000000000     -1          2
19            32             33         1 0.787299545      1          0
20            34             35         1 0.367832996      1          0
21             0              0         0 0.000000000     -1          2
22            36             37         1 0.784918715      1          0
23            38             39         1 0.886465924      1          0
24             0              0         0 0.000000000     -1          1
25             0              0         0 0.000000000     -1          2
26            40             41         1 0.342054855      1          0
27            42             43         2 0.900195680      1          0
28            44             45         1 0.656737029      1          0
29            46             47         1 0.989783487      1          0
30            48             49         1 0.001491658      1          0
31            50             51         2 0.243199270      1          0
32            52             53         1 0.469276317      1          0
33            54             55         2 0.069109672      1          0
34            56             57         1 0.046503654      1          0
35            58             59         1 0.378538808      1          0
36            60             61         2 0.295281250      1          0
37             0              0         0 0.000000000     -1          1
38             0              0         0 0.000000000     -1          2
39            62             63         1 0.906754943      1          0
40             0              0         0 0.000000000     -1          2
41             0              0         0 0.000000000     -1          2
42             0              0         0 0.000000000     -1          1
43             0              0         0 0.000000000     -1          2
44             0              0         0 0.000000000     -1          2
45             0              0         0 0.000000000     -1          2
46             0              0         0 0.000000000     -1          2
47             0              0         0 0.000000000     -1          1
48             0              0         0 0.000000000     -1          2
49             0              0         0 0.000000000     -1          1
50             0              0         0 0.000000000     -1          1
51             0              0         0 0.000000000     -1          1
52             0              0         0 0.000000000     -1          1
53             0              0         0 0.000000000     -1          1
54             0              0         0 0.000000000     -1          1
55             0              0         0 0.000000000     -1          1
56             0              0         0 0.000000000     -1          2
57             0              0         0 0.000000000     -1          2
58             0              0         0 0.000000000     -1          1
59             0              0         0 0.000000000     -1          2
60             0              0         0 0.000000000     -1          2
61             0              0         0 0.000000000     -1          1
62             0              0         0 0.000000000     -1          1
63             0              0         0 0.000000000     -1          1
