   left daughter right daughter split var split point status prediction
1              2              3         1  0.43651575      1          0
2              4              5         2  0.29412571      1          0
3              6              7         2  0.63732549      1          0
4              8              9         1  0.21612987      1          0
5             10             11         2  0.43844537      1          0
6             12             13         1  0.52593129      1          0
7             14             15         1  0.75767973      1          0
8             16             17         2  0.27003081      1          0
9             18             19         1  0.35858152      1          0
10            20             21         2  0.43760949      1          0
11            22             23         1  0.05460477      1          0
12            24             25         1  0.44334267      1          0
13            26             27         1  0.69380031      1          0
14            28             29         1  0.58009724      1          0
15            30             31         2  0.76690782      1          0
16            32             33         2  0.21804660      1          0
17             0              0         0  0.00000000     -1          2
18            34             35         1  0.35556268      1          0
19             0              0         0  0.00000000     -1          1
20            36             37         2  0.36485590      1          0
21             0              0         0  0.00000000     -1          1
22            38             39         2  0.78233717      1          0
23            40             41         2  0.89825557      1          0
24             0              0         0  0.00000000     -1          1
25            42             43         2  0.35126968      1          0
26            44             45         1  0.58819567      1          0
27            46             47         2  0.33776026      1          0
28            48             49         2  0.92361900      1          0
29            50             51         1  0.58813256      1          0
30            52             53         2  0.64357437      1          0
31            54             55         1  0.98562276      1          0
32            56             57         1  0.19848325      1          0
33             0              0         0  0.00000000     -1          1
34            58             59         2  0.24995970      1          0
35             0              0         0  0.00000000     -1          2
36            60             61         2  0.36350795      1          0
37            62             63         1  0.36783300      1          0
38             0              0         0  0.00000000     -1          2
39             0              0         0  0.00000000     -1          2
40             0              0         0  0.00000000     -1          2
41             0              0         0  0.00000000     -1          2
42             0              0         0  0.00000000     -1          1
43             0              0         0  0.00000000     -1          2
44             0              0         0  0.00000000     -1          1
45             0              0         0  0.00000000     -1          1
46             0              0         0  0.00000000     -1          1
47             0              0         0  0.00000000     -1          1
48             0              0         0  0.00000000     -1          2
49             0              0         0  0.00000000     -1          2
50             0              0         0  0.00000000     -1          1
51             0              0         0  0.00000000     -1          2
52             0              0         0  0.00000000     -1          2
53             0              0         0  0.00000000     -1          1
54             0              0         0  0.00000000     -1          2
55             0              0         0  0.00000000     -1          1
56             0              0         0  0.00000000     -1          1
57             0              0         0  0.00000000     -1          2
58             0              0         0  0.00000000     -1          1
59             0              0         0  0.00000000     -1          2
60             0              0         0  0.00000000     -1          2
61             0              0         0  0.00000000     -1          1
62             0              0         0  0.00000000     -1          2
63             0              0         0  0.00000000     -1          2
