   left daughter right daughter split var split point status prediction
1              2              3         2 0.605862830      1          0
2              4              5         1 0.424253341      1          0
3              6              7         2 0.752029633      1          0
4              8              9         1 0.177194512      1          0
5             10             11         2 0.346472517      1          0
6             12             13         2 0.740068286      1          0
7             14             15         2 0.863531841      1          0
8             16             17         1 0.157333561      1          0
9             18             19         2 0.307363185      1          0
10            20             21         2 0.002580935      1          0
11            22             23         1 0.483211268      1          0
12            24             25         1 0.645736134      1          0
13            26             27         2 0.743089569      1          0
14            28             29         1 0.960001883      1          0
15            30             31         2 0.876510314      1          0
16            32             33         2 0.288214308      1          0
17             0              0         0 0.000000000     -1          2
18            34             35         1 0.355562680      1          0
19            36             37         2 0.523323298      1          0
20             0              0         0 0.000000000     -1          2
21            38             39         1 0.781912906      1          0
22             0              0         0 0.000000000     -1          2
23            40             41         1 0.522988289      1          0
24            42             43         1 0.634787678      1          0
25            44             45         1 0.891164227      1          0
26             0              0         0 0.000000000     -1          1
27             0              0         0 0.000000000     -1          2
28            46             47         1 0.858779544      1          0
29             0              0         0 0.000000000     -1          1
30            48             49         1 0.598661809      1          0
31            50             51         2 0.948499303      1          0
32            52             53         1 0.001491658      1          0
33             0              0         0 0.000000000     -1          2
34            54             55         1 0.206817564      1          0
35            56             57         2 0.233989472      1          0
36            58             59         1 0.366719123      1          0
37             0              0         0 0.000000000     -1          2
38            60             61         2 0.146548966      1          0
39            62             63         2 0.281067185      1          0
40             0              0         0 0.000000000     -1          1
41             0              0         0 0.000000000     -1          1
42             0              0         0 0.000000000     -1          2
43             0              0         0 0.000000000     -1          2
44             0              0         0 0.000000000     -1          1
45             0              0         0 0.000000000     -1          1
46             0              0         0 0.000000000     -1          2
47             0              0         0 0.000000000     -1          2
48             0              0         0 0.000000000     -1          2
49             0              0         0 0.000000000     -1          1
50             0              0         0 0.000000000     -1          2
51             0              0         0 0.000000000     -1          2
52             0              0         0 0.000000000     -1          2
53             0              0         0 0.000000000     -1          1
54             0              0         0 0.000000000     -1          1
55             0              0         0 0.000000000     -1          1
56             0              0         0 0.000000000     -1          1
57             0              0         0 0.000000000     -1          2
58             0              0         0 0.000000000     -1          2
59             0              0         0 0.000000000     -1          2
60             0              0         0 0.000000000     -1          1
61             0              0         0 0.000000000     -1          1
62             0              0         0 0.000000000     -1          1
63             0              0         0 0.000000000     -1          1
