   left daughter right daughter split var split point status prediction
1              2              3         1 0.407974248      1          0
2              4              5         1 0.050982107      1          0
3              6              7         1 0.661136746      1          0
4              8              9         2 0.292517752      1          0
5             10             11         2 0.274339197      1          0
6             12             13         2 0.417680447      1          0
7             14             15         2 0.796991588      1          0
8              0              0         0 0.000000000     -1          1
9             16             17         1 0.047248702      1          0
10            18             19         1 0.053584631      1          0
11            20             21         2 0.980616390      1          0
12            22             23         2 0.344862459      1          0
13            24             25         2 0.687830008      1          0
14            26             27         2 0.756950610      1          0
15            28             29         2 0.832490550      1          0
16            30             31         1 0.044616328      1          0
17             0              0         0 0.000000000     -1          1
18             0              0         0 0.000000000     -1          2
19            32             33         2 0.131647241      1          0
20            34             35         2 0.800730261      1          0
21             0              0         0 0.000000000     -1          2
22            36             37         1 0.583658365      1          0
23            38             39         1 0.473657324      1          0
24            40             41         1 0.523141029      1          0
25            42             43         2 0.851278696      1          0
26            44             45         2 0.285022952      1          0
27            46             47         1 0.859244451      1          0
28             0              0         0 0.000000000     -1          2
29            48             49         1 0.789833118      1          0
30            50             51         1 0.003811907      1          0
31             0              0         0 0.000000000     -1          2
32            52             53         2 0.113967656      1          0
33            54             55         2 0.265629371      1          0
34            56             57         1 0.101753290      1          0
35            58             59         2 0.936649465      1          0
36            60             61         1 0.456241345      1          0
37             0              0         0 0.000000000     -1          1
38             0              0         0 0.000000000     -1          2
39            62             63         2 0.347872227      1          0
40             0              0         0 0.000000000     -1          2
41             0              0         0 0.000000000     -1          1
42             0              0         0 0.000000000     -1          2
43             0              0         0 0.000000000     -1          2
44             0              0         0 0.000000000     -1          1
45             0              0         0 0.000000000     -1          1
46             0              0         0 0.000000000     -1          2
47             0              0         0 0.000000000     -1          1
48             0              0         0 0.000000000     -1          2
49             0              0         0 0.000000000     -1          2
50             0              0         0 0.000000000     -1          2
51             0              0         0 0.000000000     -1          2
52             0              0         0 0.000000000     -1          1
53             0              0         0 0.000000000     -1          2
54             0              0         0 0.000000000     -1          1
55             0              0         0 0.000000000     -1          1
56             0              0         0 0.000000000     -1          2
57             0              0         0 0.000000000     -1          2
58             0              0         0 0.000000000     -1          2
59             0              0         0 0.000000000     -1          2
60             0              0         0 0.000000000     -1          1
61             0              0         0 0.000000000     -1          1
62             0              0         0 0.000000000     -1          2
63             0              0         0 0.000000000     -1          1
