   left daughter right daughter split var split point status prediction
1              2              3         2 0.292533607      1          0
2              4              5         1 0.002888987      1          0
3              6              7         1 0.514268008      1          0
4              0              0         0 0.000000000     -1          2
5              8              9         2 0.002288078      1          0
6             10             11         2 0.356123009      1          0
7             12             13         1 0.870549012      1          0
8              0              0         0 0.000000000     -1          2
9             14             15         1 0.385231966      1          0
10            16             17         2 0.353566084      1          0
11            18             19         1 0.314880928      1          0
12            20             21         1 0.582593130      1          0
13            22             23         1 0.958980309      1          0
14            24             25         1 0.379110197      1          0
15            26             27         1 0.901677485      1          0
16            28             29         1 0.464185816      1          0
17             0              0         0 0.000000000     -1          1
18            30             31         1 0.099886823      1          0
19            32             33         1 0.322232668      1          0
20            34             35         2 0.563918883      1          0
21            36             37         1 0.586622844      1          0
22            38             39         1 0.937005840      1          0
23            40             41         1 0.970681203      1          0
24            42             43         2 0.074946800      1          0
25             0              0         0 0.000000000     -1          2
26            44             45         2 0.173148144      1          0
27            46             47         1 0.903373176      1          0
28            48             49         2 0.346250541      1          0
29             0              0         0 0.000000000     -1          1
30            50             51         2 0.568495564      1          0
31            52             53         2 0.936649465      1          0
32             0              0         0 0.000000000     -1          1
33            54             55         1 0.488736558      1          0
34            56             57         1 0.581596985      1          0
35             0              0         0 0.000000000     -1          2
36             0              0         0 0.000000000     -1          1
37            58             59         2 0.687830008      1          0
38            60             61         2 0.804470145      1          0
39             0              0         0 0.000000000     -1          2
40             0              0         0 0.000000000     -1          1
41             0              0         0 0.000000000     -1          1
42            62             63         1 0.222246795      1          0
43             0              0         0 0.000000000     -1          1
44             0              0         0 0.000000000     -1          1
45             0              0         0 0.000000000     -1          1
46             0              0         0 0.000000000     -1          2
47             0              0         0 0.000000000     -1          1
48             0              0         0 0.000000000     -1          2
49             0              0         0 0.000000000     -1          2
50             0              0         0 0.000000000     -1          2
51             0              0         0 0.000000000     -1          2
52             0              0         0 0.000000000     -1          2
53             0              0         0 0.000000000     -1          2
54             0              0         0 0.000000000     -1          2
55             0              0         0 0.000000000     -1          2
56             0              0         0 0.000000000     -1          1
57             0              0         0 0.000000000     -1          2
58             0              0         0 0.000000000     -1          1
59             0              0         0 0.000000000     -1          2
60             0              0         0 0.000000000     -1          1
61             0              0         0 0.000000000     -1          2
62             0              0         0 0.000000000     -1          1
63             0              0         0 0.000000000     -1          1
