   left daughter right daughter split var split point status prediction
1              2              3         1 0.510069562      1          0
2              4              5         1 0.410251579      1          0
3              6              7         2 0.697318876      1          0
4              8              9         2 0.288214308      1          0
5             10             11         2 0.364578404      1          0
6             12             13         2 0.637325493      1          0
7             14             15         1 0.960001883      1          0
8             16             17         1 0.003296099      1          0
9             18             19         1 0.151076621      1          0
10            20             21         2 0.182157073      1          0
11            22             23         1 0.444872823      1          0
12            24             25         2 0.002580935      1          0
13            26             27         1 0.627924624      1          0
14            28             29         2 0.756437444      1          0
15             0              0         0 0.000000000     -1          1
16             0              0         0 0.000000000     -1          2
17            30             31         2 0.060160854      1          0
18            32             33         1 0.140515204      1          0
19            34             35         1 0.407062589      1          0
20            36             37         2 0.165038720      1          0
21             0              0         0 0.000000000     -1          1
22             0              0         0 0.000000000     -1          2
23            38             39         2 0.411953921      1          0
24             0              0         0 0.000000000     -1          2
25            40             41         1 0.828400703      1          0
26             0              0         0 0.000000000     -1          2
27            42             43         2 0.655387006      1          0
28            44             45         1 0.701410725      1          0
29            46             47         2 0.850849524      1          0
30             0              0         0 0.000000000     -1          1
31            48             49         2 0.252416659      1          0
32            50             51         2 0.582231603      1          0
33             0              0         0 0.000000000     -1          2
34            52             53         2 0.909059433      1          0
35             0              0         0 0.000000000     -1          2
36             0              0         0 0.000000000     -1          1
37             0              0         0 0.000000000     -1          2
38             0              0         0 0.000000000     -1          1
39            54             55         1 0.448894020      1          0
40            56             57         2 0.450143308      1          0
41            58             59         1 0.829175731      1          0
42             0              0         0 0.000000000     -1          2
43            60             61         1 0.974969225      1          0
44             0              0         0 0.000000000     -1          2
45             0              0         0 0.000000000     -1          1
46            62             63         1 0.589643912      1          0
47             0              0         0 0.000000000     -1          2
48             0              0         0 0.000000000     -1          1
49             0              0         0 0.000000000     -1          1
50             0              0         0 0.000000000     -1          2
51             0              0         0 0.000000000     -1          2
52             0              0         0 0.000000000     -1          2
53             0              0         0 0.000000000     -1          2
54             0              0         0 0.000000000     -1          1
55             0              0         0 0.000000000     -1          2
56             0              0         0 0.000000000     -1          1
57             0              0         0 0.000000000     -1          1
58             0              0         0 0.000000000     -1          2
59             0              0         0 0.000000000     -1          1
60             0              0         0 0.000000000     -1          1
61             0              0         0 0.000000000     -1          2
62             0              0         0 0.000000000     -1          2
63             0              0         0 0.000000000     -1          2
