   left daughter right daughter split var split point status prediction
1              2              3         1 0.579732028      1          0
2              4              5         2 0.287724359      1          0
3              6              7         1 0.902766573      1          0
4              8              9         2 0.074946800      1          0
5             10             11         1 0.508815505      1          0
6             12             13         1 0.887984387      1          0
7             14             15         1 0.911005734      1          0
8             16             17         1 0.176091503      1          0
9             18             19         1 0.382215254      1          0
10            20             21         1 0.316204351      1          0
11            22             23         2 0.519964768      1          0
12            24             25         2 0.687830008      1          0
13             0              0         0 0.000000000     -1          2
14             0              0         0 0.000000000     -1          1
15            26             27         2 0.817278795      1          0
16             0              0         0 0.000000000     -1          2
17            28             29         1 0.276126045      1          0
18            30             31         1 0.376431135      1          0
19            32             33         1 0.466860610      1          0
20            34             35         2 0.728952777      1          0
21            36             37         1 0.322232668      1          0
22            38             39         1 0.522172251      1          0
23            40             41         1 0.552778437      1          0
24            42             43         1 0.609467384      1          0
25            44             45         2 0.877852654      1          0
26            46             47         1 0.912922289      1          0
27             0              0         0 0.000000000     -1          2
28             0              0         0 0.000000000     -1          1
29             0              0         0 0.000000000     -1          1
30            48             49         2 0.119205315      1          0
31             0              0         0 0.000000000     -1          2
32             0              0         0 0.000000000     -1          1
33            50             51         1 0.469276317      1          0
34            52             53         2 0.444205276      1          0
35            54             55         1 0.003811907      1          0
36             0              0         0 0.000000000     -1          1
37            56             57         1 0.402405856      1          0
38             0              0         0 0.000000000     -1          1
39             0              0         0 0.000000000     -1          1
40            58             59         1 0.548481794      1          0
41             0              0         0 0.000000000     -1          2
42            60             61         2 0.637671170      1          0
43            62             63         2 0.328639645      1          0
44             0              0         0 0.000000000     -1          2
45             0              0         0 0.000000000     -1          2
46             0              0         0 0.000000000     -1          2
47             0              0         0 0.000000000     -1          1
48             0              0         0 0.000000000     -1          1
49             0              0         0 0.000000000     -1          1
50             0              0         0 0.000000000     -1          2
51             0              0         0 0.000000000     -1          1
52             0              0         0 0.000000000     -1          2
53             0              0         0 0.000000000     -1          2
54             0              0         0 0.000000000     -1          1
55             0              0         0 0.000000000     -1          2
56             0              0         0 0.000000000     -1          2
57             0              0         0 0.000000000     -1          2
58             0              0         0 0.000000000     -1          2
59             0              0         0 0.000000000     -1          1
60             0              0         0 0.000000000     -1          1
61             0              0         0 0.000000000     -1          2
62             0              0         0 0.000000000     -1          1
63             0              0         0 0.000000000     -1          1
