   left daughter right daughter split var split point status prediction
1              2              3         1  0.57886975      1          0
2              4              5         1  0.36578437      1          0
3              6              7         2  0.75695061      1          0
4              8              9         1  0.36179306      1          0
5             10             11         2  0.31298922      1          0
6             12             13         1  0.80736068      1          0
7             14             15         1  0.58650774      1          0
8             16             17         1  0.02387210      1          0
9              0              0         0  0.00000000     -1          2
10            18             19         1  0.40722517      1          0
11            20             21         2  0.52221989      1          0
12            22             23         1  0.80548713      1          0
13            24             25         2  0.34290848      1          0
14             0              0         0  0.00000000     -1          1
15            26             27         2  0.87558373      1          0
16            28             29         2  0.23250513      1          0
17            30             31         1  0.06380306      1          0
18             0              0         0  0.00000000     -1          1
19             0              0         0  0.00000000     -1          1
20            32             33         2  0.50092909      1          0
21            34             35         2  0.85154192      1          0
22            36             37         1  0.69237122      1          0
23             0              0         0  0.00000000     -1          2
24            38             39         2  0.20369300      1          0
25            40             41         2  0.35726782      1          0
26            42             43         2  0.86787006      1          0
27            44             45         1  0.68426351      1          0
28             0              0         0  0.00000000     -1          2
29             0              0         0  0.00000000     -1          2
30            46             47         2  0.31249220      1          0
31            48             49         1  0.12374810      1          0
32            50             51         2  0.41195392      1          0
33             0              0         0  0.00000000     -1          1
34            52             53         1  0.56282765      1          0
35            54             55         2  0.85362396      1          0
36            56             57         1  0.63478768      1          0
37            58             59         1  0.69759463      1          0
38            60             61         1  0.89698354      1          0
39             0              0         0  0.00000000     -1          1
40             0              0         0  0.00000000     -1          2
41            62             63         2  0.63472220      1          0
42             0              0         0  0.00000000     -1          2
43             0              0         0  0.00000000     -1          1
44             0              0         0  0.00000000     -1          2
45             0              0         0  0.00000000     -1          2
46             0              0         0  0.00000000     -1          1
47             0              0         0  0.00000000     -1          2
48             0              0         0  0.00000000     -1          2
49             0              0         0  0.00000000     -1          2
50             0              0         0  0.00000000     -1          1
51             0              0         0  0.00000000     -1          2
52             0              0         0  0.00000000     -1          2
53             0              0         0  0.00000000     -1          2
54             0              0         0  0.00000000     -1          1
55             0              0         0  0.00000000     -1          2
56             0              0         0  0.00000000     -1          1
57             0              0         0  0.00000000     -1          1
58             0              0         0  0.00000000     -1          2
59             0              0         0  0.00000000     -1          1
60             0              0         0  0.00000000     -1          1
61             0              0         0  0.00000000     -1          1
62             0              0         0  0.00000000     -1          1
63             0              0         0  0.00000000     -1          1
