   left daughter right daughter split var split point status prediction
1              2              3         1 0.620223704      1          0
2              4              5         1 0.423167309      1          0
3              6              7         2 0.756950610      1          0
4              8              9         1 0.391532987      1          0
5             10             11         1 0.423872247      1          0
6             12             13         2 0.442000921      1          0
7             14             15         2 0.809590386      1          0
8             16             17         1 0.389627871      1          0
9             18             19         1 0.403485845      1          0
10             0              0         0 0.000000000     -1          1
11            20             21         1 0.612709372      1          0
12            22             23         1 0.827393821      1          0
13            24             25         1 0.984645753      1          0
14            26             27         1 0.859244451      1          0
15            28             29         2 0.858038555      1          0
16            30             31         2 0.285547984      1          0
17             0              0         0 0.000000000     -1          1
18             0              0         0 0.000000000     -1          2
19            32             33         1 0.415006981      1          0
20            34             35         1 0.612197519      1          0
21             0              0         0 0.000000000     -1          2
22             0              0         0 0.000000000     -1          1
23            36             37         1 0.829815444      1          0
24            38             39         1 0.657551905      1          0
25             0              0         0 0.000000000     -1          1
26             0              0         0 0.000000000     -1          2
27             0              0         0 0.000000000     -1          1
28             0              0         0 0.000000000     -1          2
29            40             41         2 0.866149040      1          0
30            42             43         2 0.239977252      1          0
31            44             45         1 0.340263002      1          0
32             0              0         0 0.000000000     -1          2
33             0              0         0 0.000000000     -1          2
34            46             47         1 0.609524503      1          0
35             0              0         0 0.000000000     -1          1
36             0              0         0 0.000000000     -1          2
37            48             49         1 0.901677485      1          0
38             0              0         0 0.000000000     -1          1
39            50             51         1 0.667676265      1          0
40             0              0         0 0.000000000     -1          1
41            52             53         1 0.789833118      1          0
42            54             55         1 0.003296099      1          0
43             0              0         0 0.000000000     -1          1
44            56             57         1 0.005105070      1          0
45            58             59         1 0.346219510      1          0
46            60             61         1 0.426342745      1          0
47             0              0         0 0.000000000     -1          2
48             0              0         0 0.000000000     -1          1
49            62             63         2 0.040698455      1          0
50             0              0         0 0.000000000     -1          2
51             0              0         0 0.000000000     -1          1
52             0              0         0 0.000000000     -1          2
53             0              0         0 0.000000000     -1          2
54             0              0         0 0.000000000     -1          2
55             0              0         0 0.000000000     -1          1
56             0              0         0 0.000000000     -1          2
57             0              0         0 0.000000000     -1          2
58             0              0         0 0.000000000     -1          1
59             0              0         0 0.000000000     -1          2
60             0              0         0 0.000000000     -1          2
61             0              0         0 0.000000000     -1          2
62             0              0         0 0.000000000     -1          2
63             0              0         0 0.000000000     -1          1
