   left daughter right daughter split var split point status prediction
1              2              3         1 0.622170740      1          0
2              4              5         2 0.294415548      1          0
3              6              7         1 0.633311009      1          0
4              8              9         2 0.007594860      1          0
5             10             11         2 0.524392728      1          0
6              0              0         0 0.000000000     -1          1
7             12             13         2 0.756437444      1          0
8              0              0         0 0.000000000     -1          2
9             14             15         1 0.001491658      1          0
10            16             17         1 0.472645869      1          0
11            18             19         1 0.580728172      1          0
12            20             21         2 0.607274929      1          0
13            22             23         2 0.808781955      1          0
14             0              0         0 0.000000000     -1          2
15            24             25         2 0.074946800      1          0
16            26             27         1 0.366135979      1          0
17            28             29         2 0.472309588      1          0
18            30             31         2 0.913419544      1          0
19            32             33         2 0.936847092      1          0
20            34             35         2 0.139723534      1          0
21            36             37         2 0.713776748      1          0
22            38             39         2 0.768845001      1          0
23            40             41         1 0.762352442      1          0
24            42             43         1 0.358581516      1          0
25            44             45         2 0.252416659      1          0
26            46             47         2 0.370660795      1          0
27            48             49         2 0.509150962      1          0
28            50             51         2 0.467765113      1          0
29             0              0         0 0.000000000     -1          1
30            52             53         1 0.151076621      1          0
31             0              0         0 0.000000000     -1          2
32            54             55         2 0.630482091      1          0
33             0              0         0 0.000000000     -1          1
34            56             57         2 0.133395162      1          0
35            58             59         2 0.285022952      1          0
36            60             61         2 0.712415484      1          0
37             0              0         0 0.000000000     -1          1
38             0              0         0 0.000000000     -1          2
39             0              0         0 0.000000000     -1          1
40            62             63         1 0.757482795      1          0
41             0              0         0 0.000000000     -1          2
42             0              0         0 0.000000000     -1          1
43             0              0         0 0.000000000     -1          1
44             0              0         0 0.000000000     -1          1
45             0              0         0 0.000000000     -1          1
46             0              0         0 0.000000000     -1          2
47             0              0         0 0.000000000     -1          2
48             0              0         0 0.000000000     -1          2
49             0              0         0 0.000000000     -1          1
50             0              0         0 0.000000000     -1          1
51             0              0         0 0.000000000     -1          2
52             0              0         0 0.000000000     -1          2
53             0              0         0 0.000000000     -1          2
54             0              0         0 0.000000000     -1          1
55             0              0         0 0.000000000     -1          2
56             0              0         0 0.000000000     -1          1
57             0              0         0 0.000000000     -1          2
58             0              0         0 0.000000000     -1          1
59             0              0         0 0.000000000     -1          1
60             0              0         0 0.000000000     -1          1
61             0              0         0 0.000000000     -1          2
62             0              0         0 0.000000000     -1          2
63             0              0         0 0.000000000     -1          1
