   left daughter right daughter split var split point status prediction
1              2              3         2  0.63257891      1          0
2              4              5         1  0.46104390      1          0
3              6              7         1  0.70878764      1          0
4              8              9         2  0.29039068      1          0
5             10             11         2  0.33569832      1          0
6             12             13         1  0.58039465      1          0
7             14             15         2  0.75063682      1          0
8             16             17         1  0.45391683      1          0
9             18             19         1  0.45395112      1          0
10            20             21         1  0.89997135      1          0
11            22             23         1  0.51878026      1          0
12            24             25         2  0.94906955      1          0
13            26             27         2  0.82908999      1          0
14            28             29         1  0.95044066      1          0
15            30             31         2  0.87632372      1          0
16            32             33         1  0.38523197      1          0
17             0              0         0  0.00000000     -1          2
18            34             35         1  0.35482400      1          0
19             0              0         0  0.00000000     -1          1
20            36             37         1  0.46927632      1          0
21            38             39         1  0.90276657      1          0
22             0              0         0  0.00000000     -1          2
23            40             41         2  0.35002090      1          0
24            42             43         2  0.93965048      1          0
25             0              0         0  0.00000000     -1          2
26            44             45         2  0.79454717      1          0
27            46             47         1  0.58765589      1          0
28            48             49         1  0.74004549      1          0
29             0              0         0  0.00000000     -1          1
30            50             51         1  0.74883033      1          0
31            52             53         2  0.93638205      1          0
32            54             55         2  0.27433920      1          0
33             0              0         0  0.00000000     -1          1
34            56             57         2  0.62365165      1          0
35             0              0         0  0.00000000     -1          2
36             0              0         0  0.00000000     -1          1
37            58             59         2  0.13282328      1          0
38             0              0         0  0.00000000     -1          2
39            60             61         2  0.04069845      1          0
40             0              0         0  0.00000000     -1          1
41            62             63         1  0.98467951      1          0
42             0              0         0  0.00000000     -1          2
43             0              0         0  0.00000000     -1          1
44             0              0         0  0.00000000     -1          2
45             0              0         0  0.00000000     -1          2
46             0              0         0  0.00000000     -1          1
47             0              0         0  0.00000000     -1          2
48             0              0         0  0.00000000     -1          1
49             0              0         0  0.00000000     -1          1
50             0              0         0  0.00000000     -1          1
51             0              0         0  0.00000000     -1          2
52             0              0         0  0.00000000     -1          2
53             0              0         0  0.00000000     -1          2
54             0              0         0  0.00000000     -1          1
55             0              0         0  0.00000000     -1          1
56             0              0         0  0.00000000     -1          2
57             0              0         0  0.00000000     -1          1
58             0              0         0  0.00000000     -1          1
59             0              0         0  0.00000000     -1          1
60             0              0         0  0.00000000     -1          2
61             0              0         0  0.00000000     -1          1
62             0              0         0  0.00000000     -1          1
63             0              0         0  0.00000000     -1          2
