   left daughter right daughter split var split point status prediction
1              2              3         2 0.626012834      1          0
2              4              5         1 0.437680939      1          0
3              6              7         1 0.580373968      1          0
4              8              9         2 0.274339197      1          0
5             10             11         2 0.002580935      1          0
6             12             13         2 0.729094755      1          0
7             14             15         1 0.959799337      1          0
8             16             17         2 0.060160854      1          0
9             18             19         1 0.277524175      1          0
10             0              0         0 0.000000000     -1          2
11            20             21         2 0.607274929      1          0
12             0              0         0 0.000000000     -1          2
13            22             23         2 0.731202377      1          0
14            24             25         1 0.585670498      1          0
15             0              0         0 0.000000000     -1          1
16            26             27         2 0.049862711      1          0
17            28             29         2 0.245311032      1          0
18            30             31         1 0.051139672      1          0
19            32             33         2 0.614962156      1          0
20            34             35         2 0.335698324      1          0
21             0              0         0 0.000000000     -1          2
22             0              0         0 0.000000000     -1          1
23            36             37         2 0.928392869      1          0
24             0              0         0 0.000000000     -1          1
25            38             39         1 0.729988611      1          0
26             0              0         0 0.000000000     -1          1
27             0              0         0 0.000000000     -1          2
28            40             41         1 0.364700237      1          0
29             0              0         0 0.000000000     -1          1
30             0              0         0 0.000000000     -1          2
31             0              0         0 0.000000000     -1          2
32            42             43         2 0.357902386      1          0
33             0              0         0 0.000000000     -1          1
34            44             45         2 0.020165409      1          0
35            46             47         2 0.402314628      1          0
36            48             49         2 0.926927219      1          0
37            50             51         1 0.328159611      1          0
38            52             53         2 0.692461010      1          0
39            54             55         2 0.754141889      1          0
40            56             57         2 0.074946800      1          0
41            58             59         2 0.237486755      1          0
42             0              0         0 0.000000000     -1          2
43            60             61         1 0.375200576      1          0
44             0              0         0 0.000000000     -1          1
45            62             63         1 0.794249473      1          0
46             0              0         0 0.000000000     -1          1
47             0              0         0 0.000000000     -1          1
48             0              0         0 0.000000000     -1          2
49             0              0         0 0.000000000     -1          1
50             0              0         0 0.000000000     -1          2
51             0              0         0 0.000000000     -1          2
52             0              0         0 0.000000000     -1          1
53             0              0         0 0.000000000     -1          2
54             0              0         0 0.000000000     -1          1
55             0              0         0 0.000000000     -1          2
56             0              0         0 0.000000000     -1          1
57             0              0         0 0.000000000     -1          1
58             0              0         0 0.000000000     -1          1
59             0              0         0 0.000000000     -1          2
60             0              0         0 0.000000000     -1          2
61             0              0         0 0.000000000     -1          2
62             0              0         0 0.000000000     -1          1
63             0              0         0 0.000000000     -1          1
