   left daughter right daughter split var split point status prediction
1              2              3         1 0.508815505      1          0
2              4              5         1 0.435938937      1          0
3              6              7         1 0.843274895      1          0
4              8              9         2 0.261464346      1          0
5             10             11         2 0.411953921      1          0
6             12             13         1 0.841207744      1          0
7             14             15         2 0.812760552      1          0
8             16             17         1 0.001491658      1          0
9             18             19         1 0.051139672      1          0
10            20             21         2 0.143572369      1          0
11            22             23         1 0.487941460      1          0
12            24             25         1 0.791321322      1          0
13             0              0         0 0.000000000     -1          2
14            26             27         2 0.606720122      1          0
15            28             29         1 0.886087969      1          0
16             0              0         0 0.000000000     -1          2
17            30             31         1 0.092590623      1          0
18            32             33         1 0.045539956      1          0
19            34             35         1 0.284025379      1          0
20             0              0         0 0.000000000     -1          1
21            36             37         1 0.461043896      1          0
22             0              0         0 0.000000000     -1          2
23             0              0         0 0.000000000     -1          2
24            38             39         1 0.773746992      1          0
25            40             41         2 0.776230026      1          0
26            42             43         1 0.906754943      1          0
27            44             45         1 0.870824052      1          0
28             0              0         0 0.000000000     -1          2
29             0              0         0 0.000000000     -1          2
30             0              0         0 0.000000000     -1          1
31            46             47         2 0.251481967      1          0
32            48             49         1 0.003811907      1          0
33             0              0         0 0.000000000     -1          1
34            50             51         2 0.584777987      1          0
35            52             53         2 0.910209478      1          0
36             0              0         0 0.000000000     -1          1
37             0              0         0 0.000000000     -1          1
38            54             55         2 0.687830008      1          0
39             0              0         0 0.000000000     -1          1
40            56             57         2 0.130602440      1          0
41             0              0         0 0.000000000     -1          2
42            58             59         2 0.509153551      1          0
43             0              0         0 0.000000000     -1          1
44             0              0         0 0.000000000     -1          2
45            60             61         2 0.613623966      1          0
46            62             63         2 0.145393718      1          0
47             0              0         0 0.000000000     -1          2
48             0              0         0 0.000000000     -1          2
49             0              0         0 0.000000000     -1          2
50             0              0         0 0.000000000     -1          2
51             0              0         0 0.000000000     -1          2
52             0              0         0 0.000000000     -1          2
53             0              0         0 0.000000000     -1          2
54             0              0         0 0.000000000     -1          1
55             0              0         0 0.000000000     -1          2
56             0              0         0 0.000000000     -1          2
57             0              0         0 0.000000000     -1          1
58             0              0         0 0.000000000     -1          1
59             0              0         0 0.000000000     -1          1
60             0              0         0 0.000000000     -1          2
61             0              0         0 0.000000000     -1          1
62             0              0         0 0.000000000     -1          1
63             0              0         0 0.000000000     -1          1
