   left daughter right daughter split var split point status prediction
1              2              3         2 0.632333013      1          0
2              4              5         2 0.286493020      1          0
3              6              7         1 0.663627655      1          0
4              8              9         2 0.002580935      1          0
5             10             11         2 0.288901480      1          0
6             12             13         1 0.580689068      1          0
7             14             15         2 0.756950610      1          0
8              0              0         0 0.000000000     -1          2
9             16             17         2 0.060621320      1          0
10             0              0         0 0.000000000     -1          2
11            18             19         2 0.294125714      1          0
12            20             21         2 0.898255572      1          0
13            22             23         2 0.768616568      1          0
14            24             25         2 0.653594645      1          0
15            26             27         2 0.963632942      1          0
16            28             29         2 0.049862711      1          0
17            30             31         2 0.155552745      1          0
18             0              0         0 0.000000000     -1          1
19            32             33         2 0.295230812      1          0
20            34             35         2 0.813543511      1          0
21            36             37         1 0.422356098      1          0
22             0              0         0 0.000000000     -1          2
23            38             39         1 0.588719696      1          0
24             0              0         0 0.000000000     -1          2
25            40             41         2 0.681981790      1          0
26            42             43         2 0.957869421      1          0
27             0              0         0 0.000000000     -1          2
28            44             45         2 0.025264901      1          0
29             0              0         0 0.000000000     -1          2
30            46             47         2 0.153807850      1          0
31            48             49         1 0.367616397      1          0
32             0              0         0 0.000000000     -1          2
33            50             51         1 0.525931293      1          0
34            52             53         1 0.151076621      1          0
35             0              0         0 0.000000000     -1          2
36            54             55         2 0.900195680      1          0
37             0              0         0 0.000000000     -1          2
38             0              0         0 0.000000000     -1          1
39            56             57         2 0.880711258      1          0
40             0              0         0 0.000000000     -1          1
41            58             59         1 0.981703155      1          0
42            60             61         2 0.875583732      1          0
43             0              0         0 0.000000000     -1          1
44             0              0         0 0.000000000     -1          1
45             0              0         0 0.000000000     -1          1
46            62             63         1 0.192623113      1          0
47             0              0         0 0.000000000     -1          2
48             0              0         0 0.000000000     -1          1
49             0              0         0 0.000000000     -1          1
50             0              0         0 0.000000000     -1          2
51             0              0         0 0.000000000     -1          1
52             0              0         0 0.000000000     -1          2
53             0              0         0 0.000000000     -1          2
54             0              0         0 0.000000000     -1          1
55             0              0         0 0.000000000     -1          2
56             0              0         0 0.000000000     -1          2
57             0              0         0 0.000000000     -1          2
58             0              0         0 0.000000000     -1          1
59             0              0         0 0.000000000     -1          2
60             0              0         0 0.000000000     -1          2
61             0              0         0 0.000000000     -1          2
62             0              0         0 0.000000000     -1          1
63             0              0         0 0.000000000     -1          1
