   left daughter right daughter split var split point status prediction
1              2              3         2 0.626012834      1          0
2              4              5         1 0.447014895      1          0
3              6              7         2 0.795598433      1          0
4              8              9         1 0.003750931      1          0
5             10             11         2 0.008009830      1          0
6             12             13         1 0.576010728      1          0
7             14             15         1 0.790920949      1          0
8              0              0         0 0.000000000     -1          2
9             16             17         2 0.265629371      1          0
10             0              0         0 0.000000000     -1          2
11            18             19         2 0.337760258      1          0
12            20             21         1 0.151076621      1          0
13            22             23         2 0.756950610      1          0
14            24             25         1 0.617083623      1          0
15            26             27         2 0.813239093      1          0
16            28             29         2 0.060160854      1          0
17            30             31         2 0.438445371      1          0
18            32             33         2 0.020165409      1          0
19            34             35         1 0.480255524      1          0
20            36             37         2 0.792081536      1          0
21            38             39         1 0.387761276      1          0
22            40             41         2 0.653908800      1          0
23            42             43         1 0.602491830      1          0
24            44             45         1 0.328159611      1          0
25            46             47         2 0.874163679      1          0
26             0              0         0 0.000000000     -1          2
27             0              0         0 0.000000000     -1          2
28            48             49         2 0.049862711      1          0
29            50             51         1 0.203262992      1          0
30            52             53         1 0.223834488      1          0
31            54             55         1 0.366864018      1          0
32             0              0         0 0.000000000     -1          1
33            56             57         1 0.716308436      1          0
34             0              0         0 0.000000000     -1          2
35            58             59         1 0.525778554      1          0
36            60             61         1 0.133250615      1          0
37             0              0         0 0.000000000     -1          1
38             0              0         0 0.000000000     -1          2
39            62             63         2 0.742347258      1          0
40             0              0         0 0.000000000     -1          2
41             0              0         0 0.000000000     -1          1
42             0              0         0 0.000000000     -1          1
43             0              0         0 0.000000000     -1          2
44             0              0         0 0.000000000     -1          2
45             0              0         0 0.000000000     -1          2
46             0              0         0 0.000000000     -1          1
47             0              0         0 0.000000000     -1          2
48             0              0         0 0.000000000     -1          1
49             0              0         0 0.000000000     -1          2
50             0              0         0 0.000000000     -1          1
51             0              0         0 0.000000000     -1          1
52             0              0         0 0.000000000     -1          2
53             0              0         0 0.000000000     -1          2
54             0              0         0 0.000000000     -1          2
55             0              0         0 0.000000000     -1          2
56             0              0         0 0.000000000     -1          1
57             0              0         0 0.000000000     -1          1
58             0              0         0 0.000000000     -1          1
59             0              0         0 0.000000000     -1          1
60             0              0         0 0.000000000     -1          2
61             0              0         0 0.000000000     -1          1
62             0              0         0 0.000000000     -1          2
63             0              0         0 0.000000000     -1          2
