   left daughter right daughter split var split point status prediction
1              2              3         2 0.294054892      1          0
2              4              5         1 0.365784371      1          0
3              6              7         1 0.570350537      1          0
4              8              9         1 0.360244257      1          0
5             10             11         2 0.002580935      1          0
6             12             13         1 0.481771009      1          0
7             14             15         2 0.756437444      1          0
8             16             17         2 0.155732089      1          0
9              0              0         0 0.000000000     -1          2
10             0              0         0 0.000000000     -1          2
11            18             19         1 0.896983541      1          0
12            20             21         2 0.895572962      1          0
13            22             23         1 0.525258215      1          0
14            24             25         1 0.601131774      1          0
15            26             27         1 0.790920949      1          0
16            28             29         1 0.236450211      1          0
17            30             31         2 0.252416659      1          0
18            32             33         1 0.469276317      1          0
19            34             35         2 0.033087053      1          0
20            36             37         2 0.364855898      1          0
21            38             39         1 0.158007794      1          0
22            40             41         2 0.513353084      1          0
23            42             43         1 0.568839368      1          0
24             0              0         0 0.000000000     -1          1
25            44             45         1 0.611983085      1          0
26            46             47         2 0.850198366      1          0
27            48             49         1 0.960001883      1          0
28            50             51         1 0.093559447      1          0
29            52             53         1 0.325803471      1          0
30            54             55         1 0.200418947      1          0
31             0              0         0 0.000000000     -1          1
32            56             57         1 0.456241345      1          0
33            58             59         2 0.070046800      1          0
34             0              0         0 0.000000000     -1          2
35            60             61         1 0.902766573      1          0
36            62             63         2 0.363507947      1          0
37             0              0         0 0.000000000     -1          2
38             0              0         0 0.000000000     -1          2
39             0              0         0 0.000000000     -1          2
40             0              0         0 0.000000000     -1          1
41             0              0         0 0.000000000     -1          2
42             0              0         0 0.000000000     -1          2
43             0              0         0 0.000000000     -1          2
44             0              0         0 0.000000000     -1          2
45             0              0         0 0.000000000     -1          1
46             0              0         0 0.000000000     -1          2
47             0              0         0 0.000000000     -1          1
48             0              0         0 0.000000000     -1          2
49             0              0         0 0.000000000     -1          1
50             0              0         0 0.000000000     -1          1
51             0              0         0 0.000000000     -1          2
52             0              0         0 0.000000000     -1          1
53             0              0         0 0.000000000     -1          1
54             0              0         0 0.000000000     -1          1
55             0              0         0 0.000000000     -1          1
56             0              0         0 0.000000000     -1          1
57             0              0         0 0.000000000     -1          2
58             0              0         0 0.000000000     -1          1
59             0              0         0 0.000000000     -1          1
60             0              0         0 0.000000000     -1          2
61             0              0         0 0.000000000     -1          1
62             0              0         0 0.000000000     -1          2
63             0              0         0 0.000000000     -1          1
