   left daughter right daughter split var split point status prediction
1              2              3         1  0.52217225      1          0
2              4              5         1  0.27141123      1          0
3              6              7         1  0.84327490      1          0
4              8              9         2  0.28821431      1          0
5             10             11         1  0.50592512      1          0
6             12             13         2  0.75281901      1          0
7             14             15         1  0.86334234      1          0
8             16             17         2  0.06016085      1          0
9             18             19         1  0.05679652      1          0
10            20             21         2  0.29412571      1          0
11            22             23         2  0.44693844      1          0
12            24             25         1  0.72680658      1          0
13            26             27         1  0.74733135      1          0
14             0              0         0  0.00000000     -1          1
15            28             29         1  0.87083765      1          0
16             0              0         0  0.00000000     -1          1
17            30             31         2  0.15573209      1          0
18            32             33         2  0.78233717      1          0
19            34             35         2  0.73338660      1          0
20            36             37         1  0.36578437      1          0
21            38             39         2  0.41013995      1          0
22             0              0         0  0.00000000     -1          1
23             0              0         0  0.00000000     -1          2
24            40             41         1  0.71895709      1          0
25            42             43         2  0.28108213      1          0
26            44             45         2  0.83164674      1          0
27            46             47         1  0.79092095      1          0
28             0              0         0  0.00000000     -1          2
29            48             49         2  0.79822784      1          0
30            50             51         2  0.12915392      1          0
31            52             53         1  0.20041895      1          0
32             0              0         0  0.00000000     -1          2
33             0              0         0  0.00000000     -1          2
34            54             55         2  0.72816707      1          0
35            56             57         2  0.93436493      1          0
36            58             59         1  0.34605476      1          0
37            60             61         2  0.14524391      1          0
38            62             63         1  0.46807093      1          0
39             0              0         0  0.00000000     -1          2
40             0              0         0  0.00000000     -1          1
41             0              0         0  0.00000000     -1          2
42             0              0         0  0.00000000     -1          1
43             0              0         0  0.00000000     -1          1
44             0              0         0  0.00000000     -1          2
45             0              0         0  0.00000000     -1          2
46             0              0         0  0.00000000     -1          2
47             0              0         0  0.00000000     -1          2
48             0              0         0  0.00000000     -1          1
49             0              0         0  0.00000000     -1          2
50             0              0         0  0.00000000     -1          1
51             0              0         0  0.00000000     -1          2
52             0              0         0  0.00000000     -1          1
53             0              0         0  0.00000000     -1          1
54             0              0         0  0.00000000     -1          2
55             0              0         0  0.00000000     -1          1
56             0              0         0  0.00000000     -1          2
57             0              0         0  0.00000000     -1          2
58             0              0         0  0.00000000     -1          1
59             0              0         0  0.00000000     -1          2
60             0              0         0  0.00000000     -1          1
61             0              0         0  0.00000000     -1          1
62             0              0         0  0.00000000     -1          2
63             0              0         0  0.00000000     -1          1
