   left daughter right daughter split var split point status prediction
1              2              3         1  0.97739828      1          0
2              4              5         1  0.94779271      1          0
3              0              0         0  0.00000000     -1          2
4              6              7         2  0.30672278      1          0
5              0              0         0  0.00000000     -1          1
6              8              9         1  0.50186478      1          0
7             10             11         2  0.36078430      1          0
8             12             13         1  0.25567532      1          0
9             14             15         2  0.17108909      1          0
10             0              0         0  0.00000000     -1          2
11            16             17         1  0.49533474      1          0
12             0              0         0  0.00000000     -1          1
13             0              0         0  0.00000000     -1          1
14             0              0         0  0.00000000     -1          2
15             0              0         0  0.00000000     -1          2
16            18             19         1  0.01513853      1          0
17            20             21         1  0.94495160      1          0
18             0              0         0  0.00000000     -1          1
19            22             23         1  0.19443188      1          0
20            24             25         2  0.50086805      1          0
21             0              0         0  0.00000000     -1          2
22            26             27         2  0.50262317      1          0
23            28             29         2  0.50151560      1          0
24             0              0         0  0.00000000     -1          2
25            30             31         2  0.74123049      1          0
26             0              0         0  0.00000000     -1          1
27            32             33         1  0.19211588      1          0
28             0              0         0  0.00000000     -1          1
29            34             35         1  0.24013368      1          0
30            36             37         1  0.66897017      1          0
31            38             39         2  0.93838324      1          0
32            40             41         2  0.85279222      1          0
33             0              0         0  0.00000000     -1          1
34             0              0         0  0.00000000     -1          2
35             0              0         0  0.00000000     -1          2
36             0              0         0  0.00000000     -1          1
37             0              0         0  0.00000000     -1          1
38             0              0         0  0.00000000     -1          1
39             0              0         0  0.00000000     -1          1
40             0              0         0  0.00000000     -1          2
41             0              0         0  0.00000000     -1          2
