   left daughter right daughter split var split point status prediction
1              2              3         2  0.95479525      1          0
2              4              5         1  0.08100175      1          0
3              0              0         0  0.00000000     -1          1
4              0              0         0  0.00000000     -1          1
5              6              7         2  0.46647785      1          0
6              8              9         1  0.50147291      1          0
7             10             11         2  0.61825032      1          0
8             12             13         2  0.42676118      1          0
9             14             15         2  0.12798858      1          0
10            16             17         2  0.60250598      1          0
11            18             19         2  0.64039110      1          0
12            20             21         1  0.39149229      1          0
13             0              0         0  0.00000000     -1          1
14             0              0         0  0.00000000     -1          2
15            22             23         1  0.87143896      1          0
16            24             25         1  0.55686276      1          0
17             0              0         0  0.00000000     -1          1
18             0              0         0  0.00000000     -1          2
19            26             27         1  0.50146878      1          0
20            28             29         1  0.38709108      1          0
21             0              0         0  0.00000000     -1          1
22            30             31         1  0.53291745      1          0
23             0              0         0  0.00000000     -1          2
24             0              0         0  0.00000000     -1          2
25             0              0         0  0.00000000     -1          1
26            32             33         1  0.24155967      1          0
27            34             35         2  0.72886329      1          0
28            36             37         1  0.17576442      1          0
29             0              0         0  0.00000000     -1          2
30             0              0         0  0.00000000     -1          2
31            38             39         1  0.64600133      1          0
32             0              0         0  0.00000000     -1          2
33            40             41         1  0.48208301      1          0
34             0              0         0  0.00000000     -1          1
35             0              0         0  0.00000000     -1          1
36             0              0         0  0.00000000     -1          1
37             0              0         0  0.00000000     -1          1
38             0              0         0  0.00000000     -1          2
39             0              0         0  0.00000000     -1          2
40             0              0         0  0.00000000     -1          2
41             0              0         0  0.00000000     -1          2
