   left daughter right daughter split var split point status prediction
1              2              3         1  0.97313749      1          0
2              4              5         2  0.96797841      1          0
3              0              0         0  0.00000000     -1          2
4              6              7         1  0.94779271      1          0
5              0              0         0  0.00000000     -1          1
6              8              9         2  0.31444212      1          0
7              0              0         0  0.00000000     -1          1
8             10             11         2  0.26292352      1          0
9             12             13         1  0.50959023      1          0
10            14             15         2  0.01334803      1          0
11             0              0         0  0.00000000     -1          1
12            16             17         2  0.49971594      1          0
13            18             19         1  0.84533165      1          0
14             0              0         0  0.00000000     -1          2
15            20             21         2  0.22760501      1          0
16             0              0         0  0.00000000     -1          1
17            22             23         2  0.75222687      1          0
18            24             25         2  0.50021539      1          0
19            26             27         1  0.86554385      1          0
20            28             29         1  0.50541131      1          0
21             0              0         0  0.00000000     -1          2
22            30             31         1  0.26695573      1          0
23            32             33         1  0.37308485      1          0
24             0              0         0  0.00000000     -1          2
25            34             35         1  0.53077653      1          0
26             0              0         0  0.00000000     -1          2
27             0              0         0  0.00000000     -1          1
28            36             37         2  0.19983883      1          0
29             0              0         0  0.00000000     -1          2
30             0              0         0  0.00000000     -1          2
31             0              0         0  0.00000000     -1          2
32            38             39         2  0.75389370      1          0
33             0              0         0  0.00000000     -1          2
34             0              0         0  0.00000000     -1          1
35            40             41         2  0.62670609      1          0
36             0              0         0  0.00000000     -1          1
37             0              0         0  0.00000000     -1          1
38             0              0         0  0.00000000     -1          1
39             0              0         0  0.00000000     -1          2
40             0              0         0  0.00000000     -1          1
41             0              0         0  0.00000000     -1          1
