   left daughter right daughter split var split point status prediction
1              2              3         1  0.97779448      1          0
2              4              5         2  0.01375530      1          0
3              0              0         0  0.00000000     -1          2
4              0              0         0  0.00000000     -1          2
5              6              7         2  0.99069371      1          0
6              8              9         2  0.13511051      1          0
7              0              0         0  0.00000000     -1          2
8             10             11         1  0.50838970      1          0
9             12             13         1  0.94779271      1          0
10             0              0         0  0.00000000     -1          1
11             0              0         0  0.00000000     -1          2
12            14             15         1  0.51917310      1          0
13             0              0         0  0.00000000     -1          1
14            16             17         1  0.01513853      1          0
15            18             19         2  0.50711511      1          0
16             0              0         0  0.00000000     -1          1
17            20             21         1  0.03850770      1          0
18            22             23         2  0.18465973      1          0
19            24             25         2  0.56170107      1          0
20             0              0         0  0.00000000     -1          2
21            26             27         2  0.50262317      1          0
22             0              0         0  0.00000000     -1          2
23            28             29         2  0.42649366      1          0
24             0              0         0  0.00000000     -1          1
25            30             31         1  0.75447919      1          0
26            32             33         1  0.50187405      1          0
27            34             35         1  0.50146878      1          0
28            36             37         1  0.82479105      1          0
29             0              0         0  0.00000000     -1          2
30            38             39         2  0.90479557      1          0
31             0              0         0  0.00000000     -1          1
32            40             41         2  0.37111391      1          0
33             0              0         0  0.00000000     -1          2
34             0              0         0  0.00000000     -1          2
35             0              0         0  0.00000000     -1          1
36             0              0         0  0.00000000     -1          2
37             0              0         0  0.00000000     -1          2
38             0              0         0  0.00000000     -1          1
39             0              0         0  0.00000000     -1          1
40             0              0         0  0.00000000     -1          1
41             0              0         0  0.00000000     -1          1
