   left daughter right daughter split var split point status prediction
1              2              3         1  0.75071821      1          0
2              4              5         2  0.50442143      1          0
3              6              7         1  0.76395911      1          0
4              8              9         2  0.30715126      1          0
5             10             11         2  0.53953884      1          0
6              0              0         0  0.00000000     -1          2
7             12             13         1  0.77829598      1          0
8             14             15         1  0.50101898      1          0
9             16             17         2  0.33226747      1          0
10             0              0         0  0.00000000     -1          2
11            18             19         2  0.62175098      1          0
12             0              0         0  0.00000000     -1          1
13            20             21         2  0.50045229      1          0
14            22             23         2  0.10547684      1          0
15             0              0         0  0.00000000     -1          2
16             0              0         0  0.00000000     -1          2
17            24             25         2  0.46629495      1          0
18             0              0         0  0.00000000     -1          1
19            26             27         2  0.82878933      1          0
20            28             29         1  0.90894435      1          0
21            30             31         2  0.97112918      1          0
22             0              0         0  0.00000000     -1          1
23            32             33         1  0.04443177      1          0
24            34             35         2  0.33743399      1          0
25             0              0         0  0.00000000     -1          1
26            36             37         2  0.77788482      1          0
27            38             39         2  0.83581173      1          0
28             0              0         0  0.00000000     -1          2
29             0              0         0  0.00000000     -1          2
30            40             41         2  0.54381509      1          0
31             0              0         0  0.00000000     -1          1
32             0              0         0  0.00000000     -1          1
33             0              0         0  0.00000000     -1          1
34             0              0         0  0.00000000     -1          1
35             0              0         0  0.00000000     -1          1
36             0              0         0  0.00000000     -1          2
37             0              0         0  0.00000000     -1          2
38             0              0         0  0.00000000     -1          1
39             0              0         0  0.00000000     -1          2
40             0              0         0  0.00000000     -1          1
41             0              0         0  0.00000000     -1          1
