   left daughter right daughter split var split point status prediction
1              2              3         2  0.05969966      1          0
2              0              0         0  0.00000000     -1          2
3              4              5         2  0.86340972      1          0
4              6              7         1  0.61877958      1          0
5              8              9         1  0.49695631      1          0
6             10             11         2  0.50120428      1          0
7             12             13         1  0.97739828      1          0
8             14             15         2  0.97399808      1          0
9             16             17         1  0.97928943      1          0
10            18             19         1  0.50061784      1          0
11            20             21         2  0.60297779      1          0
12            22             23         2  0.50086805      1          0
13             0              0         0  0.00000000     -1          2
14             0              0         0  0.00000000     -1          2
15             0              0         0  0.00000000     -1          2
16             0              0         0  0.00000000     -1          1
17             0              0         0  0.00000000     -1          2
18            24             25         2  0.36985281      1          0
19             0              0         0  0.00000000     -1          2
20             0              0         0  0.00000000     -1          2
21            26             27         1  0.50222577      1          0
22            28             29         2  0.34394473      1          0
23            30             31         1  0.94060902      1          0
24            32             33         1  0.04443177      1          0
25             0              0         0  0.00000000     -1          1
26            34             35         1  0.19095134      1          0
27             0              0         0  0.00000000     -1          1
28            36             37         2  0.34274111      1          0
29             0              0         0  0.00000000     -1          2
30            38             39         1  0.93789978      1          0
31             0              0         0  0.00000000     -1          1
32             0              0         0  0.00000000     -1          1
33            40             41         1  0.30291480      1          0
34             0              0         0  0.00000000     -1          2
35             0              0         0  0.00000000     -1          2
36             0              0         0  0.00000000     -1          2
37             0              0         0  0.00000000     -1          1
38             0              0         0  0.00000000     -1          1
39             0              0         0  0.00000000     -1          2
40             0              0         0  0.00000000     -1          1
41             0              0         0  0.00000000     -1          1
