   left daughter right daughter split var split point status prediction
1              2              3         2   0.3186684      1          0
2              4              5         1   0.5010190      1          0
3              6              7         2   0.4721514      1          0
4              8              9         1   0.1731481      1          0
5             10             11         2   0.2842740      1          0
6             12             13         2   0.4264937      1          0
7             14             15         1   0.4989241      1          0
8              0              0         0   0.0000000     -1          1
9             16             17         1   0.1837573      1          0
10            18             19         2   0.1733987      1          0
11             0              0         0   0.0000000     -1          2
12            20             21         2   0.3528427      1          0
13             0              0         0   0.0000000     -1          2
14            22             23         1   0.3739370      1          0
15            24             25         1   0.9820001      1          0
16             0              0         0   0.0000000     -1          2
17            26             27         1   0.3914923      1          0
18             0              0         0   0.0000000     -1          2
19             0              0         0   0.0000000     -1          2
20             0              0         0   0.0000000     -1          2
21             0              0         0   0.0000000     -1          2
22            28             29         2   0.5012043      1          0
23            30             31         2   0.9640513      1          0
24            32             33         2   0.5008681      1          0
25             0              0         0   0.0000000     -1          2
26             0              0         0   0.0000000     -1          1
27             0              0         0   0.0000000     -1          1
28             0              0         0   0.0000000     -1          1
29            34             35         2   0.8988636      1          0
30             0              0         0   0.0000000     -1          2
31             0              0         0   0.0000000     -1          1
32             0              0         0   0.0000000     -1          2
33            36             37         2   0.7288633      1          0
34            38             39         2   0.8848242      1          0
35             0              0         0   0.0000000     -1          2
36            40             41         1   0.8782002      1          0
37             0              0         0   0.0000000     -1          1
38             0              0         0   0.0000000     -1          2
39             0              0         0   0.0000000     -1          1
40             0              0         0   0.0000000     -1          1
41             0              0         0   0.0000000     -1          1
