   left daughter right daughter split var split point status prediction
1              2              3         1  0.97693473      1          0
2              4              5         2  0.85810547      1          0
3              0              0         0  0.00000000     -1          2
4              6              7         2  0.30645991      1          0
5              8              9         2  0.90988226      1          0
6             10             11         1  0.50186478      1          0
7             12             13         1  0.42841631      1          0
8              0              0         0  0.00000000     -1          1
9             14             15         2  0.99090915      1          0
10            16             17         1  0.04443177      1          0
11            18             19         1  0.53540442      1          0
12            20             21         1  0.10408984      1          0
13            22             23         1  0.95080497      1          0
14            24             25         2  0.98694948      1          0
15             0              0         0  0.00000000     -1          2
16             0              0         0  0.00000000     -1          1
17            26             27         2  0.01249051      1          0
18             0              0         0  0.00000000     -1          2
19            28             29         1  0.77014107      1          0
20             0              0         0  0.00000000     -1          2
21            30             31         2  0.49785263      1          0
22            32             33         2  0.50126090      1          0
23             0              0         0  0.00000000     -1          1
24            34             35         2  0.91814345      1          0
25             0              0         0  0.00000000     -1          1
26             0              0         0  0.00000000     -1          1
27            36             37         1  0.16963708      1          0
28             0              0         0  0.00000000     -1          2
29             0              0         0  0.00000000     -1          2
30             0              0         0  0.00000000     -1          1
31            38             39         2  0.59350614      1          0
32            40             41         1  0.50561005      1          0
33             0              0         0  0.00000000     -1          1
34             0              0         0  0.00000000     -1          2
35             0              0         0  0.00000000     -1          1
36             0              0         0  0.00000000     -1          1
37             0              0         0  0.00000000     -1          1
38             0              0         0  0.00000000     -1          2
39             0              0         0  0.00000000     -1          2
40             0              0         0  0.00000000     -1          1
41             0              0         0  0.00000000     -1          2
