   left daughter right daughter split var split point status prediction
1              2              3         1   0.9773983      1          0
2              4              5         2   0.4662950      1          0
3              0              0         0   0.0000000     -1          2
4              6              7         1   0.5014729      1          0
5              8              9         2   0.4865957      1          0
6             10             11         1   0.3914923      1          0
7             12             13         1   0.8714390      1          0
8              0              0         0   0.0000000     -1          1
9             14             15         1   0.5014688      1          0
10            16             17         1   0.3870911      1          0
11             0              0         0   0.0000000     -1          1
12            18             19         1   0.7709186      1          0
13             0              0         0   0.0000000     -1          2
14            20             21         2   0.5015156      1          0
15            22             23         2   0.5027361      1          0
16            24             25         1   0.1731481      1          0
17             0              0         0   0.0000000     -1          2
18            26             27         1   0.6573987      1          0
19             0              0         0   0.0000000     -1          2
20             0              0         0   0.0000000     -1          1
21            28             29         2   0.9100591      1          0
22             0              0         0   0.0000000     -1          2
23            30             31         2   0.8634097      1          0
24            32             33         2   0.4244063      1          0
25            34             35         1   0.1757644      1          0
26             0              0         0   0.0000000     -1          2
27             0              0         0   0.0000000     -1          2
28            36             37         2   0.8557578      1          0
29             0              0         0   0.0000000     -1          2
30            38             39         1   0.7533950      1          0
31             0              0         0   0.0000000     -1          1
32             0              0         0   0.0000000     -1          1
33             0              0         0   0.0000000     -1          1
34             0              0         0   0.0000000     -1          2
35            40             41         1   0.2311857      1          0
36             0              0         0   0.0000000     -1          2
37             0              0         0   0.0000000     -1          2
38             0              0         0   0.0000000     -1          1
39             0              0         0   0.0000000     -1          1
40             0              0         0   0.0000000     -1          1
41             0              0         0   0.0000000     -1          1
