   left daughter right daughter split var split point status prediction
1              2              3         1  0.97693473      1          0
2              4              5         1  0.94779271      1          0
3              0              0         0  0.00000000     -1          2
4              6              7         2  0.32225490      1          0
5              0              0         0  0.00000000     -1          1
6              8              9         1  0.50186478      1          0
7             10             11         2  0.47758615      1          0
8             12             13         2  0.01249051      1          0
9             14             15         2  0.25399840      1          0
10            16             17         1  0.50561005      1          0
11            18             19         1  0.49727517      1          0
12             0              0         0  0.00000000     -1          1
13            20             21         2  0.23404822      1          0
14            22             23         2  0.17888332      1          0
15             0              0         0  0.00000000     -1          2
16             0              0         0  0.00000000     -1          1
17             0              0         0  0.00000000     -1          2
18            24             25         1  0.37308485      1          0
19            26             27         1  0.94563427      1          0
20            28             29         2  0.23127402      1          0
21             0              0         0  0.00000000     -1          1
22             0              0         0  0.00000000     -1          2
23             0              0         0  0.00000000     -1          2
24            30             31         1  0.31236013      1          0
25             0              0         0  0.00000000     -1          2
26            32             33         2  0.50126090      1          0
27             0              0         0  0.00000000     -1          2
28            34             35         1  0.03682608      1          0
29             0              0         0  0.00000000     -1          2
30            36             37         2  0.50120428      1          0
31             0              0         0  0.00000000     -1          2
32             0              0         0  0.00000000     -1          2
33            38             39         2  0.59460988      1          0
34             0              0         0  0.00000000     -1          1
35            40             41         2  0.10547684      1          0
36             0              0         0  0.00000000     -1          1
37             0              0         0  0.00000000     -1          2
38             0              0         0  0.00000000     -1          1
39             0              0         0  0.00000000     -1          1
40             0              0         0  0.00000000     -1          1
41             0              0         0  0.00000000     -1          1
