   left daughter right daughter split var split point status prediction
1              2              3         2  0.18013140      1          0
2              4              5         2  0.12817905      1          0
3              6              7         2  0.46536890      1          0
4              8              9         1  0.50838970      1          0
5              0              0         0  0.00000000     -1          1
6             10             11         1  0.49715667      1          0
7             12             13         1  0.50524000      1          0
8              0              0         0  0.00000000     -1          1
9              0              0         0  0.00000000     -1          2
10            14             15         2  0.38548702      1          0
11            16             17         1  0.86776257      1          0
12            18             19         1  0.37368735      1          0
13            20             21         1  0.98200013      1          0
14            22             23         2  0.23440311      1          0
15             0              0         0  0.00000000     -1          1
16            24             25         1  0.53291745      1          0
17             0              0         0  0.00000000     -1          2
18            26             27         2  0.50120428      1          0
19            28             29         1  0.39030911      1          0
20            30             31         2  0.50086805      1          0
21             0              0         0  0.00000000     -1          2
22             0              0         0  0.00000000     -1          1
23             0              0         0  0.00000000     -1          1
24             0              0         0  0.00000000     -1          2
25             0              0         0  0.00000000     -1          2
26             0              0         0  0.00000000     -1          1
27            32             33         1  0.01513853      1          0
28             0              0         0  0.00000000     -1          1
29             0              0         0  0.00000000     -1          2
30             0              0         0  0.00000000     -1          2
31            34             35         2  0.62562636      1          0
32             0              0         0  0.00000000     -1          1
33            36             37         1  0.15088226      1          0
34             0              0         0  0.00000000     -1          1
35            38             39         1  0.54389881      1          0
36             0              0         0  0.00000000     -1          2
37            40             41         2  0.52345233      1          0
38             0              0         0  0.00000000     -1          1
39             0              0         0  0.00000000     -1          1
40             0              0         0  0.00000000     -1          2
41             0              0         0  0.00000000     -1          2
