   left daughter right daughter split var split point status prediction
1              2              3         1  0.01505100      1          0
2              0              0         0  0.00000000     -1          1
3              4              5         2  0.03931764      1          0
4              0              0         0  0.00000000     -1          2
5              6              7         2  0.18890010      1          0
6              8              9         2  0.17234098      1          0
7             10             11         1  0.51673303      1          0
8             12             13         2  0.17064576      1          0
9              0              0         0  0.00000000     -1          1
10            14             15         2  0.49767241      1          0
11            16             17         1  0.62093754      1          0
12            18             19         2  0.04336145      1          0
13             0              0         0  0.00000000     -1          2
14            20             21         1  0.49715667      1          0
15            22             23         2  0.85977805      1          0
16            24             25         2  0.51306590      1          0
17            26             27         1  0.64684941      1          0
18             0              0         0  0.00000000     -1          1
19            28             29         1  0.50995912      1          0
20            30             31         2  0.23440311      1          0
21             0              0         0  0.00000000     -1          2
22            32             33         1  0.50146878      1          0
23             0              0         0  0.00000000     -1          2
24             0              0         0  0.00000000     -1          2
25             0              0         0  0.00000000     -1          1
26             0              0         0  0.00000000     -1          2
27            34             35         1  0.97693473      1          0
28             0              0         0  0.00000000     -1          1
29             0              0         0  0.00000000     -1          2
30             0              0         0  0.00000000     -1          1
31            36             37         1  0.10999434      1          0
32            38             39         2  0.50120428      1          0
33             0              0         0  0.00000000     -1          2
34            40             41         2  0.50086805      1          0
35             0              0         0  0.00000000     -1          2
36             0              0         0  0.00000000     -1          1
37             0              0         0  0.00000000     -1          1
38             0              0         0  0.00000000     -1          1
39             0              0         0  0.00000000     -1          2
40             0              0         0  0.00000000     -1          2
41             0              0         0  0.00000000     -1          1
