   left daughter right daughter split var split point status prediction
1              2              3         2  0.05180093      1          0
2              0              0         0  0.00000000     -1          2
3              4              5         1  0.97739828      1          0
4              6              7         1  0.80856335      1          0
5              0              0         0  0.00000000     -1          2
6              8              9         2  0.33316999      1          0
7             10             11         2  0.50424025      1          0
8             12             13         2  0.17643442      1          0
9             14             15         1  0.49533474      1          0
10             0              0         0  0.00000000     -1          2
11            16             17         1  0.94060902      1          0
12            18             19         1  0.50646026      1          0
13            20             21         1  0.48954616      1          0
14            22             23         1  0.01513853      1          0
15            24             25         1  0.79184246      1          0
16            26             27         2  0.96224802      1          0
17             0              0         0  0.00000000     -1          1
18             0              0         0  0.00000000     -1          1
19             0              0         0  0.00000000     -1          2
20             0              0         0  0.00000000     -1          1
21             0              0         0  0.00000000     -1          2
22             0              0         0  0.00000000     -1          1
23            28             29         2  0.50005678      1          0
24            30             31         1  0.67643791      1          0
25             0              0         0  0.00000000     -1          2
26            32             33         1  0.93607608      1          0
27             0              0         0  0.00000000     -1          1
28             0              0         0  0.00000000     -1          1
29            34             35         1  0.15088226      1          0
30            36             37         2  0.53886006      1          0
31             0              0         0  0.00000000     -1          1
32             0              0         0  0.00000000     -1          1
33             0              0         0  0.00000000     -1          2
34             0              0         0  0.00000000     -1          2
35            38             39         2  0.82348702      1          0
36             0              0         0  0.00000000     -1          2
37            40             41         1  0.67409863      1          0
38             0              0         0  0.00000000     -1          2
39             0              0         0  0.00000000     -1          2
40             0              0         0  0.00000000     -1          1
41             0              0         0  0.00000000     -1          2
