   left daughter right daughter split var split point status prediction
1              2              3         1  0.97779448      1          0
2              4              5         2  0.82379428      1          0
3              0              0         0  0.00000000     -1          2
4              6              7         1  0.50385290      1          0
5              8              9         1  0.49752733      1          0
6             10             11         1  0.10408984      1          0
7             12             13         1  0.93625025      1          0
8             14             15         2  0.82668177      1          0
9             16             17         2  0.86340972      1          0
10            18             19         1  0.03734826      1          0
11            20             21         2  0.50120428      1          0
12            22             23         2  0.50086805      1          0
13             0              0         0  0.00000000     -1          1
14             0              0         0  0.00000000     -1          1
15            24             25         2  0.97527134      1          0
16             0              0         0  0.00000000     -1          1
17            26             27         1  0.88802089      1          0
18             0              0         0  0.00000000     -1          2
19             0              0         0  0.00000000     -1          1
20            28             29         1  0.10510810      1          0
21            30             31         2  0.77102050      1          0
22            32             33         1  0.77014107      1          0
23            34             35         1  0.67409863      1          0
24            36             37         1  0.01528252      1          0
25             0              0         0  0.00000000     -1          2
26             0              0         0  0.00000000     -1          1
27             0              0         0  0.00000000     -1          1
28             0              0         0  0.00000000     -1          2
29            38             39         2  0.01249051      1          0
30            40             41         2  0.76904986      1          0
31             0              0         0  0.00000000     -1          2
32             0              0         0  0.00000000     -1          2
33             0              0         0  0.00000000     -1          2
34             0              0         0  0.00000000     -1          1
35             0              0         0  0.00000000     -1          1
36             0              0         0  0.00000000     -1          1
37             0              0         0  0.00000000     -1          2
38             0              0         0  0.00000000     -1          1
39             0              0         0  0.00000000     -1          1
40             0              0         0  0.00000000     -1          2
41             0              0         0  0.00000000     -1          1
