   left daughter right daughter split var split point status prediction
1              2              3         2  0.05180093      1          0
2              0              0         0  0.00000000     -1          2
3              4              5         2  0.18140412      1          0
4              6              7         1  0.52272096      1          0
5              8              9         2  0.21074845      1          0
6              0              0         0  0.00000000     -1          1
7              0              0         0  0.00000000     -1          2
8              0              0         0  0.00000000     -1          2
9             10             11         2  0.30672278      1          0
10             0              0         0  0.00000000     -1          1
11            12             13         2  0.53041721      1          0
12            14             15         1  0.50026350      1          0
13            16             17         2  0.53475564      1          0
14            18             19         2  0.50120428      1          0
15            20             21         2  0.50126090      1          0
16             0              0         0  0.00000000     -1          1
17            22             23         1  0.50146878      1          0
18            24             25         2  0.34515712      1          0
19             0              0         0  0.00000000     -1          2
20            26             27         2  0.34416279      1          0
21             0              0         0  0.00000000     -1          1
22            28             29         2  0.95479525      1          0
23            30             31         1  0.97928943      1          0
24             0              0         0  0.00000000     -1          1
25             0              0         0  0.00000000     -1          1
26             0              0         0  0.00000000     -1          2
27             0              0         0  0.00000000     -1          2
28            32             33         2  0.68583146      1          0
29             0              0         0  0.00000000     -1          2
30            34             35         1  0.86188943      1          0
31             0              0         0  0.00000000     -1          2
32             0              0         0  0.00000000     -1          2
33            36             37         1  0.07533962      1          0
34            38             39         1  0.85994398      1          0
35             0              0         0  0.00000000     -1          1
36             0              0         0  0.00000000     -1          2
37            40             41         1  0.08897840      1          0
38             0              0         0  0.00000000     -1          1
39             0              0         0  0.00000000     -1          2
40             0              0         0  0.00000000     -1          1
41             0              0         0  0.00000000     -1          2
