   left daughter right daughter split var split point status prediction
1              2              3         2  0.01410020      1          0
2              0              0         0  0.00000000     -1          2
3              4              5         1  0.97733094      1          0
4              6              7         2  0.17572277      1          0
5              0              0         0  0.00000000     -1          2
6              8              9         1  0.52240898      1          0
7             10             11         2  0.72848816      1          0
8             12             13         1  0.17314809      1          0
9              0              0         0  0.00000000     -1          2
10            14             15         2  0.65777324      1          0
11            16             17         1  0.49752733      1          0
12             0              0         0  0.00000000     -1          1
13             0              0         0  0.00000000     -1          1
14            18             19         2  0.19519888      1          0
15             0              0         0  0.00000000     -1          2
16            20             21         1  0.36962071      1          0
17            22             23         1  0.53077653      1          0
18             0              0         0  0.00000000     -1          2
19            24             25         1  0.49138656      1          0
20            26             27         1  0.01528252      1          0
21             0              0         0  0.00000000     -1          2
22             0              0         0  0.00000000     -1          1
23            28             29         2  0.85646941      1          0
24            30             31         2  0.50262317      1          0
25            32             33         1  0.94779271      1          0
26             0              0         0  0.00000000     -1          1
27            34             35         2  0.89886364      1          0
28             0              0         0  0.00000000     -1          1
29             0              0         0  0.00000000     -1          1
30            36             37         2  0.23440311      1          0
31             0              0         0  0.00000000     -1          2
32            38             39         1  0.82210617      1          0
33             0              0         0  0.00000000     -1          1
34             0              0         0  0.00000000     -1          2
35             0              0         0  0.00000000     -1          2
36             0              0         0  0.00000000     -1          1
37            40             41         2  0.33840531      1          0
38             0              0         0  0.00000000     -1          2
39             0              0         0  0.00000000     -1          2
40             0              0         0  0.00000000     -1          1
41             0              0         0  0.00000000     -1          1
