   left daughter right daughter split var split point status prediction
1              2              3         2  0.85750817      1          0
2              4              5         2  0.80863478      1          0
3              6              7         1  0.48437211      1          0
4              8              9         2  0.05689792      1          0
5              0              0         0  0.00000000     -1          2
6              0              0         0  0.00000000     -1          2
7              0              0         0  0.00000000     -1          1
8              0              0         0  0.00000000     -1          2
9             10             11         2  0.18140412      1          0
10            12             13         1  0.50646026      1          0
11            14             15         2  0.18530344      1          0
12             0              0         0  0.00000000     -1          1
13             0              0         0  0.00000000     -1          2
14             0              0         0  0.00000000     -1          2
15            16             17         2  0.79796755      1          0
16            18             19         1  0.01750193      1          0
17             0              0         0  0.00000000     -1          1
18             0              0         0  0.00000000     -1          1
19            20             21         1  0.82164806      1          0
20            22             23         2  0.30408098      1          0
21            24             25         2  0.50868998      1          0
22            26             27         1  0.49328211      1          0
23            28             29         2  0.68507688      1          0
24             0              0         0  0.00000000     -1          2
25             0              0         0  0.00000000     -1          1
26             0              0         0  0.00000000     -1          1
27             0              0         0  0.00000000     -1          2
28            30             31         2  0.66656532      1          0
29            32             33         1  0.50947200      1          0
30            34             35         1  0.74683115      1          0
31             0              0         0  0.00000000     -1          2
32             0              0         0  0.00000000     -1          2
33             0              0         0  0.00000000     -1          1
34            36             37         1  0.69756310      1          0
35             0              0         0  0.00000000     -1          2
36            38             39         1  0.47596507      1          0
37             0              0         0  0.00000000     -1          1
38            40             41         1  0.42841631      1          0
39             0              0         0  0.00000000     -1          2
40             0              0         0  0.00000000     -1          2
41             0              0         0  0.00000000     -1          1
