   left daughter right daughter split var split point status prediction
1              2              3         2  0.85810547      1          0
2              4              5         1  0.31165842      1          0
3              6              7         1  0.48437211      1          0
4              8              9         2  0.50120428      1          0
5             10             11         1  0.84380472      1          0
6              0              0         0  0.00000000     -1          2
7             12             13         2  0.91168757      1          0
8             14             15         1  0.07274624      1          0
9             16             17         2  0.85519861      1          0
10            18             19         2  0.47964745      1          0
11            20             21         1  0.97504520      1          0
12             0              0         0  0.00000000     -1          1
13             0              0         0  0.00000000     -1          1
14             0              0         0  0.00000000     -1          1
15            22             23         1  0.07465276      1          0
16            24             25         2  0.75222687      1          0
17             0              0         0  0.00000000     -1          1
18            26             27         1  0.50147291      1          0
19            28             29         2  0.69722827      1          0
20            30             31         2  0.49935218      1          0
21             0              0         0  0.00000000     -1          2
22             0              0         0  0.00000000     -1          2
23            32             33         1  0.25567532      1          0
24             0              0         0  0.00000000     -1          2
25             0              0         0  0.00000000     -1          2
26             0              0         0  0.00000000     -1          1
27            34             35         1  0.77014107      1          0
28            36             37         1  0.49892414      1          0
29             0              0         0  0.00000000     -1          1
30             0              0         0  0.00000000     -1          2
31             0              0         0  0.00000000     -1          1
32            38             39         2  0.13173263      1          0
33             0              0         0  0.00000000     -1          1
34            40             41         1  0.65739869      1          0
35             0              0         0  0.00000000     -1          2
36             0              0         0  0.00000000     -1          2
37             0              0         0  0.00000000     -1          1
38             0              0         0  0.00000000     -1          1
39             0              0         0  0.00000000     -1          1
40             0              0         0  0.00000000     -1          2
41             0              0         0  0.00000000     -1          2
