   left daughter right daughter split var split point status prediction
1              2              3         2   0.1663980      1          0
2              4              5         1   0.5086876      1          0
3              6              7         2   0.6968093      1          0
4              8              9         2   0.1246421      1          0
5              0              0         0   0.0000000     -1          2
6             10             11         1   0.4910185      1          0
7             12             13         1   0.5017209      1          0
8              0              0         0   0.0000000     -1          1
9              0              0         0   0.0000000     -1          1
10            14             15         1   0.0150510      1          0
11            16             17         1   0.8216481      1          0
12            18             19         2   0.9434902      1          0
13            20             21         1   0.5307765      1          0
14             0              0         0   0.0000000     -1          1
15            22             23         2   0.5000568      1          0
16            24             25         1   0.7922091      1          0
17            26             27         1   0.8292675      1          0
18            28             29         1   0.2561655      1          0
19             0              0         0   0.0000000     -1          2
20             0              0         0   0.0000000     -1          1
21            30             31         2   0.9711581      1          0
22            32             33         2   0.3384053      1          0
23            34             35         1   0.2640042      1          0
24            36             37         1   0.7673257      1          0
25             0              0         0   0.0000000     -1          2
26             0              0         0   0.0000000     -1          1
27            38             39         1   0.9777945      1          0
28             0              0         0   0.0000000     -1          2
29             0              0         0   0.0000000     -1          2
30            40             41         2   0.7280403      1          0
31             0              0         0   0.0000000     -1          1
32             0              0         0   0.0000000     -1          1
33             0              0         0   0.0000000     -1          1
34             0              0         0   0.0000000     -1          2
35             0              0         0   0.0000000     -1          2
36             0              0         0   0.0000000     -1          2
37             0              0         0   0.0000000     -1          1
38             0              0         0   0.0000000     -1          2
39             0              0         0   0.0000000     -1          2
40             0              0         0   0.0000000     -1          1
41             0              0         0   0.0000000     -1          1
