   left daughter right daughter split var split point status prediction
1              2              3         2  0.17572277      1          0
2              4              5         2  0.17244216      1          0
3              6              7         1  0.46628773      1          0
4              8              9         1  0.50646026      1          0
5              0              0         0  0.00000000     -1          1
6             10             11         1  0.01750193      1          0
7             12             13         2  0.50086805      1          0
8             14             15         1  0.29451385      1          0
9              0              0         0  0.00000000     -1          2
10             0              0         0  0.00000000     -1          1
11            16             17         1  0.02784704      1          0
12            18             19         2  0.44828392      1          0
13            20             21         1  0.50146878      1          0
14             0              0         0  0.00000000     -1          1
15             0              0         0  0.00000000     -1          1
16             0              0         0  0.00000000     -1          2
17            22             23         1  0.26000675      1          0
18            24             25         2  0.21549936      1          0
19             0              0         0  0.00000000     -1          2
20             0              0         0  0.00000000     -1          2
21            26             27         1  0.89588630      1          0
22            28             29         2  0.50403309      1          0
23            30             31         2  0.49931145      1          0
24             0              0         0  0.00000000     -1          2
25            32             33         2  0.27422335      1          0
26            34             35         2  0.72886329      1          0
27             0              0         0  0.00000000     -1          1
28             0              0         0  0.00000000     -1          1
29            36             37         2  0.85586932      1          0
30             0              0         0  0.00000000     -1          1
31            38             39         1  0.37368735      1          0
32             0              0         0  0.00000000     -1          2
33            40             41         2  0.28102014      1          0
34             0              0         0  0.00000000     -1          1
35             0              0         0  0.00000000     -1          1
36             0              0         0  0.00000000     -1          2
37             0              0         0  0.00000000     -1          2
38             0              0         0  0.00000000     -1          2
39             0              0         0  0.00000000     -1          2
40             0              0         0  0.00000000     -1          1
41             0              0         0  0.00000000     -1          2
