   left daughter right daughter split var split point status prediction
1              2              3         2  0.94891860      1          0
2              4              5         1  0.97739828      1          0
3              0              0         0  0.00000000     -1          1
4              6              7         1  0.96098485      1          0
5              0              0         0  0.00000000     -1          2
6              8              9         2  0.94358283      1          0
7              0              0         0  0.00000000     -1          1
8             10             11         1  0.07329305      1          0
9              0              0         0  0.00000000     -1          2
10            12             13         1  0.05043292      1          0
11            14             15         1  0.08550821      1          0
12             0              0         0  0.00000000     -1          1
13             0              0         0  0.00000000     -1          1
14             0              0         0  0.00000000     -1          2
15            16             17         2  0.45146936      1          0
16            18             19         2  0.34991196      1          0
17            20             21         1  0.50913045      1          0
18            22             23         1  0.50186478      1          0
19            24             25         2  0.35359132      1          0
20            26             27         2  0.50120428      1          0
21            28             29         2  0.49982255      1          0
22            30             31         2  0.33840531      1          0
23            32             33         2  0.34274111      1          0
24             0              0         0  0.00000000     -1          2
25             0              0         0  0.00000000     -1          2
26             0              0         0  0.00000000     -1          1
27            34             35         2  0.94046772      1          0
28             0              0         0  0.00000000     -1          2
29            36             37         1  0.75071821      1          0
30            38             39         1  0.25672524      1          0
31             0              0         0  0.00000000     -1          1
32            40             41         2  0.17349993      1          0
33             0              0         0  0.00000000     -1          1
34             0              0         0  0.00000000     -1          2
35             0              0         0  0.00000000     -1          1
36             0              0         0  0.00000000     -1          1
37             0              0         0  0.00000000     -1          1
38             0              0         0  0.00000000     -1          1
39             0              0         0  0.00000000     -1          1
40             0              0         0  0.00000000     -1          2
41             0              0         0  0.00000000     -1          2
