   left daughter right daughter split var split point status prediction
1              2              3         1  0.29481645      1          0
2              4              5         1  0.03773323      1          0
3              6              7         2  0.48928285      1          0
4              0              0         0  0.00000000     -1          2
5              8              9         1  0.08008231      1          0
6             10             11         1  0.49299710      1          0
7             12             13         2  0.56170107      1          0
8              0              0         0  0.00000000     -1          1
9             14             15         2  0.50112586      1          0
10             0              0         0  0.00000000     -1          1
11            16             17         2  0.17135172      1          0
12             0              0         0  0.00000000     -1          2
13            18             19         1  0.49779066      1          0
14            20             21         1  0.25688964      1          0
15            22             23         2  0.85519861      1          0
16             0              0         0  0.00000000     -1          2
17            24             25         1  0.86858280      1          0
18            26             27         2  0.97073939      1          0
19            28             29         2  0.66778748      1          0
20             0              0         0  0.00000000     -1          1
21             0              0         0  0.00000000     -1          1
22             0              0         0  0.00000000     -1          2
23             0              0         0  0.00000000     -1          2
24            30             31         1  0.76464181      1          0
25             0              0         0  0.00000000     -1          2
26            32             33         1  0.39486305      1          0
27             0              0         0  0.00000000     -1          2
28             0              0         0  0.00000000     -1          1
29            34             35         2  0.74100853      1          0
30            36             37         2  0.18260279      1          0
31             0              0         0  0.00000000     -1          2
32             0              0         0  0.00000000     -1          2
33             0              0         0  0.00000000     -1          2
34             0              0         0  0.00000000     -1          1
35            38             39         1  0.89329789      1          0
36             0              0         0  0.00000000     -1          1
37             0              0         0  0.00000000     -1          2
38             0              0         0  0.00000000     -1          1
39             0              0         0  0.00000000     -1          1
