   left daughter right daughter split var split point status prediction
1              2              3         2  0.99069371      1          0
2              4              5         2  0.45719012      1          0
3              0              0         0  0.00000000     -1          2
4              6              7         2  0.32992532      1          0
5              8              9         1  0.50146878      1          0
6             10             11         1  0.49905851      1          0
7             12             13         2  0.36482627      1          0
8             14             15         2  0.50120428      1          0
9             16             17         1  0.98288863      1          0
10            18             19         2  0.08473825      1          0
11            20             21         2  0.32620804      1          0
12             0              0         0  0.00000000     -1          2
13            22             23         2  0.37795688      1          0
14             0              0         0  0.00000000     -1          1
15            24             25         2  0.85710787      1          0
16            26             27         2  0.50086805      1          0
17             0              0         0  0.00000000     -1          2
18             0              0         0  0.00000000     -1          1
19            28             29         1  0.04443177      1          0
20            30             31         2  0.12798858      1          0
21             0              0         0  0.00000000     -1          1
22             0              0         0  0.00000000     -1          1
23             0              0         0  0.00000000     -1          2
24            32             33         2  0.77704121      1          0
25            34             35         2  0.91016561      1          0
26             0              0         0  0.00000000     -1          2
27            36             37         1  0.67348434      1          0
28             0              0         0  0.00000000     -1          1
29            38             39         1  0.18375731      1          0
30             0              0         0  0.00000000     -1          2
31            40             41         1  0.91440101      1          0
32             0              0         0  0.00000000     -1          2
33             0              0         0  0.00000000     -1          2
34             0              0         0  0.00000000     -1          1
35             0              0         0  0.00000000     -1          2
36             0              0         0  0.00000000     -1          1
37             0              0         0  0.00000000     -1          1
38             0              0         0  0.00000000     -1          1
39             0              0         0  0.00000000     -1          1
40             0              0         0  0.00000000     -1          2
41             0              0         0  0.00000000     -1          2
