   left daughter right daughter split var split point status prediction
1              2              3         1 0.978199758      1          0
2              4              5         2 0.008865829      1          0
3              0              0         0 0.000000000     -1          2
4              0              0         0 0.000000000     -1          2
5              6              7         2 0.324058760      1          0
6              8              9         2 0.261861318      1          0
7             10             11         2 0.954795248      1          0
8             12             13         1 0.499515831      1          0
9              0              0         0 0.000000000     -1          1
10            14             15         1 0.509590226      1          0
11             0              0         0 0.000000000     -1          1
12            16             17         1 0.397460160      1          0
13            18             19         2 0.171351722      1          0
14            20             21         2 0.501204277      1          0
15            22             23         1 0.941114279      1          0
16            24             25         1 0.384421445      1          0
17             0              0         0 0.000000000     -1          1
18             0              0         0 0.000000000     -1          2
19             0              0         0 0.000000000     -1          2
20             0              0         0 0.000000000     -1          1
21            26             27         2 0.823794284      1          0
22            28             29         1 0.937899779      1          0
23             0              0         0 0.000000000     -1          1
24            30             31         2 0.232718335      1          0
25             0              0         0 0.000000000     -1          2
26            32             33         2 0.772399896      1          0
27            34             35         1 0.498662268      1          0
28            36             37         1 0.574465297      1          0
29             0              0         0 0.000000000     -1          2
30            38             39         2 0.128179046      1          0
31             0              0         0 0.000000000     -1          1
32            40             41         2 0.769049859      1          0
33             0              0         0 0.000000000     -1          2
34             0              0         0 0.000000000     -1          2
35             0              0         0 0.000000000     -1          1
36             0              0         0 0.000000000     -1          1
37             0              0         0 0.000000000     -1          1
38             0              0         0 0.000000000     -1          1
39             0              0         0 0.000000000     -1          1
40             0              0         0 0.000000000     -1          2
41             0              0         0 0.000000000     -1          1
