   left daughter right daughter split var split point status prediction
1              2              3         1  0.01750193      1          0
2              0              0         0  0.00000000     -1          1
3              4              5         1  0.03773323      1          0
4              0              0         0  0.00000000     -1          2
5              6              7         2  0.05686227      1          0
6              0              0         0  0.00000000     -1          2
7              8              9         2  0.18013140      1          0
8             10             11         1  0.50646026      1          0
9             12             13         2  0.19519888      1          0
10             0              0         0  0.00000000     -1          1
11             0              0         0  0.00000000     -1          2
12             0              0         0  0.00000000     -1          2
13            14             15         1  0.54389881      1          0
14            16             17         1  0.08008231      1          0
15            18             19         1  0.61953708      1          0
16             0              0         0  0.00000000     -1          1
17            20             21         2  0.49767241      1          0
18             0              0         0  0.00000000     -1          1
19            22             23         2  0.50021539      1          0
20            24             25         1  0.50147291      1          0
21            26             27         1  0.49892414      1          0
22            28             29         2  0.47745682      1          0
23            30             31         1  0.75071821      1          0
24            32             33         2  0.38548702      1          0
25             0              0         0  0.00000000     -1          2
26            34             35         1  0.42826683      1          0
27             0              0         0  0.00000000     -1          1
28            36             37         1  0.77091859      1          0
29             0              0         0  0.00000000     -1          2
30             0              0         0  0.00000000     -1          1
31            38             39         1  0.76732568      1          0
32             0              0         0  0.00000000     -1          1
33             0              0         0  0.00000000     -1          1
34            40             41         2  0.85552859      1          0
35             0              0         0  0.00000000     -1          2
36             0              0         0  0.00000000     -1          2
37             0              0         0  0.00000000     -1          2
38             0              0         0  0.00000000     -1          2
39             0              0         0  0.00000000     -1          1
40             0              0         0  0.00000000     -1          2
41             0              0         0  0.00000000     -1          2
