   left daughter right daughter split var split point status prediction
1              2              3         1  0.94029768      1          0
2              4              5         2  0.98771032      1          0
3              6              7         2  0.56281838      1          0
4              8              9         2  0.97923391      1          0
5              0              0         0  0.00000000     -1          1
6             10             11         1  0.98594204      1          0
7              0              0         0  0.00000000     -1          1
8             12             13         1  0.11404135      1          0
9              0              0         0  0.00000000     -1          2
10            14             15         2  0.21070297      1          0
11             0              0         0  0.00000000     -1          2
12            16             17         1  0.10306343      1          0
13            18             19         2  0.29601551      1          0
14             0              0         0  0.00000000     -1          2
15            20             21         2  0.34088946      1          0
16            22             23         2  0.49154228      1          0
17             0              0         0  0.00000000     -1          1
18            24             25         1  0.49794061      1          0
19            26             27         2  0.43755139      1          0
20             0              0         0  0.00000000     -1          1
21             0              0         0  0.00000000     -1          2
22            28             29         1  0.10129367      1          0
23            30             31         2  0.52276182      1          0
24            32             33         1  0.12739409      1          0
25            34             35         2  0.15042519      1          0
26            36             37         1  0.49806313      1          0
27            38             39         1  0.50132911      1          0
28            40             41         2  0.18375913      1          0
29             0              0         0  0.00000000     -1          2
30             0              0         0  0.00000000     -1          2
31            42             43         2  0.53750629      1          0
32             0              0         0  0.00000000     -1          2
33            44             45         2  0.19208979      1          0
34            46             47         2  0.13061772      1          0
35            48             49         2  0.23434628      1          0
36            50             51         2  0.36528345      1          0
37            52             53         1  0.89317251      1          0
38            54             55         1  0.47773724      1          0
39            56             57         2  0.50341855      1          0
40             0              0         0  0.00000000     -1          1
41            58             59         2  0.19089519      1          0
42             0              0         0  0.00000000     -1          1
43            60             61         2  0.74372689      1          0
44            62             63         2  0.05957115      1          0
45             0              0         0  0.00000000     -1          1
46             0              0         0  0.00000000     -1          2
47             0              0         0  0.00000000     -1          1
48             0              0         0  0.00000000     -1          2
49             0              0         0  0.00000000     -1          2
50             0              0         0  0.00000000     -1          1
51             0              0         0  0.00000000     -1          1
52             0              0         0  0.00000000     -1          2
53             0              0         0  0.00000000     -1          1
54             0              0         0  0.00000000     -1          2
55             0              0         0  0.00000000     -1          2
56             0              0         0  0.00000000     -1          2
57             0              0         0  0.00000000     -1          1
58             0              0         0  0.00000000     -1          2
59             0              0         0  0.00000000     -1          1
60             0              0         0  0.00000000     -1          2
61             0              0         0  0.00000000     -1          1
62             0              0         0  0.00000000     -1          1
63             0              0         0  0.00000000     -1          1
