   left daughter right daughter split var split point status prediction
1              2              3         2  0.64668799      1          0
2              4              5         2  0.61349268      1          0
3              6              7         2  0.65836343      1          0
4              8              9         2  0.61182542      1          0
5             10             11         2  0.63612650      1          0
6             12             13         2  0.65345479      1          0
7             14             15         2  0.67399641      1          0
8             16             17         1  0.49454184      1          0
9              0              0         0  0.00000000     -1          2
10             0              0         0  0.00000000     -1          1
11             0              0         0  0.00000000     -1          1
12             0              0         0  0.00000000     -1          2
13             0              0         0  0.00000000     -1          2
14            18             19         2  0.66288211      1          0
15            20             21         1  0.50132911      1          0
16            22             23         1  0.25291351      1          0
17            24             25         2  0.50125842      1          0
18             0              0         0  0.00000000     -1          2
19             0              0         0  0.00000000     -1          1
20            26             27         2  0.96119115      1          0
21            28             29         2  0.72903538      1          0
22            30             31         1  0.05748725      1          0
23            32             33         1  0.25527202      1          0
24            34             35         2  0.44216845      1          0
25            36             37         2  0.57261168      1          0
26            38             39         2  0.75816836      1          0
27            40             41         1  0.11359247      1          0
28            42             43         2  0.70963779      1          0
29            44             45         1  0.96159291      1          0
30            46             47         2  0.48981772      1          0
31            48             49         2  0.49463845      1          0
32             0              0         0  0.00000000     -1          2
33            50             51         2  0.49984510      1          0
34            52             53         1  0.90982198      1          0
35             0              0         0  0.00000000     -1          2
36            54             55         2  0.54701790      1          0
37             0              0         0  0.00000000     -1          1
38             0              0         0  0.00000000     -1          2
39            56             57         2  0.76187503      1          0
40             0              0         0  0.00000000     -1          1
41            58             59         2  0.97370070      1          0
42            60             61         1  0.67666092      1          0
43             0              0         0  0.00000000     -1          2
44            62             63         2  0.93486530      1          0
45             0              0         0  0.00000000     -1          2
46             0              0         0  0.00000000     -1          1
47             0              0         0  0.00000000     -1          2
48             0              0         0  0.00000000     -1          1
49             0              0         0  0.00000000     -1          2
50             0              0         0  0.00000000     -1          1
51             0              0         0  0.00000000     -1          2
52             0              0         0  0.00000000     -1          2
53             0              0         0  0.00000000     -1          2
54             0              0         0  0.00000000     -1          1
55             0              0         0  0.00000000     -1          1
56             0              0         0  0.00000000     -1          1
57             0              0         0  0.00000000     -1          2
58             0              0         0  0.00000000     -1          2
59             0              0         0  0.00000000     -1          2
60             0              0         0  0.00000000     -1          1
61             0              0         0  0.00000000     -1          1
62             0              0         0  0.00000000     -1          1
63             0              0         0  0.00000000     -1          1
