   left daughter right daughter split var split point status prediction
1              2              3         2 0.965182860      1          0
2              4              5         2 0.029398385      1          0
3              6              7         1 0.489237826      1          0
4              8              9         2 0.018162370      1          0
5             10             11         1 0.995457297      1          0
6              0              0         0 0.000000000     -1          2
7              0              0         0 0.000000000     -1          1
8              0              0         0 0.000000000     -1          1
9              0              0         0 0.000000000     -1          2
10            12             13         2 0.053468584      1          0
11             0              0         0 0.000000000     -1          2
12            14             15         2 0.038954991      1          0
13            16             17         2 0.056679122      1          0
14             0              0         0 0.000000000     -1          1
15             0              0         0 0.000000000     -1          1
16             0              0         0 0.000000000     -1          2
17            18             19         1 0.005065433      1          0
18             0              0         0 0.000000000     -1          1
19            20             21         2 0.959335585      1          0
20            22             23         1 0.015556242      1          0
21             0              0         0 0.000000000     -1          2
22             0              0         0 0.000000000     -1          2
23            24             25         2 0.296015515      1          0
24            26             27         2 0.259452974      1          0
25            28             29         2 0.331984876      1          0
26            30             31         1 0.546417333      1          0
27            32             33         2 0.274128729      1          0
28            34             35         1 0.564852441      1          0
29            36             37         2 0.337087864      1          0
30            38             39         2 0.183975663      1          0
31            40             41         2 0.235483512      1          0
32            42             43         2 0.272052685      1          0
33            44             45         1 0.381173214      1          0
34             0              0         0 0.000000000     -1          1
35             0              0         0 0.000000000     -1          2
36             0              0         0 0.000000000     -1          2
37            46             47         2 0.338019380      1          0
38            48             49         2 0.058781620      1          0
39            50             51         1 0.057395822      1          0
40            52             53         1 0.977905765      1          0
41             0              0         0 0.000000000     -1          2
42             0              0         0 0.000000000     -1          2
43             0              0         0 0.000000000     -1          1
44             0              0         0 0.000000000     -1          1
45             0              0         0 0.000000000     -1          2
46             0              0         0 0.000000000     -1          1
47            54             55         1 0.517323971      1          0
48             0              0         0 0.000000000     -1          1
49            56             57         1 0.267303203      1          0
50             0              0         0 0.000000000     -1          2
51            58             59         1 0.137089498      1          0
52            60             61         1 0.874972744      1          0
53             0              0         0 0.000000000     -1          2
54            62             63         2 0.502142877      1          0
55             0              0         0 0.000000000     -1          1
56             0              0         0 0.000000000     -1          1
57             0              0         0 0.000000000     -1          1
58             0              0         0 0.000000000     -1          1
59             0              0         0 0.000000000     -1          1
60             0              0         0 0.000000000     -1          2
61             0              0         0 0.000000000     -1          2
62             0              0         0 0.000000000     -1          1
63             0              0         0 0.000000000     -1          2
