   left daughter right daughter split var split point status prediction
1              2              3         2 0.083334565      1          0
2              4              5         1 0.547703295      1          0
3              6              7         1 0.005050286      1          0
4              8              9         1 0.164236386      1          0
5             10             11         2 0.038954991      1          0
6              0              0         0 0.000000000     -1          1
7             12             13         1 0.057487250      1          0
8              0              0         0 0.000000000     -1          1
9              0              0         0 0.000000000     -1          1
10             0              0         0 0.000000000     -1          2
11             0              0         0 0.000000000     -1          2
12            14             15         2 0.499246112      1          0
13            16             17         1 0.517535800      1          0
14             0              0         0 0.000000000     -1          1
15             0              0         0 0.000000000     -1          2
16            18             19         1 0.114041349      1          0
17            20             21         1 0.733266672      1          0
18            22             23         2 0.525376773      1          0
19            24             25         1 0.511214219      1          0
20            26             27         1 0.687264807      1          0
21            28             29         1 0.775718311      1          0
22            30             31         1 0.071014306      1          0
23            32             33         1 0.074082601      1          0
24            34             35         2 0.503640641      1          0
25             0              0         0 0.000000000     -1          2
26            36             37         2 0.510785598      1          0
27            38             39         2 0.432650472      1          0
28            40             41         2 0.495882369      1          0
29            42             43         2 0.488108796      1          0
30             0              0         0 0.000000000     -1          1
31            44             45         1 0.075480494      1          0
32             0              0         0 0.000000000     -1          2
33             0              0         0 0.000000000     -1          2
34            46             47         1 0.499123765      1          0
35            48             49         2 0.620631823      1          0
36            50             51         1 0.545778048      1          0
37            52             53         1 0.567100121      1          0
38             0              0         0 0.000000000     -1          2
39            54             55         2 0.492924539      1          0
40            56             57         1 0.737258081      1          0
41             0              0         0 0.000000000     -1          1
42            58             59         1 0.776796412      1          0
43            60             61         1 0.862352342      1          0
44             0              0         0 0.000000000     -1          2
45            62             63         2 0.207972812      1          0
46             0              0         0 0.000000000     -1          1
47             0              0         0 0.000000000     -1          2
48             0              0         0 0.000000000     -1          2
49             0              0         0 0.000000000     -1          2
50             0              0         0 0.000000000     -1          2
51             0              0         0 0.000000000     -1          2
52             0              0         0 0.000000000     -1          1
53             0              0         0 0.000000000     -1          1
54             0              0         0 0.000000000     -1          1
55             0              0         0 0.000000000     -1          1
56             0              0         0 0.000000000     -1          1
57             0              0         0 0.000000000     -1          2
58             0              0         0 0.000000000     -1          1
59             0              0         0 0.000000000     -1          2
60             0              0         0 0.000000000     -1          1
61             0              0         0 0.000000000     -1          1
62             0              0         0 0.000000000     -1          1
63             0              0         0 0.000000000     -1          1
