   left daughter right daughter split var split point status prediction
1              2              3         1  0.03376942      1          0
2              4              5         2  0.48981772      1          0
3              6              7         2  0.01672375      1          0
4              0              0         0  0.00000000     -1          1
5              0              0         0  0.00000000     -1          2
6              0              0         0  0.00000000     -1          1
7              8              9         1  0.10159576      1          0
8             10             11         2  0.47851582      1          0
9             12             13         1  0.47451984      1          0
10            14             15         2  0.19488742      1          0
11            16             17         1  0.08014569      1          0
12            18             19         1  0.22947692      1          0
13            20             21         2  0.50096056      1          0
14             0              0         0  0.00000000     -1          1
15             0              0         0  0.00000000     -1          1
16            22             23         2  0.54228942      1          0
17             0              0         0  0.00000000     -1          1
18            24             25         2  0.49742516      1          0
19            26             27         2  0.49162833      1          0
20            28             29         1  0.54616800      1          0
21            30             31         1  0.50010798      1          0
22             0              0         0  0.00000000     -1          2
23             0              0         0  0.00000000     -1          2
24            32             33         2  0.44047668      1          0
25            34             35         1  0.13352632      1          0
26            36             37         2  0.30166692      1          0
27            38             39         1  0.31611205      1          0
28            40             41         1  0.50456390      1          0
29            42             43         2  0.23434628      1          0
30             0              0         0  0.00000000     -1          2
31            44             45         2  0.85476330      1          0
32            46             47         1  0.12416696      1          0
33             0              0         0  0.00000000     -1          1
34             0              0         0  0.00000000     -1          2
35            48             49         1  0.13561576      1          0
36            50             51         2  0.14509338      1          0
37            52             53         2  0.31043862      1          0
38             0              0         0  0.00000000     -1          2
39            54             55         2  0.49785999      1          0
40             0              0         0  0.00000000     -1          1
41            56             57         2  0.18722949      1          0
42            58             59         2  0.14229256      1          0
43            60             61         2  0.23658252      1          0
44            62             63         2  0.68246290      1          0
45             0              0         0  0.00000000     -1          1
46             0              0         0  0.00000000     -1          1
47             0              0         0  0.00000000     -1          1
48             0              0         0  0.00000000     -1          1
49             0              0         0  0.00000000     -1          2
50             0              0         0  0.00000000     -1          1
51             0              0         0  0.00000000     -1          1
52             0              0         0  0.00000000     -1          2
53             0              0         0  0.00000000     -1          1
54             0              0         0  0.00000000     -1          2
55             0              0         0  0.00000000     -1          2
56             0              0         0  0.00000000     -1          1
57             0              0         0  0.00000000     -1          2
58             0              0         0  0.00000000     -1          2
59             0              0         0  0.00000000     -1          2
60             0              0         0  0.00000000     -1          1
61             0              0         0  0.00000000     -1          2
62             0              0         0  0.00000000     -1          1
63             0              0         0  0.00000000     -1          1
