   left daughter right daughter split var split point status prediction
1              2              3         2 0.016723747      1          0
2              0              0         0 0.000000000     -1          1
3              4              5         1 0.879549105      1          0
4              6              7         2 0.646687991      1          0
5              8              9         2 0.488108796      1          0
6             10             11         2 0.027247681      1          0
7             12             13         2 0.662882107      1          0
8             14             15         1 0.909821982      1          0
9             16             17         2 0.854189855      1          0
10             0              0         0 0.000000000     -1          2
11            18             19         1 0.553542627      1          0
12            20             21         2 0.648587752      1          0
13            22             23         1 0.498421388      1          0
14             0              0         0 0.000000000     -1          2
15            24             25         1 0.912824431      1          0
16            26             27         2 0.638390043      1          0
17             0              0         0 0.000000000     -1          1
18            28             29         2 0.499258077      1          0
19            30             31         2 0.499167852      1          0
20             0              0         0 0.000000000     -1          2
21             0              0         0 0.000000000     -1          2
22            32             33         2 0.667310421      1          0
23            34             35         1 0.582920040      1          0
24             0              0         0 0.000000000     -1          1
25            36             37         2 0.338369693      1          0
26            38             39         1 0.923004267      1          0
27             0              0         0 0.000000000     -1          1
28            40             41         1 0.499123765      1          0
29            42             43         1 0.512044778      1          0
30            44             45         1 0.859432216      1          0
31             0              0         0 0.000000000     -1          1
32             0              0         0 0.000000000     -1          1
33            46             47         1 0.004070566      1          0
34             0              0         0 0.000000000     -1          1
35            48             49         2 0.736817389      1          0
36             0              0         0 0.000000000     -1          2
37            50             51         1 0.980117547      1          0
38             0              0         0 0.000000000     -1          1
39             0              0         0 0.000000000     -1          1
40            52             53         2 0.491714819      1          0
41            54             55         2 0.183397132      1          0
42            56             57         1 0.101608961      1          0
43             0              0         0 0.000000000     -1          1
44            58             59         1 0.660154893      1          0
45             0              0         0 0.000000000     -1          2
46             0              0         0 0.000000000     -1          1
47            60             61         2 0.961191147      1          0
48            62             63         1 0.854236039      1          0
49             0              0         0 0.000000000     -1          1
50             0              0         0 0.000000000     -1          2
51             0              0         0 0.000000000     -1          2
52             0              0         0 0.000000000     -1          1
53             0              0         0 0.000000000     -1          1
54             0              0         0 0.000000000     -1          1
55             0              0         0 0.000000000     -1          2
56             0              0         0 0.000000000     -1          2
57             0              0         0 0.000000000     -1          2
58             0              0         0 0.000000000     -1          2
59             0              0         0 0.000000000     -1          2
60             0              0         0 0.000000000     -1          2
61             0              0         0 0.000000000     -1          2
62             0              0         0 0.000000000     -1          1
63             0              0         0 0.000000000     -1          2
