   left daughter right daughter split var split point status prediction
1              2              3         2 0.010097257      1          0
2              0              0         0 0.000000000     -1          1
3              4              5         1 0.264693234      1          0
4              6              7         2 0.499104661      1          0
5              8              9         1 0.388142589      1          0
6             10             11         2 0.154375235      1          0
7             12             13         1 0.005699373      1          0
8             14             15         2 0.497859986      1          0
9             16             17         1 0.873093112      1          0
10            18             19         2 0.146860375      1          0
11            20             21         2 0.389445332      1          0
12             0              0         0 0.000000000     -1          1
13            22             23         2 0.961016026      1          0
14            24             25         1 0.270643528      1          0
15            26             27         1 0.325696956      1          0
16            28             29         1 0.394905480      1          0
17            30             31         2 0.483193032      1          0
18            32             33         1 0.164236386      1          0
19             0              0         0 0.000000000     -1          2
20            34             35         2 0.342063510      1          0
21            36             37         1 0.047329946      1          0
22            38             39         2 0.853194362      1          0
23             0              0         0 0.000000000     -1          2
24             0              0         0 0.000000000     -1          2
25            40             41         2 0.365283446      1          0
26            42             43         1 0.314906538      1          0
27             0              0         0 0.000000000     -1          2
28             0              0         0 0.000000000     -1          1
29            44             45         1 0.408144917      1          0
30            46             47         1 0.923301249      1          0
31            48             49         2 0.963126031      1          0
32            50             51         1 0.155255463      1          0
33             0              0         0 0.000000000     -1          1
34            52             53         1 0.102466119      1          0
35            54             55         1 0.111399175      1          0
36             0              0         0 0.000000000     -1          2
37            56             57         1 0.201750215      1          0
38            58             59         2 0.841849251      1          0
39             0              0         0 0.000000000     -1          2
40             0              0         0 0.000000000     -1          1
41            60             61         2 0.378171369      1          0
42            62             63         2 0.702466609      1          0
43             0              0         0 0.000000000     -1          1
44             0              0         0 0.000000000     -1          2
45             0              0         0 0.000000000     -1          1
46             0              0         0 0.000000000     -1          2
47             0              0         0 0.000000000     -1          2
48             0              0         0 0.000000000     -1          1
49             0              0         0 0.000000000     -1          2
50             0              0         0 0.000000000     -1          1
51             0              0         0 0.000000000     -1          2
52             0              0         0 0.000000000     -1          1
53             0              0         0 0.000000000     -1          1
54             0              0         0 0.000000000     -1          1
55             0              0         0 0.000000000     -1          1
56             0              0         0 0.000000000     -1          1
57             0              0         0 0.000000000     -1          1
58             0              0         0 0.000000000     -1          2
59             0              0         0 0.000000000     -1          1
60             0              0         0 0.000000000     -1          2
61             0              0         0 0.000000000     -1          1
62             0              0         0 0.000000000     -1          2
63             0              0         0 0.000000000     -1          2
