   left daughter right daughter split var split point status prediction
1              2              3         2 0.982296774      1          0
2              4              5         1 0.940730651      1          0
3              0              0         0 0.000000000     -1          1
4              6              7         2 0.143430595      1          0
5              8              9         2 0.495438370      1          0
6             10             11         1 0.497940607      1          0
7             12             13         2 0.210828726      1          0
8             14             15         2 0.319702568      1          0
9             16             17         2 0.849882047      1          0
10            18             19         2 0.091802506      1          0
11            20             21         2 0.069614488      1          0
12            22             23         1 0.500902426      1          0
13            24             25         1 0.517323971      1          0
14             0              0         0 0.000000000     -1          2
15             0              0         0 0.000000000     -1          2
16             0              0         0 0.000000000     -1          1
17             0              0         0 0.000000000     -1          2
18             0              0         0 0.000000000     -1          1
19            26             27         1 0.260261952      1          0
20            28             29         1 0.909821982      1          0
21             0              0         0 0.000000000     -1          2
22            30             31         1 0.104956945      1          0
23            32             33         2 0.153038003      1          0
24            34             35         2 0.500818768      1          0
25            36             37         2 0.500960562      1          0
26             0              0         0 0.000000000     -1          1
27             0              0         0 0.000000000     -1          1
28            38             39         1 0.865106701      1          0
29             0              0         0 0.000000000     -1          2
30             0              0         0 0.000000000     -1          2
31             0              0         0 0.000000000     -1          1
32             0              0         0 0.000000000     -1          2
33             0              0         0 0.000000000     -1          2
34            40             41         2 0.356419775      1          0
35            42             43         1 0.004543806      1          0
36            44             45         2 0.349313534      1          0
37            46             47         2 0.938715742      1          0
38             0              0         0 0.000000000     -1          2
39             0              0         0 0.000000000     -1          2
40            48             49         2 0.269180080      1          0
41            50             51         2 0.372154866      1          0
42             0              0         0 0.000000000     -1          1
43            52             53         2 0.755806173      1          0
44            54             55         1 0.606148935      1          0
45             0              0         0 0.000000000     -1          2
46            56             57         1 0.638646650      1          0
47            58             59         1 0.788896258      1          0
48             0              0         0 0.000000000     -1          1
49            60             61         2 0.271523663      1          0
50             0              0         0 0.000000000     -1          2
51            62             63         2 0.489714799      1          0
52             0              0         0 0.000000000     -1          2
53             0              0         0 0.000000000     -1          2
54             0              0         0 0.000000000     -1          2
55             0              0         0 0.000000000     -1          2
56             0              0         0 0.000000000     -1          1
57             0              0         0 0.000000000     -1          1
58             0              0         0 0.000000000     -1          1
59             0              0         0 0.000000000     -1          1
60             0              0         0 0.000000000     -1          2
61             0              0         0 0.000000000     -1          1
62             0              0         0 0.000000000     -1          1
63             0              0         0 0.000000000     -1          1
