   left daughter right daughter split var split point status prediction
1              2              3         1 0.005523526      1          0
2              0              0         0 0.000000000     -1          1
3              4              5         2 0.650295486      1          0
4              6              7         2 0.589685989      1          0
5              8              9         1 0.502493503      1          0
6             10             11         1 0.499123765      1          0
7             12             13         2 0.597442616      1          0
8             14             15         2 0.908948479      1          0
9             16             17         2 0.729035381      1          0
10            18             19         2 0.491714819      1          0
11            20             21         1 0.533777564      1          0
12             0              0         0 0.000000000     -1          1
13            22             23         1 0.500759317      1          0
14            24             25         2 0.761146188      1          0
15            26             27         2 0.910153209      1          0
16            28             29         1 0.877802149      1          0
17            30             31         1 0.541794275      1          0
18            32             33         1 0.149977067      1          0
19            34             35         2 0.525114113      1          0
20             0              0         0 0.000000000     -1          2
21            36             37         1 0.552640205      1          0
22            38             39         1 0.140615357      1          0
23            40             41         1 0.562174203      1          0
24            42             43         1 0.277699742      1          0
25            44             45         1 0.371413027      1          0
26             0              0         0 0.000000000     -1          1
27            46             47         1 0.166747388      1          0
28            48             49         2 0.697110219      1          0
29             0              0         0 0.000000000     -1          1
30             0              0         0 0.000000000     -1          1
31            50             51         2 0.905665545      1          0
32            52             53         2 0.200697377      1          0
33            54             55         1 0.229433236      1          0
34            56             57         2 0.523692428      1          0
35            58             59         2 0.536568958      1          0
36             0              0         0 0.000000000     -1          1
37            60             61         2 0.499167852      1          0
38             0              0         0 0.000000000     -1          1
39            62             63         1 0.428592458      1          0
40             0              0         0 0.000000000     -1          1
41             0              0         0 0.000000000     -1          1
42             0              0         0 0.000000000     -1          2
43             0              0         0 0.000000000     -1          2
44             0              0         0 0.000000000     -1          2
45             0              0         0 0.000000000     -1          2
46             0              0         0 0.000000000     -1          2
47             0              0         0 0.000000000     -1          2
48             0              0         0 0.000000000     -1          1
49             0              0         0 0.000000000     -1          2
50             0              0         0 0.000000000     -1          1
51             0              0         0 0.000000000     -1          1
52             0              0         0 0.000000000     -1          1
53             0              0         0 0.000000000     -1          1
54             0              0         0 0.000000000     -1          1
55             0              0         0 0.000000000     -1          1
56             0              0         0 0.000000000     -1          2
57             0              0         0 0.000000000     -1          1
58             0              0         0 0.000000000     -1          2
59             0              0         0 0.000000000     -1          2
60             0              0         0 0.000000000     -1          2
61             0              0         0 0.000000000     -1          1
62             0              0         0 0.000000000     -1          2
63             0              0         0 0.000000000     -1          2
