   left daughter right daughter split var split point status prediction
1              2              3         2 0.027247681      1          0
2              4              5         1 0.527836213      1          0
3              6              7         1 0.963722545      1          0
4              0              0         0 0.000000000     -1          1
5              0              0         0 0.000000000     -1          2
6              8              9         2 0.537902876      1          0
7             10             11         2 0.483586349      1          0
8             12             13         1 0.514152431      1          0
9             14             15         1 0.501735469      1          0
10            16             17         1 0.980863975      1          0
11             0              0         0 0.000000000     -1          1
12            18             19         1 0.457676483      1          0
13            20             21         2 0.500960562      1          0
14            22             23         1 0.161315134      1          0
15            24             25         2 0.623655197      1          0
16             0              0         0 0.000000000     -1          2
17             0              0         0 0.000000000     -1          2
18            26             27         1 0.452119827      1          0
19            28             29         1 0.499123765      1          0
20            30             31         2 0.236582517      1          0
21             0              0         0 0.000000000     -1          1
22            32             33         1 0.149353244      1          0
23            34             35         2 0.839617037      1          0
24             0              0         0 0.000000000     -1          1
25            36             37         1 0.567100121      1          0
26            38             39         2 0.497859986      1          0
27             0              0         0 0.000000000     -1          2
28             0              0         0 0.000000000     -1          1
29             0              0         0 0.000000000     -1          1
30            40             41         2 0.234346285      1          0
31            42             43         2 0.442841485      1          0
32            44             45         1 0.004543806      1          0
33             0              0         0 0.000000000     -1          1
34            46             47         1 0.428959223      1          0
35            48             49         1 0.399875231      1          0
36            50             51         1 0.540183855      1          0
37            52             53         1 0.927057969      1          0
38            54             55         2 0.148503928      1          0
39            56             57         1 0.099785581      1          0
40            58             59         1 0.546088696      1          0
41             0              0         0 0.000000000     -1          1
42            60             61         2 0.436683139      1          0
43             0              0         0 0.000000000     -1          2
44             0              0         0 0.000000000     -1          1
45            62             63         2 0.746115601      1          0
46             0              0         0 0.000000000     -1          2
47             0              0         0 0.000000000     -1          2
48             0              0         0 0.000000000     -1          2
49             0              0         0 0.000000000     -1          2
50             0              0         0 0.000000000     -1          1
51             0              0         0 0.000000000     -1          2
52             0              0         0 0.000000000     -1          1
53             0              0         0 0.000000000     -1          1
54             0              0         0 0.000000000     -1          1
55             0              0         0 0.000000000     -1          1
56             0              0         0 0.000000000     -1          1
57             0              0         0 0.000000000     -1          2
58             0              0         0 0.000000000     -1          1
59             0              0         0 0.000000000     -1          2
60             0              0         0 0.000000000     -1          2
61             0              0         0 0.000000000     -1          1
62             0              0         0 0.000000000     -1          2
63             0              0         0 0.000000000     -1          2
