   left daughter right daughter split var split point status prediction
1              2              3         1  0.94313564      1          0
2              4              5         1  0.93407925      1          0
3              6              7         2  0.49671412      1          0
4              8              9         2  0.14771921      1          0
5              0              0         0  0.00000000     -1          1
6             10             11         2  0.32249560      1          0
7              0              0         0  0.00000000     -1          1
8             12             13         1  0.54359310      1          0
9             14             15         2  0.15267437      1          0
10             0              0         0  0.00000000     -1          2
11             0              0         0  0.00000000     -1          2
12            16             17         2  0.05789584      1          0
13            18             19         2  0.10298915      1          0
14             0              0         0  0.00000000     -1          2
15            20             21         1  0.58942287      1          0
16             0              0         0  0.00000000     -1          1
17            22             23         1  0.27848818      1          0
18            24             25         2  0.05969969      1          0
19            26             27         1  0.73291897      1          0
20            28             29         1  0.22726991      1          0
21            30             31         2  0.50022588      1          0
22            32             33         2  0.05878162      1          0
23             0              0         0  0.00000000     -1          1
24             0              0         0  0.00000000     -1          2
25            34             35         1  0.90452985      1          0
26             0              0         0  0.00000000     -1          2
27             0              0         0  0.00000000     -1          1
28            36             37         2  0.49910466      1          0
29            38             39         1  0.31483240      1          0
30            40             41         1  0.60102479      1          0
31            42             43         1  0.92736659      1          0
32             0              0         0  0.00000000     -1          2
33            44             45         2  0.09346391      1          0
34            46             47         1  0.87276568      1          0
35             0              0         0  0.00000000     -1          1
36            48             49         2  0.18603300      1          0
37            50             51         2  0.96101603      1          0
38            52             53         2  0.49468913      1          0
39            54             55         2  0.40767907      1          0
40             0              0         0  0.00000000     -1          1
41            56             57         1  0.90053584      1          0
42            58             59         2  0.69711022      1          0
43             0              0         0  0.00000000     -1          2
44             0              0         0  0.00000000     -1          1
45             0              0         0  0.00000000     -1          1
46             0              0         0  0.00000000     -1          2
47             0              0         0  0.00000000     -1          2
48             0              0         0  0.00000000     -1          1
49            60             61         1  0.05951145      1          0
50            62             63         2  0.80503558      1          0
51             0              0         0  0.00000000     -1          1
52             0              0         0  0.00000000     -1          1
53             0              0         0  0.00000000     -1          2
54             0              0         0  0.00000000     -1          1
55             0              0         0  0.00000000     -1          2
56             0              0         0  0.00000000     -1          2
57             0              0         0  0.00000000     -1          2
58             0              0         0  0.00000000     -1          1
59             0              0         0  0.00000000     -1          1
60             0              0         0  0.00000000     -1          1
61             0              0         0  0.00000000     -1          1
62             0              0         0  0.00000000     -1          2
63             0              0         0  0.00000000     -1          2
