   left daughter right daughter split var split point status prediction
1              2              3         1  0.94073065      1          0
2              4              5         2  0.64296935      1          0
3              6              7         2  0.49671412      1          0
4              8              9         1  0.49581679      1          0
5             10             11         1  0.49302176      1          0
6             12             13         2  0.34088946      1          0
7             14             15         2  0.84988205      1          0
8             16             17         2  0.49984510      1          0
9             18             19         2  0.49944945      1          0
10            20             21         2  0.91384275      1          0
11            22             23         2  0.65746263      1          0
12            24             25         1  0.97790577      1          0
13             0              0         0  0.00000000     -1          2
14             0              0         0  0.00000000     -1          1
15             0              0         0  0.00000000     -1          2
16            26             27         1  0.05805378      1          0
17            28             29         1  0.03697512      1          0
18            30             31         1  0.54616800      1          0
19            32             33         1  0.51266441      1          0
20            34             35         2  0.78101938      1          0
21            36             37         2  0.92895045      1          0
22             0              0         0  0.00000000     -1          2
23            38             39         2  0.68198970      1          0
24             0              0         0  0.00000000     -1          2
25             0              0         0  0.00000000     -1          2
26            40             41         2  0.20313136      1          0
27            42             43         1  0.33162530      1          0
28             0              0         0  0.00000000     -1          2
29            44             45         2  0.62223915      1          0
30            46             47         2  0.18722949      1          0
31            48             49         1  0.82806571      1          0
32             0              0         0  0.00000000     -1          2
33            50             51         2  0.62365520      1          0
34            52             53         2  0.77752896      1          0
35             0              0         0  0.00000000     -1          2
36             0              0         0  0.00000000     -1          1
37            54             55         2  0.96119115      1          0
38             0              0         0  0.00000000     -1          1
39            56             57         2  0.68417745      1          0
40             0              0         0  0.00000000     -1          1
41             0              0         0  0.00000000     -1          2
42            58             59         2  0.09580704      1          0
43            60             61         2  0.48971480      1          0
44             0              0         0  0.00000000     -1          2
45             0              0         0  0.00000000     -1          2
46             0              0         0  0.00000000     -1          1
47             0              0         0  0.00000000     -1          2
48            62             63         1  0.60127656      1          0
49             0              0         0  0.00000000     -1          2
50             0              0         0  0.00000000     -1          1
51             0              0         0  0.00000000     -1          1
52             0              0         0  0.00000000     -1          2
53             0              0         0  0.00000000     -1          1
54             0              0         0  0.00000000     -1          2
55             0              0         0  0.00000000     -1          2
56             0              0         0  0.00000000     -1          2
57             0              0         0  0.00000000     -1          1
58             0              0         0  0.00000000     -1          1
59             0              0         0  0.00000000     -1          1
60             0              0         0  0.00000000     -1          1
61             0              0         0  0.00000000     -1          2
62             0              0         0  0.00000000     -1          2
63             0              0         0  0.00000000     -1          2
