   left daughter right daughter split var split point status prediction
1              2              3         2  0.12999241      1          0
2              4              5         2  0.06961449      1          0
3              6              7         2  0.14226022      1          0
4              8              9         1  0.51676413      1          0
5             10             11         2  0.08107276      1          0
6              0              0         0  0.00000000     -1          1
7             12             13         2  0.15860320      1          0
8              0              0         0  0.00000000     -1          1
9             14             15         1  0.86510670      1          0
10             0              0         0  0.00000000     -1          2
11            16             17         1  0.49302940      1          0
12             0              0         0  0.00000000     -1          2
13            18             19         2  0.17653685      1          0
14             0              0         0  0.00000000     -1          2
15             0              0         0  0.00000000     -1          2
16             0              0         0  0.00000000     -1          1
17            20             21         1  0.53269946      1          0
18             0              0         0  0.00000000     -1          1
19            22             23         1  0.47071111      1          0
20             0              0         0  0.00000000     -1          2
21            24             25         2  0.11119129      1          0
22            26             27         1  0.45031464      1          0
23            28             29         1  0.84439862      1          0
24             0              0         0  0.00000000     -1          2
25             0              0         0  0.00000000     -1          2
26            30             31         2  0.50042877      1          0
27             0              0         0  0.00000000     -1          2
28            32             33         1  0.82682863      1          0
29            34             35         1  0.85943222      1          0
30            36             37         2  0.20723499      1          0
31            38             39         1  0.10095697      1          0
32            40             41         2  0.50096056      1          0
33             0              0         0  0.00000000     -1          1
34             0              0         0  0.00000000     -1          2
35            42             43         1  0.99796421      1          0
36             0              0         0  0.00000000     -1          1
37            44             45         2  0.36528345      1          0
38            46             47         1  0.09286879      1          0
39            48             49         2  0.90894848      1          0
40            50             51         1  0.49658899      1          0
41            52             53         2  0.82434587      1          0
42            54             55         1  0.86235234      1          0
43             0              0         0  0.00000000     -1          2
44            56             57         1  0.13117741      1          0
45            58             59         2  0.36997892      1          0
46            60             61         1  0.03321894      1          0
47             0              0         0  0.00000000     -1          1
48            62             63         1  0.42005540      1          0
49             0              0         0  0.00000000     -1          2
50             0              0         0  0.00000000     -1          1
51             0              0         0  0.00000000     -1          2
52             0              0         0  0.00000000     -1          1
53             0              0         0  0.00000000     -1          1
54             0              0         0  0.00000000     -1          1
55             0              0         0  0.00000000     -1          1
56             0              0         0  0.00000000     -1          1
57             0              0         0  0.00000000     -1          1
58             0              0         0  0.00000000     -1          2
59             0              0         0  0.00000000     -1          1
60             0              0         0  0.00000000     -1          2
61             0              0         0  0.00000000     -1          2
62             0              0         0  0.00000000     -1          2
63             0              0         0  0.00000000     -1          2
