   left daughter right daughter split var split point status prediction
1              2              3         2 0.436626765      1          0
2              4              5         2 0.315011749      1          0
3              6              7         1 0.503937679      1          0
4              8              9         1 0.493029399      1          0
5             10             11         2 0.326374709      1          0
6             12             13         1 0.344756907      1          0
7             14             15         2 0.504121641      1          0
8             16             17         2 0.306337391      1          0
9             18             19         2 0.295471577      1          0
10             0              0         0 0.000000000     -1          1
11            20             21         1 0.491334402      1          0
12            22             23         2 0.497122902      1          0
13            24             25         1 0.449592318      1          0
14            26             27         1 0.685689464      1          0
15            28             29         1 0.588356325      1          0
16            30             31         2 0.264076289      1          0
17             0              0         0 0.000000000     -1          1
18            32             33         1 0.546168003      1          0
19             0              0         0 0.000000000     -1          2
20            34             35         2 0.359378552      1          0
21            36             37         1 0.668324365      1          0
22            38             39         1 0.138726151      1          0
23            40             41         1 0.004070566      1          0
24            42             43         2 0.499845103      1          0
25            44             45         2 0.919502340      1          0
26             0              0         0 0.000000000     -1          2
27            46             47         2 0.442168452      1          0
28            48             49         1 0.561322438      1          0
29            50             51         1 0.963722545      1          0
30            52             53         2 0.093277046      1          0
31             0              0         0 0.000000000     -1          1
32             0              0         0 0.000000000     -1          2
33            54             55         2 0.142162230      1          0
34             0              0         0 0.000000000     -1          1
35            56             57         2 0.372625498      1          0
36            58             59         1 0.640394171      1          0
37            60             61         2 0.397248836      1          0
38             0              0         0 0.000000000     -1          1
39             0              0         0 0.000000000     -1          1
40             0              0         0 0.000000000     -1          1
41            62             63         2 0.961191147      1          0
42             0              0         0 0.000000000     -1          1
43             0              0         0 0.000000000     -1          2
44             0              0         0 0.000000000     -1          2
45             0              0         0 0.000000000     -1          2
46             0              0         0 0.000000000     -1          1
47             0              0         0 0.000000000     -1          2
48             0              0         0 0.000000000     -1          1
49             0              0         0 0.000000000     -1          2
50             0              0         0 0.000000000     -1          1
51             0              0         0 0.000000000     -1          1
52             0              0         0 0.000000000     -1          1
53             0              0         0 0.000000000     -1          1
54             0              0         0 0.000000000     -1          2
55             0              0         0 0.000000000     -1          2
56             0              0         0 0.000000000     -1          1
57             0              0         0 0.000000000     -1          1
58             0              0         0 0.000000000     -1          2
59             0              0         0 0.000000000     -1          1
60             0              0         0 0.000000000     -1          2
61             0              0         0 0.000000000     -1          2
62             0              0         0 0.000000000     -1          2
63             0              0         0 0.000000000     -1          2
