   left daughter right daughter split var split point status prediction
1              2              3         1 0.820908090      1          0
2              4              5         2 0.180463997      1          0
3              6              7         2 0.488108796      1          0
4              8              9         2 0.165406935      1          0
5             10             11         1 0.476236970      1          0
6             12             13         1 0.923301249      1          0
7             14             15         2 0.630539795      1          0
8             16             17         2 0.009253999      1          0
9              0              0         0 0.000000000     -1          1
10            18             19         1 0.450565643      1          0
11            20             21         1 0.816261191      1          0
12            22             23         2 0.074942589      1          0
13            24             25         2 0.044446470      1          0
14            26             27         1 0.923004267      1          0
15            28             29         1 0.826479404      1          0
16             0              0         0 0.000000000     -1          1
17            30             31         1 0.493029399      1          0
18            32             33         2 0.502142877      1          0
19            34             35         2 0.465116403      1          0
20            36             37         2 0.503418551      1          0
21             0              0         0 0.000000000     -1          1
22             0              0         0 0.000000000     -1          2
23            38             39         1 0.894625567      1          0
24             0              0         0 0.000000000     -1          1
25            40             41         1 0.923658041      1          0
26             0              0         0 0.000000000     -1          1
27             0              0         0 0.000000000     -1          1
28             0              0         0 0.000000000     -1          1
29            42             43         1 0.943665997      1          0
30            44             45         2 0.146860375      1          0
31            46             47         2 0.110074624      1          0
32            48             49         1 0.058053776      1          0
33            50             51         1 0.160594472      1          0
34             0              0         0 0.000000000     -1          1
35             0              0         0 0.000000000     -1          2
36            52             53         2 0.484213046      1          0
37            54             55         2 0.900385348      1          0
38             0              0         0 0.000000000     -1          2
39             0              0         0 0.000000000     -1          2
40             0              0         0 0.000000000     -1          1
41            56             57         2 0.319702568      1          0
42             0              0         0 0.000000000     -1          1
43             0              0         0 0.000000000     -1          1
44            58             59         1 0.164236386      1          0
45             0              0         0 0.000000000     -1          1
46             0              0         0 0.000000000     -1          2
47            60             61         1 0.546338026      1          0
48             0              0         0 0.000000000     -1          1
49            62             63         2 0.497859986      1          0
50             0              0         0 0.000000000     -1          2
51             0              0         0 0.000000000     -1          2
52             0              0         0 0.000000000     -1          2
53             0              0         0 0.000000000     -1          2
54             0              0         0 0.000000000     -1          1
55             0              0         0 0.000000000     -1          1
56             0              0         0 0.000000000     -1          2
57             0              0         0 0.000000000     -1          2
58             0              0         0 0.000000000     -1          1
59             0              0         0 0.000000000     -1          1
60             0              0         0 0.000000000     -1          1
61             0              0         0 0.000000000     -1          2
62             0              0         0 0.000000000     -1          1
63             0              0         0 0.000000000     -1          1
