   left daughter right daughter split var split point status prediction
1              2              3         1  0.10896048      1          0
2              4              5         2  0.49795218      1          0
3              6              7         2  0.02929220      1          0
4              8              9         1  0.10129367      1          0
5             10             11         2  0.94065909      1          0
6             12             13         2  0.01672375      1          0
7             14             15         2  0.94667495      1          0
8             16             17         1  0.03405010      1          0
9              0              0         0  0.00000000     -1          1
10            18             19         2  0.55806853      1          0
11             0              0         0  0.00000000     -1          1
12             0              0         0  0.00000000     -1          2
13             0              0         0  0.00000000     -1          2
14            20             21         2  0.14229256      1          0
15            22             23         1  0.50209761      1          0
16            24             25         2  0.18154138      1          0
17             0              0         0  0.00000000     -1          1
18             0              0         0  0.00000000     -1          2
19            26             27         2  0.74599901      1          0
20            28             29         2  0.10917146      1          0
21            30             31         1  0.14990773      1          0
22            32             33         1  0.40051924      1          0
23             0              0         0  0.00000000     -1          1
24             0              0         0  0.00000000     -1          1
25             0              0         0  0.00000000     -1          1
26             0              0         0  0.00000000     -1          2
27            34             35         1  0.07364098      1          0
28            36             37         2  0.03788196      1          0
29            38             39         1  0.50074363      1          0
30            40             41         1  0.11984398      1          0
31            42             43         1  0.18630561      1          0
32             0              0         0  0.00000000     -1          2
33             0              0         0  0.00000000     -1          2
34             0              0         0  0.00000000     -1          2
35             0              0         0  0.00000000     -1          1
36             0              0         0  0.00000000     -1          1
37            44             45         2  0.08810304      1          0
38             0              0         0  0.00000000     -1          1
39             0              0         0  0.00000000     -1          1
40             0              0         0  0.00000000     -1          1
41             0              0         0  0.00000000     -1          2
42            46             47         1  0.16311556      1          0
43            48             49         2  0.29540677      1          0
44            50             51         1  0.53680965      1          0
45            52             53         1  0.54767715      1          0
46             0              0         0  0.00000000     -1          1
47            54             55         1  0.16860450      1          0
48            56             57         1  0.50090243      1          0
49            58             59         2  0.33649310      1          0
50            60             61         1  0.16428369      1          0
51            62             63         2  0.06040034      1          0
52             0              0         0  0.00000000     -1          1
53             0              0         0  0.00000000     -1          2
54             0              0         0  0.00000000     -1          2
55             0              0         0  0.00000000     -1          1
56             0              0         0  0.00000000     -1          1
57             0              0         0  0.00000000     -1          2
58             0              0         0  0.00000000     -1          1
59             0              0         0  0.00000000     -1          2
60             0              0         0  0.00000000     -1          2
61             0              0         0  0.00000000     -1          1
62             0              0         0  0.00000000     -1          2
63             0              0         0  0.00000000     -1          2
