   left daughter right daughter split var split point status prediction
1              2              3         2   0.8299934      1          0
2              4              5         2   0.8062027      1          0
3              6              7         1   0.4855926      1          0
4              8              9         1   0.5496255      1          0
5             10             11         2   0.8243459      1          0
6             12             13         2   0.9089485      1          0
7             14             15         2   0.9046524      1          0
8             16             17         2   0.4992581      1          0
9             18             19         1   0.6915211      1          0
10             0              0         0   0.0000000     -1          2
11             0              0         0   0.0000000     -1          2
12            20             21         1   0.3141303      1          0
13            22             23         1   0.1434851      1          0
14            24             25         2   0.8541899      1          0
15            26             27         2   0.9085927      1          0
16            28             29         1   0.4966520      1          0
17            30             31         1   0.5029188      1          0
18            32             33         1   0.6860627      1          0
19            34             35         1   0.6975028      1          0
20             0              0         0   0.0000000     -1          2
21             0              0         0   0.0000000     -1          2
22             0              0         0   0.0000000     -1          1
23            36             37         1   0.4177967      1          0
24             0              0         0   0.0000000     -1          1
25            38             39         1   0.9369936      1          0
26             0              0         0   0.0000000     -1          2
27            40             41         2   0.9380403      1          0
28            42             43         2   0.2015135      1          0
29            44             45         1   0.5396396      1          0
30            46             47         1   0.1049176      1          0
31             0              0         0   0.0000000     -1          1
32            48             49         1   0.5551058      1          0
33             0              0         0   0.0000000     -1          2
34             0              0         0   0.0000000     -1          1
35            50             51         2   0.4920956      1          0
36            52             53         1   0.3981240      1          0
37             0              0         0   0.0000000     -1          2
38             0              0         0   0.0000000     -1          1
39             0              0         0   0.0000000     -1          2
40             0              0         0   0.0000000     -1          1
41            54             55         1   0.5069113      1          0
42            56             57         1   0.2673032      1          0
43            58             59         2   0.2185148      1          0
44            60             61         1   0.4991238      1          0
45             0              0         0   0.0000000     -1          1
46            62             63         2   0.8005549      1          0
47             0              0         0   0.0000000     -1          2
48             0              0         0   0.0000000     -1          2
49             0              0         0   0.0000000     -1          2
50             0              0         0   0.0000000     -1          2
51             0              0         0   0.0000000     -1          1
52             0              0         0   0.0000000     -1          2
53             0              0         0   0.0000000     -1          1
54             0              0         0   0.0000000     -1          2
55             0              0         0   0.0000000     -1          1
56             0              0         0   0.0000000     -1          1
57             0              0         0   0.0000000     -1          1
58             0              0         0   0.0000000     -1          1
59             0              0         0   0.0000000     -1          1
60             0              0         0   0.0000000     -1          1
61             0              0         0   0.0000000     -1          2
62             0              0         0   0.0000000     -1          2
63             0              0         0   0.0000000     -1          1
