   left daughter right daughter split var split point status prediction
1              2              3         1  0.98500957      1          0
2              4              5         1  0.21486162      1          0
3              6              7         2  0.51662243      1          0
4              8              9         2  0.49795218      1          0
5             10             11         2  0.29657201      1          0
6              0              0         0  0.00000000     -1          2
7              0              0         0  0.00000000     -1          1
8             12             13         2  0.34206351      1          0
9             14             15         2  0.80503558      1          0
10            16             17         1  0.49302940      1          0
11            18             19         2  0.32863417      1          0
12            20             21         1  0.14950915      1          0
13            22             23         2  0.34878759      1          0
14            24             25         1  0.13169141      1          0
15             0              0         0  0.00000000     -1          2
16            26             27         2  0.14509338      1          0
17            28             29         2  0.23658252      1          0
18            30             31         1  0.43273480      1          0
19            32             33         1  0.50132911      1          0
20            34             35         1  0.14575118      1          0
21             0              0         0  0.00000000     -1          1
22             0              0         0  0.00000000     -1          2
23            36             37         2  0.46445413      1          0
24            38             39         1  0.03376942      1          0
25            40             41         2  0.75816836      1          0
26            42             43         1  0.28866490      1          0
27            44             45         1  0.39205416      1          0
28            46             47         1  0.90808666      1          0
29             0              0         0  0.00000000     -1          2
30             0              0         0  0.00000000     -1          1
31             0              0         0  0.00000000     -1          1
32            48             49         1  0.31490654      1          0
33            50             51         1  0.94073065      1          0
34            52             53         2  0.20069738      1          0
35             0              0         0  0.00000000     -1          2
36            54             55         1  0.05951145      1          0
37             0              0         0  0.00000000     -1          1
38             0              0         0  0.00000000     -1          2
39            56             57         1  0.03514121      1          0
40            58             59         1  0.13483670      1          0
41             0              0         0  0.00000000     -1          1
42             0              0         0  0.00000000     -1          1
43             0              0         0  0.00000000     -1          1
44            60             61         2  0.20205978      1          0
45             0              0         0  0.00000000     -1          1
46            62             63         2  0.22304869      1          0
47             0              0         0  0.00000000     -1          2
48             0              0         0  0.00000000     -1          2
49             0              0         0  0.00000000     -1          2
50             0              0         0  0.00000000     -1          1
51             0              0         0  0.00000000     -1          2
52             0              0         0  0.00000000     -1          1
53             0              0         0  0.00000000     -1          1
54             0              0         0  0.00000000     -1          2
55             0              0         0  0.00000000     -1          1
56             0              0         0  0.00000000     -1          1
57             0              0         0  0.00000000     -1          2
58             0              0         0  0.00000000     -1          1
59             0              0         0  0.00000000     -1          2
60             0              0         0  0.00000000     -1          2
61             0              0         0  0.00000000     -1          1
62             0              0         0  0.00000000     -1          2
63             0              0         0  0.00000000     -1          2
