   left daughter right daughter split var split point status prediction
1              2              3         1  0.84866880      1          0
2              4              5         2  0.25793002      1          0
3              6              7         1  0.85575139      1          0
4              8              9         2  0.13061772      1          0
5             10             11         1  0.48368073      1          0
6              0              0         0  0.00000000     -1          2
7             12             13         2  0.48358635      1          0
8             14             15         1  0.52595535      1          0
9             16             17         1  0.50582936      1          0
10            18             19         1  0.36535569      1          0
11            20             21         1  0.73662185      1          0
12            22             23         2  0.29798275      1          0
13            24             25         2  0.96312603      1          0
14            26             27         2  0.05789584      1          0
15            28             29         2  0.10754719      1          0
16            30             31         1  0.39363524      1          0
17            32             33         1  0.82358907      1          0
18            34             35         1  0.31490654      1          0
19            36             37         1  0.39239819      1          0
20            38             39         1  0.51753580      1          0
21            40             41         2  0.50022588      1          0
22            42             43         2  0.14216223      1          0
23            44             45         2  0.38654539      1          0
24            46             47         2  0.73415058      1          0
25             0              0         0  0.00000000     -1          1
26             0              0         0  0.00000000     -1          1
27            48             49         2  0.05878162      1          0
28             0              0         0  0.00000000     -1          2
29             0              0         0  0.00000000     -1          2
30            50             51         2  0.14850393      1          0
31             0              0         0  0.00000000     -1          1
32            52             53         1  0.54866771      1          0
33             0              0         0  0.00000000     -1          1
34            54             55         2  0.49623807      1          0
35            56             57         2  0.48072289      1          0
36            58             59         1  0.37418323      1          0
37            60             61         2  0.49984510      1          0
38            62             63         1  0.51481382      1          0
39             0              0         0  0.00000000     -1          1
40             0              0         0  0.00000000     -1          2
41             0              0         0  0.00000000     -1          1
42             0              0         0  0.00000000     -1          2
43             0              0         0  0.00000000     -1          2
44             0              0         0  0.00000000     -1          2
45             0              0         0  0.00000000     -1          2
46             0              0         0  0.00000000     -1          1
47             0              0         0  0.00000000     -1          1
48             0              0         0  0.00000000     -1          2
49             0              0         0  0.00000000     -1          1
50             0              0         0  0.00000000     -1          1
51             0              0         0  0.00000000     -1          1
52             0              0         0  0.00000000     -1          2
53             0              0         0  0.00000000     -1          2
54             0              0         0  0.00000000     -1          1
55             0              0         0  0.00000000     -1          2
56             0              0         0  0.00000000     -1          1
57             0              0         0  0.00000000     -1          2
58             0              0         0  0.00000000     -1          2
59             0              0         0  0.00000000     -1          2
60             0              0         0  0.00000000     -1          1
61             0              0         0  0.00000000     -1          2
62             0              0         0  0.00000000     -1          1
63             0              0         0  0.00000000     -1          2
