   left daughter right daughter split var split point status prediction
1              2              3         1  0.92551225      1          0
2              4              5         2  0.87219316      1          0
3              6              7         1  0.97554641      1          0
4              8              9         2  0.82737426      1          0
5             10             11         2  0.95034745      1          0
6             12             13         2  0.56550379      1          0
7             14             15         2  0.51701574      1          0
8             16             17         2  0.79342785      1          0
9             18             19         1  0.38169575      1          0
10            20             21         1  0.50725529      1          0
11            22             23         1  0.50838623      1          0
12            24             25         2  0.50004725      1          0
13             0              0         0  0.00000000     -1          1
14            26             27         2  0.15562942      1          0
15             0              0         0  0.00000000     -1          1
16            28             29         1  0.30044981      1          0
17            30             31         1  0.51797538      1          0
18             0              0         0  0.00000000     -1          2
19             0              0         0  0.00000000     -1          1
20            32             33         2  0.91324320      1          0
21            34             35         1  0.75757312      1          0
22            36             37         2  0.97023472      1          0
23            38             39         2  0.98003788      1          0
24            40             41         2  0.24524746      1          0
25             0              0         0  0.00000000     -1          2
26             0              0         0  0.00000000     -1          2
27             0              0         0  0.00000000     -1          2
28            42             43         2  0.49159295      1          0
29            44             45         2  0.50341855      1          0
30            46             47         1  0.09720491      1          0
31             0              0         0  0.00000000     -1          1
32             0              0         0  0.00000000     -1          2
33            48             49         1  0.39275226      1          0
34            50             51         2  0.94558300      1          0
35             0              0         0  0.00000000     -1          1
36             0              0         0  0.00000000     -1          2
37             0              0         0  0.00000000     -1          2
38             0              0         0  0.00000000     -1          1
39             0              0         0  0.00000000     -1          1
40             0              0         0  0.00000000     -1          2
41             0              0         0  0.00000000     -1          2
42            52             53         2  0.21855726      1          0
43            54             55         1  0.16674736      1          0
44            56             57         1  0.49574482      1          0
45            58             59         2  0.52650389      1          0
46             0              0         0  0.00000000     -1          2
47             0              0         0  0.00000000     -1          2
48            60             61         1  0.16840260      1          0
49             0              0         0  0.00000000     -1          2
50            62             63         2  0.90566555      1          0
51             0              0         0  0.00000000     -1          2
52             0              0         0  0.00000000     -1          1
53             0              0         0  0.00000000     -1          1
54             0              0         0  0.00000000     -1          2
55             0              0         0  0.00000000     -1          2
56             0              0         0  0.00000000     -1          1
57             0              0         0  0.00000000     -1          2
58             0              0         0  0.00000000     -1          1
59             0              0         0  0.00000000     -1          1
60             0              0         0  0.00000000     -1          2
61             0              0         0  0.00000000     -1          2
62             0              0         0  0.00000000     -1          1
63             0              0         0  0.00000000     -1          1
