   left daughter right daughter split var split point status prediction
1              2              3         2 0.009253999      1          0
2              0              0         0 0.000000000     -1          1
3              4              5         2 0.029398385      1          0
4              6              7         1 0.606508718      1          0
5              8              9         1 0.963722545      1          0
6              0              0         0 0.000000000     -1          1
7              0              0         0 0.000000000     -1          2
8             10             11         2 0.037492378      1          0
9             12             13         2 0.483586349      1          0
10             0              0         0 0.000000000     -1          1
11            14             15         1 0.517535800      1          0
12            16             17         2 0.322495599      1          0
13             0              0         0 0.000000000     -1          1
14            18             19         1 0.227269915      1          0
15            20             21         2 0.499167852      1          0
16             0              0         0 0.000000000     -1          2
17             0              0         0 0.000000000     -1          2
18            22             23         2 0.496238070      1          0
19            24             25         1 0.314832400      1          0
20            26             27         2 0.296923790      1          0
21            28             29         1 0.589935215      1          0
22            30             31         1 0.031931055      1          0
23            32             33         1 0.033218943      1          0
24            34             35         2 0.493460345      1          0
25            36             37         2 0.499845103      1          0
26            38             39         2 0.274068782      1          0
27            40             41         1 0.559402193      1          0
28            42             43         1 0.583663199      1          0
29            44             45         1 0.944098964      1          0
30             0              0         0 0.000000000     -1          1
31            46             47         1 0.041572533      1          0
32             0              0         0 0.000000000     -1          2
33            48             49         1 0.035141208      1          0
34            50             51         1 0.235384319      1          0
35             0              0         0 0.000000000     -1          2
36            52             53         2 0.437551391      1          0
37            54             55         1 0.501329114      1          0
38            56             57         2 0.272052685      1          0
39             0              0         0 0.000000000     -1          2
40             0              0         0 0.000000000     -1          1
41            58             59         1 0.857500112      1          0
42            60             61         2 0.679284194      1          0
43             0              0         0 0.000000000     -1          2
44            62             63         2 0.697110219      1          0
45             0              0         0 0.000000000     -1          1
46             0              0         0 0.000000000     -1          1
47             0              0         0 0.000000000     -1          1
48             0              0         0 0.000000000     -1          1
49             0              0         0 0.000000000     -1          2
50             0              0         0 0.000000000     -1          2
51             0              0         0 0.000000000     -1          1
52             0              0         0 0.000000000     -1          1
53             0              0         0 0.000000000     -1          1
54             0              0         0 0.000000000     -1          2
55             0              0         0 0.000000000     -1          1
56             0              0         0 0.000000000     -1          2
57             0              0         0 0.000000000     -1          1
58             0              0         0 0.000000000     -1          2
59             0              0         0 0.000000000     -1          2
60             0              0         0 0.000000000     -1          1
61             0              0         0 0.000000000     -1          1
62             0              0         0 0.000000000     -1          1
63             0              0         0 0.000000000     -1          1
