   left daughter right daughter split var split point status prediction
1              2              3         2  0.97370070      1          0
2              4              5         1  0.66684538      1          0
3              6              7         2  0.98076715      1          0
4              8              9         2  0.49126524      1          0
5             10             11         2  0.50022588      1          0
6              0              0         0  0.00000000     -1          1
7              0              0         0  0.00000000     -1          1
8             12             13         2  0.18862195      1          0
9             14             15         1  0.50132911      1          0
10            16             17         1  0.87669435      1          0
11            18             19         1  0.89986996      1          0
12            20             21         1  0.53684899      1          0
13            22             23         2  0.21129311      1          0
14            24             25         1  0.10095697      1          0
15            26             27         2  0.51436673      1          0
16            28             29         2  0.22731568      1          0
17            30             31         1  0.88101804      1          0
18            32             33         2  0.72447921      1          0
19            34             35         2  0.96312603      1          0
20            36             37         1  0.03344390      1          0
21            38             39         1  0.55179618      1          0
22             0              0         0  0.00000000     -1          2
23            40             41         1  0.49133440      1          0
24            42             43         1  0.08014569      1          0
25            44             45         2  0.50585331      1          0
26             0              0         0  0.00000000     -1          2
27            46             47         1  0.55510578      1          0
28            48             49         2  0.22304869      1          0
29             0              0         0  0.00000000     -1          2
30             0              0         0  0.00000000     -1          1
31            50             51         1  0.89462557      1          0
32             0              0         0  0.00000000     -1          1
33            52             53         2  0.72947164      1          0
34            54             55         1  0.97026486      1          0
35             0              0         0  0.00000000     -1          2
36             0              0         0  0.00000000     -1          1
37             0              0         0  0.00000000     -1          1
38             0              0         0  0.00000000     -1          2
39            56             57         1  0.59791260      1          0
40            58             59         1  0.45419300      1          0
41            60             61         2  0.27750280      1          0
42            62             63         1  0.03376942      1          0
43             0              0         0  0.00000000     -1          1
44             0              0         0  0.00000000     -1          1
45             0              0         0  0.00000000     -1          2
46             0              0         0  0.00000000     -1          1
47             0              0         0  0.00000000     -1          1
48             0              0         0  0.00000000     -1          2
49             0              0         0  0.00000000     -1          1
50             0              0         0  0.00000000     -1          2
51             0              0         0  0.00000000     -1          2
52             0              0         0  0.00000000     -1          2
53             0              0         0  0.00000000     -1          1
54             0              0         0  0.00000000     -1          1
55             0              0         0  0.00000000     -1          1
56             0              0         0  0.00000000     -1          2
57             0              0         0  0.00000000     -1          2
58             0              0         0  0.00000000     -1          1
59             0              0         0  0.00000000     -1          1
60             0              0         0  0.00000000     -1          2
61             0              0         0  0.00000000     -1          2
62             0              0         0  0.00000000     -1          2
63             0              0         0  0.00000000     -1          2
