   left daughter right daughter split var split point status prediction
1              2              3         1 0.965055864      1          0
2              4              5         1 0.951737593      1          0
3              6              7         2 0.483193032      1          0
4              8              9         1 0.940730651      1          0
5              0              0         0 0.000000000     -1          1
6              0              0         0 0.000000000     -1          2
7              0              0         0 0.000000000     -1          1
8             10             11         2 0.027247681      1          0
9              0              0         0 0.000000000     -1          2
10            12             13         2 0.006429345      1          0
11            14             15         2 0.079398111      1          0
12             0              0         0 0.000000000     -1          1
13            16             17         1 0.464200938      1          0
14            18             19         2 0.059855261      1          0
15            20             21         1 0.517219218      1          0
16             0              0         0 0.000000000     -1          1
17             0              0         0 0.000000000     -1          2
18            22             23         1 0.562979214      1          0
19             0              0         0 0.000000000     -1          1
20            24             25         2 0.499845103      1          0
21            26             27         1 0.923501668      1          0
22             0              0         0 0.000000000     -1          1
23             0              0         0 0.000000000     -1          2
24            28             29         2 0.211293107      1          0
25            30             31         2 0.623802698      1          0
26            32             33         2 0.500960562      1          0
27             0              0         0 0.000000000     -1          1
28            34             35         2 0.201513502      1          0
29            36             37         1 0.500892676      1          0
30            38             39         1 0.099785581      1          0
31            40             41         2 0.635829146      1          0
32            42             43         1 0.893560818      1          0
33            44             45         2 0.934865300      1          0
34            46             47         1 0.497940607      1          0
35             0              0         0 0.000000000     -1          2
36            48             49         1 0.147351270      1          0
37             0              0         0 0.000000000     -1          2
38             0              0         0 0.000000000     -1          2
39             0              0         0 0.000000000     -1          2
40             0              0         0 0.000000000     -1          1
41            50             51         2 0.674536720      1          0
42            52             53         2 0.428368459      1          0
43             0              0         0 0.000000000     -1          2
44            54             55         2 0.647161741      1          0
45            56             57         2 0.937542541      1          0
46            58             59         1 0.227988263      1          0
47             0              0         0 0.000000000     -1          2
48             0              0         0 0.000000000     -1          1
49            60             61         2 0.491628328      1          0
50             0              0         0 0.000000000     -1          2
51            62             63         2 0.679546547      1          0
52             0              0         0 0.000000000     -1          2
53             0              0         0 0.000000000     -1          2
54             0              0         0 0.000000000     -1          1
55             0              0         0 0.000000000     -1          1
56             0              0         0 0.000000000     -1          2
57             0              0         0 0.000000000     -1          1
58             0              0         0 0.000000000     -1          1
59             0              0         0 0.000000000     -1          1
60             0              0         0 0.000000000     -1          1
61             0              0         0 0.000000000     -1          1
62             0              0         0 0.000000000     -1          1
63             0              0         0 0.000000000     -1          2
