   left daughter right daughter split var split point status prediction
1              2              3         1 0.186305607      1          0
2              4              5         2 0.489817719      1          0
3              6              7         2 0.533653500      1          0
4              8              9         1 0.149509147      1          0
5             10             11         1 0.004070566      1          0
6             12             13         2 0.463584548      1          0
7             14             15         1 0.501329114      1          0
8             16             17         1 0.145751176      1          0
9              0              0         0 0.000000000     -1          1
10             0              0         0 0.000000000     -1          1
11            18             19         2 0.753819078      1          0
12            20             21         2 0.462772578      1          0
13            22             23         2 0.476484056      1          0
14            24             25         1 0.200291890      1          0
15            26             27         1 0.824164111      1          0
16            28             29         2 0.181634952      1          0
17             0              0         0 0.000000000     -1          2
18            30             31         1 0.094335399      1          0
19            32             33         2 0.778711576      1          0
20            34             35         2 0.446389999      1          0
21             0              0         0 0.000000000     -1          1
22             0              0         0 0.000000000     -1          2
23            36             37         1 0.734779177      1          0
24             0              0         0 0.000000000     -1          2
25            38             39         1 0.316112047      1          0
26            40             41         1 0.591104176      1          0
27            42             43         1 0.827139632      1          0
28             0              0         0 0.000000000     -1          1
29            44             45         1 0.031931055      1          0
30             0              0         0 0.000000000     -1          2
31            46             47         2 0.616177001      1          0
32             0              0         0 0.000000000     -1          1
33            48             49         2 0.949424785      1          0
34            50             51         2 0.027247681      1          0
35             0              0         0 0.000000000     -1          2
36            52             53         1 0.229266376      1          0
37             0              0         0 0.000000000     -1          1
38             0              0         0 0.000000000     -1          2
39            54             55         2 0.832410313      1          0
40            56             57         2 0.973417534      1          0
41            58             59         1 0.723297717      1          0
42             0              0         0 0.000000000     -1          2
43            60             61         2 0.966115423      1          0
44             0              0         0 0.000000000     -1          1
45            62             63         1 0.034472041      1          0
46             0              0         0 0.000000000     -1          2
47             0              0         0 0.000000000     -1          2
48             0              0         0 0.000000000     -1          2
49             0              0         0 0.000000000     -1          2
50             0              0         0 0.000000000     -1          2
51             0              0         0 0.000000000     -1          2
52             0              0         0 0.000000000     -1          1
53             0              0         0 0.000000000     -1          2
54             0              0         0 0.000000000     -1          2
55             0              0         0 0.000000000     -1          2
56             0              0         0 0.000000000     -1          1
57             0              0         0 0.000000000     -1          2
58             0              0         0 0.000000000     -1          1
59             0              0         0 0.000000000     -1          1
60             0              0         0 0.000000000     -1          1
61             0              0         0 0.000000000     -1          2
62             0              0         0 0.000000000     -1          2
63             0              0         0 0.000000000     -1          1
