   left daughter right daughter split var split point status prediction
1              2              3         1  0.88012470      1          0
2              4              5         2  0.26873466      1          0
3              6              7         2  0.49996082      1          0
4              8              9         2  0.21182509      1          0
5             10             11         1  0.53696332      1          0
6             12             13         2  0.23156137      1          0
7             14             15         1  0.94737087      1          0
8             16             17         1  0.49794061      1          0
9             18             19         2  0.22985785      1          0
10            20             21         1  0.52382906      1          0
11            22             23         2  0.50022588      1          0
12            24             25         2  0.13650464      1          0
13            26             27         1  0.96421548      1          0
14             0              0         0  0.00000000     -1          1
15             0              0         0  0.00000000     -1          1
16            28             29         1  0.23702150      1          0
17            30             31         1  0.76920970      1          0
18            32             33         2  0.22037956      1          0
19            34             35         1  0.53393571      1          0
20            36             37         1  0.49783517      1          0
21             0              0         0  0.00000000     -1          2
22            38             39         2  0.44436840      1          0
23            40             41         2  0.93804026      1          0
24             0              0         0  0.00000000     -1          2
25             0              0         0  0.00000000     -1          2
26             0              0         0  0.00000000     -1          1
27            42             43         1  0.98377168      1          0
28            44             45         2  0.15437523      1          0
29             0              0         0  0.00000000     -1          1
30            46             47         2  0.03560382      1          0
31             0              0         0  0.00000000     -1          2
32             0              0         0  0.00000000     -1          1
33             0              0         0  0.00000000     -1          1
34             0              0         0  0.00000000     -1          1
35             0              0         0  0.00000000     -1          2
36            48             49         2  0.50042877      1          0
37            50             51         1  0.50879221      1          0
38            52             53         2  0.42433579      1          0
39             0              0         0  0.00000000     -1          2
40            54             55         1  0.55809001      1          0
41            56             57         1  0.59871815      1          0
42             0              0         0  0.00000000     -1          2
43             0              0         0  0.00000000     -1          2
44            58             59         2  0.13105258      1          0
45             0              0         0  0.00000000     -1          1
46             0              0         0  0.00000000     -1          2
47            60             61         1  0.54616800      1          0
48            62             63         2  0.49162833      1          0
49             0              0         0  0.00000000     -1          2
50             0              0         0  0.00000000     -1          1
51             0              0         0  0.00000000     -1          2
52             0              0         0  0.00000000     -1          2
53             0              0         0  0.00000000     -1          1
54             0              0         0  0.00000000     -1          1
55             0              0         0  0.00000000     -1          1
56             0              0         0  0.00000000     -1          2
57             0              0         0  0.00000000     -1          1
58             0              0         0  0.00000000     -1          1
59             0              0         0  0.00000000     -1          2
60             0              0         0  0.00000000     -1          2
61             0              0         0  0.00000000     -1          2
62             0              0         0  0.00000000     -1          1
63             0              0         0  0.00000000     -1          2
