   left daughter right daughter split var split point status prediction
1              2              3         1 0.880124702      1          0
2              4              5         1 0.664857295      1          0
3              6              7         2 0.483586349      1          0
4              8              9         1 0.608982380      1          0
5             10             11         2 0.484905574      1          0
6             12             13         1 0.909821982      1          0
7             14             15         2 0.562818380      1          0
8             16             17         1 0.591969644      1          0
9             18             19         1 0.609569258      1          0
10            20             21         1 0.697597592      1          0
11            22             23         2 0.724479205      1          0
12             0              0         0 0.000000000     -1          2
13            24             25         2 0.044446470      1          0
14             0              0         0 0.000000000     -1          1
15            26             27         1 0.970264858      1          0
16            28             29         2 0.499425043      1          0
17             0              0         0 0.000000000     -1          1
18             0              0         0 0.000000000     -1          2
19            30             31         1 0.647730129      1          0
20             0              0         0 0.000000000     -1          2
21            32             33         1 0.828065707      1          0
22             0              0         0 0.000000000     -1          1
23            34             35         1 0.726049646      1          0
24             0              0         0 0.000000000     -1          1
25            36             37         1 0.914370263      1          0
26            38             39         1 0.961592915      1          0
27             0              0         0 0.000000000     -1          1
28            40             41         2 0.001820927      1          0
29            42             43         2 0.647863441      1          0
30            44             45         2 0.516077710      1          0
31            46             47         1 0.653074140      1          0
32             0              0         0 0.000000000     -1          2
33            48             49         1 0.837699048      1          0
34             0              0         0 0.000000000     -1          1
35            50             51         1 0.748221912      1          0
36             0              0         0 0.000000000     -1          1
37            52             53         2 0.397248836      1          0
38            54             55         2 0.630539795      1          0
39             0              0         0 0.000000000     -1          2
40             0              0         0 0.000000000     -1          2
41            56             57         2 0.476216083      1          0
42            58             59         1 0.527957948      1          0
43            60             61         1 0.501329114      1          0
44             0              0         0 0.000000000     -1          2
45            62             63         2 0.714074865      1          0
46             0              0         0 0.000000000     -1          2
47             0              0         0 0.000000000     -1          1
48             0              0         0 0.000000000     -1          1
49             0              0         0 0.000000000     -1          2
50             0              0         0 0.000000000     -1          2
51             0              0         0 0.000000000     -1          1
52             0              0         0 0.000000000     -1          2
53             0              0         0 0.000000000     -1          2
54             0              0         0 0.000000000     -1          1
55             0              0         0 0.000000000     -1          1
56             0              0         0 0.000000000     -1          1
57             0              0         0 0.000000000     -1          1
58             0              0         0 0.000000000     -1          2
59             0              0         0 0.000000000     -1          1
60             0              0         0 0.000000000     -1          2
61             0              0         0 0.000000000     -1          1
62             0              0         0 0.000000000     -1          1
63             0              0         0 0.000000000     -1          1
