   left daughter right daughter split var split point status prediction
1              2              3         2  0.94674612      1          0
2              4              5         2  0.89090382      1          0
3              6              7         2  0.98656021      1          0
4              8              9         1  0.18691402      1          0
5             10             11         2  0.89912432      1          0
6             12             13         2  0.98243482      1          0
7              0              0         0  0.00000000     -1          2
8             14             15         1  0.14519254      1          0
9             16             17         2  0.56101547      1          0
10             0              0         0  0.00000000     -1          2
11            18             19         1  0.77586832      1          0
12            20             21         2  0.97999929      1          0
13             0              0         0  0.00000000     -1          1
14            22             23         1  0.14166531      1          0
15            24             25         1  0.16383622      1          0
16            26             27         2  0.29601551      1          0
17            28             29         1  0.50173547      1          0
18            30             31         1  0.03077712      1          0
19             0              0         0  0.00000000     -1          1
20            32             33         1  0.50838623      1          0
21             0              0         0  0.00000000     -1          2
22            34             35         2  0.49154228      1          0
23             0              0         0  0.00000000     -1          2
24             0              0         0  0.00000000     -1          1
25            36             37         1  0.16835402      1          0
26            38             39         1  0.54633803      1          0
27            40             41         1  0.36596286      1          0
28            42             43         2  0.62401683      1          0
29            44             45         1  0.92705797      1          0
30             0              0         0  0.00000000     -1          1
31            46             47         2  0.92479818      1          0
32             0              0         0  0.00000000     -1          2
33             0              0         0  0.00000000     -1          1
34            48             49         2  0.18154138      1          0
35            50             51         2  0.84069778      1          0
36             0              0         0  0.00000000     -1          2
37            52             53         2  0.48640820      1          0
38            54             55         1  0.51415243      1          0
39            56             57         1  0.92551225      1          0
40            58             59         2  0.50293792      1          0
41            60             61         1  0.49454184      1          0
42             0              0         0  0.00000000     -1          2
43            62             63         2  0.62531553      1          0
44             0              0         0  0.00000000     -1          1
45             0              0         0  0.00000000     -1          1
46             0              0         0  0.00000000     -1          2
47             0              0         0  0.00000000     -1          2
48             0              0         0  0.00000000     -1          1
49             0              0         0  0.00000000     -1          1
50             0              0         0  0.00000000     -1          2
51             0              0         0  0.00000000     -1          1
52             0              0         0  0.00000000     -1          1
53             0              0         0  0.00000000     -1          2
54             0              0         0  0.00000000     -1          1
55             0              0         0  0.00000000     -1          2
56             0              0         0  0.00000000     -1          2
57             0              0         0  0.00000000     -1          2
58             0              0         0  0.00000000     -1          1
59             0              0         0  0.00000000     -1          2
60             0              0         0  0.00000000     -1          1
61             0              0         0  0.00000000     -1          2
62             0              0         0  0.00000000     -1          1
63             0              0         0  0.00000000     -1          2
