   left daughter right daughter split var split point status prediction
1              2              3         1 0.848668796      1          0
2              4              5         1 0.827329209      1          0
3              6              7         1 0.894099980      1          0
4              8              9         2 0.463862980      1          0
5              0              0         0 0.000000000     -1          1
6             10             11         2 0.475026823      1          0
7             12             13         1 0.941345771      1          0
8             14             15         1 0.496652015      1          0
9             16             17         1 0.501329114      1          0
10            18             19         1 0.881008315      1          0
11             0              0         0 0.000000000     -1          1
12            20             21         2 0.338620694      1          0
13            22             23         2 0.495438370      1          0
14            24             25         1 0.058413651      1          0
15            26             27         2 0.083675545      1          0
16            28             29         1 0.100956968      1          0
17            30             31         1 0.824164111      1          0
18             0              0         0 0.000000000     -1          2
19             0              0         0 0.000000000     -1          2
20            32             33         1 0.912824431      1          0
21            34             35         1 0.905476310      1          0
22            36             37         1 0.979414658      1          0
23             0              0         0 0.000000000     -1          1
24            38             39         1 0.028103477      1          0
25            40             41         1 0.392054156      1          0
26             0              0         0 0.000000000     -1          2
27            42             43         1 0.545778048      1          0
28            44             45         2 0.537506286      1          0
29            46             47         1 0.495197150      1          0
30            48             49         2 0.500960562      1          0
31             0              0         0 0.000000000     -1          2
32             0              0         0 0.000000000     -1          2
33             0              0         0 0.000000000     -1          2
34             0              0         0 0.000000000     -1          1
35             0              0         0 0.000000000     -1          1
36             0              0         0 0.000000000     -1          2
37             0              0         0 0.000000000     -1          2
38             0              0         0 0.000000000     -1          1
39             0              0         0 0.000000000     -1          1
40            50             51         2 0.453696047      1          0
41             0              0         0 0.000000000     -1          1
42            52             53         2 0.187229490      1          0
43            54             55         1 0.776796412      1          0
44             0              0         0 0.000000000     -1          1
45            56             57         1 0.004070566      1          0
46            58             59         1 0.322173779      1          0
47             0              0         0 0.000000000     -1          2
48             0              0         0 0.000000000     -1          2
49            60             61         2 0.900385348      1          0
50            62             63         1 0.391446936      1          0
51             0              0         0 0.000000000     -1          1
52             0              0         0 0.000000000     -1          1
53             0              0         0 0.000000000     -1          2
54             0              0         0 0.000000000     -1          2
55             0              0         0 0.000000000     -1          2
56             0              0         0 0.000000000     -1          1
57             0              0         0 0.000000000     -1          2
58             0              0         0 0.000000000     -1          2
59             0              0         0 0.000000000     -1          2
60             0              0         0 0.000000000     -1          1
61             0              0         0 0.000000000     -1          1
62             0              0         0 0.000000000     -1          1
63             0              0         0 0.000000000     -1          2
