   left daughter right daughter split var split point status prediction
1              2              3         2  0.59585427      1          0
2              4              5         2  0.56346825      1          0
3              6              7         2  0.66967188      1          0
4              8              9         2  0.56101547      1          0
5             10             11         2  0.57857552      1          0
6             12             13         1  0.47305953      1          0
7             14             15         2  0.99556936      1          0
8             16             17         2  0.54630283      1          0
9              0              0         0  0.00000000     -1          1
10             0              0         0  0.00000000     -1          2
11             0              0         0  0.00000000     -1          2
12            18             19         2  0.62219537      1          0
13            20             21         1  0.56246806      1          0
14            22             23         2  0.98229677      1          0
15             0              0         0  0.00000000     -1          2
16            24             25         2  0.52170003      1          0
17            26             27         2  0.54909217      1          0
18             0              0         0  0.00000000     -1          2
19             0              0         0  0.00000000     -1          2
20             0              0         0  0.00000000     -1          1
21            28             29         2  0.62576769      1          0
22            30             31         2  0.95405740      1          0
23             0              0         0  0.00000000     -1          1
24            32             33         2  0.50700153      1          0
25            34             35         2  0.52201144      1          0
26             0              0         0  0.00000000     -1          2
27             0              0         0  0.00000000     -1          2
28            36             37         1  0.91199587      1          0
29             0              0         0  0.00000000     -1          1
30            38             39         1  0.48758511      1          0
31            40             41         1  0.60225742      1          0
32            42             43         2  0.47190691      1          0
33             0              0         0  0.00000000     -1          2
34             0              0         0  0.00000000     -1          1
35            44             45         2  0.52307774      1          0
36             0              0         0  0.00000000     -1          1
37             0              0         0  0.00000000     -1          2
38            46             47         2  0.90863827      1          0
39            48             49         2  0.73415058      1          0
40            50             51         2  0.96119115      1          0
41             0              0         0  0.00000000     -1          1
42            52             53         2  0.45989263      1          0
43            54             55         1  0.51111032      1          0
44             0              0         0  0.00000000     -1          2
45            56             57         1  0.51204478      1          0
46            58             59         1  0.07707281      1          0
47            60             61         1  0.02323106      1          0
48            62             63         2  0.72447921      1          0
49             0              0         0  0.00000000     -1          1
50             0              0         0  0.00000000     -1          2
51             0              0         0  0.00000000     -1          2
52             0              0         0  0.00000000     -1          1
53             0              0         0  0.00000000     -1          2
54             0              0         0  0.00000000     -1          1
55             0              0         0  0.00000000     -1          2
56             0              0         0  0.00000000     -1          2
57             0              0         0  0.00000000     -1          1
58             0              0         0  0.00000000     -1          2
59             0              0         0  0.00000000     -1          2
60             0              0         0  0.00000000     -1          1
61             0              0         0  0.00000000     -1          2
62             0              0         0  0.00000000     -1          1
63             0              0         0  0.00000000     -1          2
