   left daughter right daughter split var split point status prediction
1              2              3         1   0.9817548      1          0
2              4              5         1   0.7754950      1          0
3              6              7         2   0.4835863      1          0
4              8              9         1   0.7332667      1          0
5             10             11         2   0.5002259      1          0
6              0              0         0   0.0000000     -1          2
7              0              0         0   0.0000000     -1          1
8             12             13         2   0.4375514      1          0
9             14             15         2   0.4880667      1          0
10            16             17         1   0.9779058      1          0
11            18             19         2   0.7388376      1          0
12            20             21         1   0.4991238      1          0
13            22             23         2   0.4971229      1          0
14             0              0         0   0.0000000     -1          2
15             0              0         0   0.0000000     -1          1
16            24             25         1   0.7763006      1          0
17             0              0         0   0.0000000     -1          1
18            26             27         2   0.7245839      1          0
19            28             29         1   0.9615929      1          0
20            30             31         1   0.3920542      1          0
21            32             33         2   0.4243358      1          0
22            34             35         1   0.4996465      1          0
23            36             37         2   0.5286592      1          0
24             0              0         0   0.0000000     -1          1
25            38             39         1   0.9080867      1          0
26            40             41         2   0.7094211      1          0
27             0              0         0   0.0000000     -1          2
28             0              0         0   0.0000000     -1          1
29             0              0         0   0.0000000     -1          1
30            42             43         1   0.3914469      1          0
31             0              0         0   0.0000000     -1          1
32            44             45         2   0.1462615      1          0
33             0              0         0   0.0000000     -1          1
34            46             47         1   0.4505679      1          0
35            48             49         2   0.4428415      1          0
36            50             51         2   0.5212177      1          0
37            52             53         2   0.5354037      1          0
38            54             55         2   0.1553916      1          0
39            56             57         1   0.9130272      1          0
40            58             59         2   0.6236552      1          0
41             0              0         0   0.0000000     -1          1
42            60             61         1   0.0414528      1          0
43             0              0         0   0.0000000     -1          2
44             0              0         0   0.0000000     -1          2
45            62             63         1   0.5457780      1          0
46             0              0         0   0.0000000     -1          1
47             0              0         0   0.0000000     -1          1
48             0              0         0   0.0000000     -1          2
49             0              0         0   0.0000000     -1          2
50             0              0         0   0.0000000     -1          2
51             0              0         0   0.0000000     -1          2
52             0              0         0   0.0000000     -1          1
53             0              0         0   0.0000000     -1          2
54             0              0         0   0.0000000     -1          2
55             0              0         0   0.0000000     -1          2
56             0              0         0   0.0000000     -1          1
57             0              0         0   0.0000000     -1          2
58             0              0         0   0.0000000     -1          1
59             0              0         0   0.0000000     -1          1
60             0              0         0   0.0000000     -1          1
61             0              0         0   0.0000000     -1          1
62             0              0         0   0.0000000     -1          2
63             0              0         0   0.0000000     -1          2
