    left daughter right daughter split var split point status prediction
1               2              3         1  0.86584286      1          0
2               4              5         1  0.83806304      1          0
3               6              7         1  0.90053214      1          0
4               8              9         2  0.31125357      1          0
5              10             11         2  0.54158025      1          0
6              12             13         2  0.49073771      1          0
7              14             15         1  0.95585293      1          0
8              16             17         1  0.49991164      1          0
9              18             19         2  0.33603934      1          0
10              0              0         0  0.00000000     -1          2
11             20             21         2  0.94110125      1          0
12              0              0         0  0.00000000     -1          2
13              0              0         0  0.00000000     -1          1
14             22             23         2  0.48888778      1          0
15             24             25         1  0.96549067      1          0
16             26             27         2  0.15114576      1          0
17             28             29         1  0.63417015      1          0
18             30             31         2  0.32623685      1          0
19             32             33         1  0.53270723      1          0
20              0              0         0  0.00000000     -1          1
21              0              0         0  0.00000000     -1          2
22             34             35         2  0.28221229      1          0
23              0              0         0  0.00000000     -1          1
24              0              0         0  0.00000000     -1          2
25             36             37         1  0.96664634      1          0
26             38             39         1  0.07001157      1          0
27             40             41         1  0.17070344      1          0
28              0              0         0  0.00000000     -1          2
29             42             43         2  0.24170192      1          0
30              0              0         0  0.00000000     -1          2
31              0              0         0  0.00000000     -1          2
32             44             45         1  0.04031595      1          0
33             46             47         2  0.50149564      1          0
34              0              0         0  0.00000000     -1          2
35              0              0         0  0.00000000     -1          2
36              0              0         0  0.00000000     -1          1
37             48             49         2  0.56571222      1          0
38              0              0         0  0.00000000     -1          1
39             50             51         2  0.14820779      1          0
40             52             53         2  0.27858058      1          0
41              0              0         0  0.00000000     -1          1
42             54             55         2  0.23348310      1          0
43              0              0         0  0.00000000     -1          2
44             56             57         2  0.51875927      1          0
45             58             59         2  0.49888708      1          0
46             60             61         1  0.55960044      1          0
47             62             63         1  0.57296093      1          0
48              0              0         0  0.00000000     -1          2
49              0              0         0  0.00000000     -1          1
50             64             65         1  0.28297734      1          0
51              0              0         0  0.00000000     -1          2
52              0              0         0  0.00000000     -1          1
53              0              0         0  0.00000000     -1          1
54             66             67         1  0.69445726      1          0
55              0              0         0  0.00000000     -1          1
56              0              0         0  0.00000000     -1          1
57              0              0         0  0.00000000     -1          2
58             68             69         1  0.50292627      1          0
59             70             71         1  0.49903542      1          0
60              0              0         0  0.00000000     -1          2
61             72             73         1  0.78162053      1          0
62              0              0         0  0.00000000     -1          1
63             74             75         2  0.69093148      1          0
64              0              0         0  0.00000000     -1          1
65             76             77         1  0.30037645      1          0
66              0              0         0  0.00000000     -1          2
67             78             79         1  0.70004765      1          0
68             80             81         1  0.08350716      1          0
69              0              0         0  0.00000000     -1          2
70             82             83         2  0.68428669      1          0
71              0              0         0  0.00000000     -1          1
72             84             85         1  0.65275238      1          0
73              0              0         0  0.00000000     -1          2
74             86             87         1  0.63202451      1          0
75             88             89         2  0.69926608      1          0
76              0              0         0  0.00000000     -1          2
77             90             91         1  0.32139009      1          0
78              0              0         0  0.00000000     -1          1
79             92             93         1  0.78737469      1          0
80              0              0         0  0.00000000     -1          1
81             94             95         2  0.36724765      1          0
82              0              0         0  0.00000000     -1          2
83             96             97         2  0.68760398      1          0
84              0              0         0  0.00000000     -1          2
85             98             99         2  0.39209494      1          0
86              0              0         0  0.00000000     -1          1
87            100            101         1  0.80291339      1          0
88              0              0         0  0.00000000     -1          2
89            102            103         1  0.57755606      1          0
90              0              0         0  0.00000000     -1          1
91              0              0         0  0.00000000     -1          1
92              0              0         0  0.00000000     -1          2
93              0              0         0  0.00000000     -1          2
94              0              0         0  0.00000000     -1          1
95              0              0         0  0.00000000     -1          1
96              0              0         0  0.00000000     -1          1
97            104            105         2  0.98106179      1          0
98              0              0         0  0.00000000     -1          2
99              0              0         0  0.00000000     -1          2
100             0              0         0  0.00000000     -1          1
101             0              0         0  0.00000000     -1          1
102             0              0         0  0.00000000     -1          2
103           106            107         2  0.83437526      1          0
104           108            109         1  0.08100560      1          0
105             0              0         0  0.00000000     -1          2
106           110            111         1  0.76033633      1          0
107           112            113         2  0.97378007      1          0
108             0              0         0  0.00000000     -1          2
109           114            115         2  0.90370733      1          0
110           116            117         1  0.65074522      1          0
111             0              0         0  0.00000000     -1          2
112           118            119         1  0.67350732      1          0
113             0              0         0  0.00000000     -1          1
114           120            121         1  0.42688604      1          0
115           122            123         1  0.18092684      1          0
116             0              0         0  0.00000000     -1          1
117             0              0         0  0.00000000     -1          1
118           124            125         1  0.65806409      1          0
119             0              0         0  0.00000000     -1          1
120           126            127         1  0.26931717      1          0
121             0              0         0  0.00000000     -1          2
122             0              0         0  0.00000000     -1          2
123             0              0         0  0.00000000     -1          2
124             0              0         0  0.00000000     -1          1
125             0              0         0  0.00000000     -1          2
126             0              0         0  0.00000000     -1          2
127             0              0         0  0.00000000     -1          2
