    left daughter right daughter split var split point status prediction
1               2              3         2 0.945653082      1          0
2               4              5         2 0.445407211      1          0
3               6              7         2 0.993121713      1          0
4               8              9         2 0.415246558      1          0
5              10             11         1 0.505353292      1          0
6              12             13         2 0.952247997      1          0
7               0              0         0 0.000000000     -1          1
8              14             15         2 0.402006412      1          0
9              16             17         1 0.447619367      1          0
10             18             19         2 0.498887079      1          0
11             20             21         2 0.500458935      1          0
12              0              0         0 0.000000000     -1          2
13             22             23         2 0.956904040      1          0
14             24             25         2 0.104147795      1          0
15              0              0         0 0.000000000     -1          1
16              0              0         0 0.000000000     -1          1
17              0              0         0 0.000000000     -1          2
18             26             27         1 0.083507158      1          0
19             28             29         2 0.783371830      1          0
20             30             31         1 0.852613218      1          0
21             32             33         1 0.959488210      1          0
22              0              0         0 0.000000000     -1          1
23             34             35         1 0.036601451      1          0
24             36             37         1 0.499226899      1          0
25             38             39         2 0.116525060      1          0
26              0              0         0 0.000000000     -1          1
27              0              0         0 0.000000000     -1          1
28             40             41         2 0.684121765      1          0
29             42             43         1 0.025079612      1          0
30             44             45         1 0.782097716      1          0
31              0              0         0 0.000000000     -1          2
32             46             47         1 0.532676124      1          0
33             48             49         2 0.779981071      1          0
34              0              0         0 0.000000000     -1          1
35             50             51         1 0.377186518      1          0
36             52             53         1 0.329598252      1          0
37             54             55         1 0.764241201      1          0
38              0              0         0 0.000000000     -1          1
39             56             57         2 0.121406065      1          0
40              0              0         0 0.000000000     -1          2
41             58             59         1 0.036433691      1          0
42              0              0         0 0.000000000     -1          1
43             60             61         1 0.426737684      1          0
44             62             63         2 0.494180291      1          0
45              0              0         0 0.000000000     -1          1
46             64             65         1 0.524180979      1          0
47             66             67         2 0.574381866      1          0
48              0              0         0 0.000000000     -1          2
49              0              0         0 0.000000000     -1          1
50             68             69         1 0.145579725      1          0
51              0              0         0 0.000000000     -1          2
52             70             71         2 0.001085088      1          0
53              0              0         0 0.000000000     -1          1
54             72             73         2 0.015523543      1          0
55              0              0         0 0.000000000     -1          2
56              0              0         0 0.000000000     -1          2
57             74             75         2 0.124537801      1          0
58              0              0         0 0.000000000     -1          1
59              0              0         0 0.000000000     -1          2
60             76             77         2 0.902455317      1          0
61             78             79         2 0.830070834      1          0
62             80             81         1 0.634823256      1          0
63              0              0         0 0.000000000     -1          2
64              0              0         0 0.000000000     -1          1
65              0              0         0 0.000000000     -1          2
66              0              0         0 0.000000000     -1          1
67             82             83         1 0.689324515      1          0
68              0              0         0 0.000000000     -1          2
69              0              0         0 0.000000000     -1          2
70              0              0         0 0.000000000     -1          2
71             84             85         1 0.119328974      1          0
72              0              0         0 0.000000000     -1          2
73             86             87         1 0.757856262      1          0
74              0              0         0 0.000000000     -1          1
75             88             89         2 0.130877247      1          0
76              0              0         0 0.000000000     -1          2
77              0              0         0 0.000000000     -1          2
78              0              0         0 0.000000000     -1          1
79              0              0         0 0.000000000     -1          2
80              0              0         0 0.000000000     -1          2
81              0              0         0 0.000000000     -1          2
82             90             91         1 0.683135287      1          0
83             92             93         2 0.601678808      1          0
84              0              0         0 0.000000000     -1          1
85              0              0         0 0.000000000     -1          1
86              0              0         0 0.000000000     -1          2
87              0              0         0 0.000000000     -1          1
88              0              0         0 0.000000000     -1          2
89             94             95         1 0.494038028      1          0
90             96             97         2 0.693045579      1          0
91              0              0         0 0.000000000     -1          2
92              0              0         0 0.000000000     -1          2
93             98             99         1 0.768005893      1          0
94            100            101         2 0.361281404      1          0
95            102            103         1 0.547428360      1          0
96              0              0         0 0.000000000     -1          1
97            104            105         2 0.703225479      1          0
98            106            107         2 0.725630987      1          0
99              0              0         0 0.000000000     -1          1
100           108            109         2 0.328617710      1          0
101           110            111         2 0.367247654      1          0
102             0              0         0 0.000000000     -1          2
103           112            113         1 0.553077775      1          0
104             0              0         0 0.000000000     -1          2
105           114            115         2 0.739875849      1          0
106             0              0         0 0.000000000     -1          1
107             0              0         0 0.000000000     -1          1
108           116            117         1 0.267400099      1          0
109             0              0         0 0.000000000     -1          1
110             0              0         0 0.000000000     -1          2
111           118            119         2 0.391268787      1          0
112             0              0         0 0.000000000     -1          1
113           120            121         1 0.779337700      1          0
114             0              0         0 0.000000000     -1          1
115           122            123         1 0.571967909      1          0
116           124            125         2 0.275395434      1          0
117             0              0         0 0.000000000     -1          1
118             0              0         0 0.000000000     -1          1
119             0              0         0 0.000000000     -1          1
120           126            127         2 0.381331523      1          0
121             0              0         0 0.000000000     -1          2
122             0              0         0 0.000000000     -1          1
123             0              0         0 0.000000000     -1          1
124             0              0         0 0.000000000     -1          1
125             0              0         0 0.000000000     -1          1
126             0              0         0 0.000000000     -1          2
127             0              0         0 0.000000000     -1          2
