    left daughter right daughter split var split point status prediction
1               2              3         1 0.006078218      1          0
2               0              0         0 0.000000000     -1          1
3               4              5         1 0.140388144      1          0
4               6              7         1 0.052345478      1          0
5               8              9         1 0.961576989      1          0
6              10             11         2 0.518759271      1          0
7              12             13         2 0.483811267      1          0
8              14             15         1 0.143778077      1          0
9              16             17         2 0.496050817      1          0
10             18             19         1 0.019140484      1          0
11             20             21         1 0.031257882      1          0
12             22             23         2 0.065849012      1          0
13             24             25         2 0.750188141      1          0
14              0              0         0 0.000000000     -1          1
15             26             27         2 0.510577852      1          0
16              0              0         0 0.000000000     -1          2
17             28             29         2 0.782392430      1          0
18              0              0         0 0.000000000     -1          1
19              0              0         0 0.000000000     -1          1
20              0              0         0 0.000000000     -1          2
21              0              0         0 0.000000000     -1          2
22              0              0         0 0.000000000     -1          2
23             30             31         1 0.098501795      1          0
24             32             33         2 0.731460486      1          0
25              0              0         0 0.000000000     -1          2
26             34             35         1 0.500414393      1          0
27             36             37         2 0.563762372      1          0
28              0              0         0 0.000000000     -1          1
29              0              0         0 0.000000000     -1          1
30              0              0         0 0.000000000     -1          1
31              0              0         0 0.000000000     -1          1
32              0              0         0 0.000000000     -1          2
33              0              0         0 0.000000000     -1          1
34             38             39         2 0.500569542      1          0
35             40             41         1 0.588846983      1          0
36             42             43         2 0.542316121      1          0
37             44             45         1 0.497912076      1          0
38             46             47         1 0.314724013      1          0
39              0              0         0 0.000000000     -1          2
40              0              0         0 0.000000000     -1          2
41             48             49         2 0.501405397      1          0
42             50             51         1 0.492248521      1          0
43              0              0         0 0.000000000     -1          1
44             52             53         2 0.961593339      1          0
45             54             55         1 0.532676124      1          0
46             56             57         2 0.001085088      1          0
47              0              0         0 0.000000000     -1          1
48             58             59         1 0.796001970      1          0
49              0              0         0 0.000000000     -1          1
50              0              0         0 0.000000000     -1          2
51              0              0         0 0.000000000     -1          1
52              0              0         0 0.000000000     -1          2
53              0              0         0 0.000000000     -1          1
54             60             61         1 0.527115496      1          0
55             62             63         2 0.579323258      1          0
56              0              0         0 0.000000000     -1          2
57             64             65         2 0.369251790      1          0
58             66             67         2 0.062592686      1          0
59             68             69         2 0.452255253      1          0
60             70             71         1 0.504454914      1          0
61              0              0         0 0.000000000     -1          2
62              0              0         0 0.000000000     -1          1
63             72             73         2 0.760128125      1          0
64             74             75         1 0.166043882      1          0
65              0              0         0 0.000000000     -1          1
66              0              0         0 0.000000000     -1          2
67             76             77         2 0.235015184      1          0
68             78             79         2 0.282212287      1          0
69              0              0         0 0.000000000     -1          1
70              0              0         0 0.000000000     -1          1
71              0              0         0 0.000000000     -1          1
72             80             81         1 0.647527990      1          0
73             82             83         1 0.632932644      1          0
74              0              0         0 0.000000000     -1          1
75             84             85         2 0.360474013      1          0
76              0              0         0 0.000000000     -1          2
77             86             87         1 0.780554180      1          0
78             88             89         2 0.279745651      1          0
79              0              0         0 0.000000000     -1          2
80             90             91         1 0.557244995      1          0
81             92             93         1 0.649597346      1          0
82              0              0         0 0.000000000     -1          1
83             94             95         1 0.634876190      1          0
84             96             97         2 0.156878057      1          0
85              0              0         0 0.000000000     -1          2
86             98             99         2 0.240039570      1          0
87              0              0         0 0.000000000     -1          1
88            100            101         1 0.895590864      1          0
89              0              0         0 0.000000000     -1          1
90              0              0         0 0.000000000     -1          2
91              0              0         0 0.000000000     -1          1
92              0              0         0 0.000000000     -1          2
93            102            103         1 0.874298341      1          0
94              0              0         0 0.000000000     -1          2
95            104            105         1 0.874663796      1          0
96            106            107         1 0.296999177      1          0
97            108            109         1 0.252571419      1          0
98              0              0         0 0.000000000     -1          1
99            110            111         1 0.678708895      1          0
100             0              0         0 0.000000000     -1          2
101             0              0         0 0.000000000     -1          2
102           112            113         2 0.694102050      1          0
103             0              0         0 0.000000000     -1          1
104           114            115         2 0.947948993      1          0
105             0              0         0 0.000000000     -1          1
106             0              0         0 0.000000000     -1          1
107             0              0         0 0.000000000     -1          1
108             0              0         0 0.000000000     -1          1
109             0              0         0 0.000000000     -1          1
110           116            117         1 0.674844634      1          0
111             0              0         0 0.000000000     -1          2
112           118            119         2 0.600456316      1          0
113           120            121         1 0.862039032      1          0
114           122            123         1 0.673507323      1          0
115             0              0         0 0.000000000     -1          1
116           124            125         1 0.629232092      1          0
117             0              0         0 0.000000000     -1          1
118             0              0         0 0.000000000     -1          1
119             0              0         0 0.000000000     -1          1
120             0              0         0 0.000000000     -1          1
121             0              0         0 0.000000000     -1          2
122             0              0         0 0.000000000     -1          1
123             0              0         0 0.000000000     -1          1
124             0              0         0 0.000000000     -1          2
125           126            127         2 0.455393492      1          0
126             0              0         0 0.000000000     -1          2
127             0              0         0 0.000000000     -1          2
