    left daughter right daughter split var split point status prediction
1               2              3         2 0.993121713      1          0
2               4              5         2 0.006059027      1          0
3               0              0         0 0.000000000     -1          1
4               0              0         0 0.000000000     -1          1
5               6              7         2 0.502239578      1          0
6               8              9         2 0.484687376      1          0
7              10             11         1 0.500341875      1          0
8              12             13         2 0.452876130      1          0
9              14             15         1 0.044464128      1          0
10             16             17         1 0.018764108      1          0
11             18             19         1 0.532676124      1          0
12             20             21         2 0.416851500      1          0
13             22             23         2 0.465565362      1          0
14              0              0         0 0.000000000     -1          1
15              0              0         0 0.000000000     -1          2
16              0              0         0 0.000000000     -1          1
17             24             25         2 0.961593339      1          0
18             26             27         2 0.842002550      1          0
19             28             29         1 0.684899571      1          0
20             30             31         1 0.499911639      1          0
21             32             33         1 0.517473386      1          0
22              0              0         0 0.000000000     -1          1
23              0              0         0 0.000000000     -1          1
24             34             35         1 0.481757763      1          0
25             36             37         2 0.963412725      1          0
26             38             39         1 0.520650729      1          0
27              0              0         0 0.000000000     -1          1
28             40             41         1 0.682784446      1          0
29             42             43         1 0.870189300      1          0
30             44             45         1 0.300376447      1          0
31             46             47         2 0.034014474      1          0
32              0              0         0 0.000000000     -1          1
33             48             49         2 0.429016019      1          0
34             50             51         2 0.750188141      1          0
35              0              0         0 0.000000000     -1          2
36              0              0         0 0.000000000     -1          1
37             52             53         2 0.982768379      1          0
38              0              0         0 0.000000000     -1          1
39              0              0         0 0.000000000     -1          2
40             54             55         2 0.689634463      1          0
41              0              0         0 0.000000000     -1          2
42              0              0         0 0.000000000     -1          1
43             56             57         1 0.871886584      1          0
44             58             59         1 0.296999177      1          0
45              0              0         0 0.000000000     -1          1
46             60             61         1 0.715112339      1          0
47             62             63         2 0.236089567      1          0
48              0              0         0 0.000000000     -1          2
49              0              0         0 0.000000000     -1          2
50             64             65         1 0.098668200      1          0
51              0              0         0 0.000000000     -1          2
52             66             67         1 0.041926716      1          0
53              0              0         0 0.000000000     -1          2
54             68             69         1 0.556671213      1          0
55             70             71         1 0.645315931      1          0
56              0              0         0 0.000000000     -1          2
57              0              0         0 0.000000000     -1          1
58             72             73         1 0.105874229      1          0
59              0              0         0 0.000000000     -1          2
60              0              0         0 0.000000000     -1          2
61              0              0         0 0.000000000     -1          2
62             74             75         1 0.694457259      1          0
63             76             77         1 0.810524259      1          0
64             78             79         2 0.740980121      1          0
65              0              0         0 0.000000000     -1          2
66              0              0         0 0.000000000     -1          1
67             80             81         1 0.372535765      1          0
68              0              0         0 0.000000000     -1          1
69              0              0         0 0.000000000     -1          1
70             82             83         2 0.826263753      1          0
71              0              0         0 0.000000000     -1          2
72             84             85         1 0.098506967      1          0
73             86             87         2 0.360474013      1          0
74              0              0         0 0.000000000     -1          2
75             88             89         2 0.063507217      1          0
76             90             91         1 0.808220293      1          0
77             92             93         2 0.282212287      1          0
78             94             95         1 0.093536008      1          0
79              0              0         0 0.000000000     -1          1
80              0              0         0 0.000000000     -1          2
81              0              0         0 0.000000000     -1          2
82              0              0         0 0.000000000     -1          1
83              0              0         0 0.000000000     -1          1
84             96             97         2 0.091051903      1          0
85              0              0         0 0.000000000     -1          2
86             98             99         2 0.156878057      1          0
87              0              0         0 0.000000000     -1          1
88              0              0         0 0.000000000     -1          2
89            100            101         2 0.125408402      1          0
90            102            103         2 0.236679782      1          0
91              0              0         0 0.000000000     -1          1
92              0              0         0 0.000000000     -1          2
93              0              0         0 0.000000000     -1          2
94              0              0         0 0.000000000     -1          2
95              0              0         0 0.000000000     -1          1
96              0              0         0 0.000000000     -1          1
97            104            105         1 0.023442429      1          0
98            106            107         1 0.217381870      1          0
99              0              0         0 0.000000000     -1          1
100           108            109         2 0.119820196      1          0
101             0              0         0 0.000000000     -1          2
102             0              0         0 0.000000000     -1          1
103           110            111         1 0.657404986      1          0
104             0              0         0 0.000000000     -1          1
105           112            113         2 0.376665717      1          0
106             0              0         0 0.000000000     -1          1
107             0              0         0 0.000000000     -1          1
108             0              0         0 0.000000000     -1          2
109             0              0         0 0.000000000     -1          1
110           114            115         1 0.648029145      1          0
111             0              0         0 0.000000000     -1          2
112             0              0         0 0.000000000     -1          1
113             0              0         0 0.000000000     -1          1
114           116            117         1 0.552102944      1          0
115             0              0         0 0.000000000     -1          1
116             0              0         0 0.000000000     -1          2
117             0              0         0 0.000000000     -1          2
