    left daughter right daughter split var split point status prediction
1               2              3         2 0.993937350      1          0
2               4              5         2 0.976992438      1          0
3               0              0         0 0.000000000     -1          1
4               6              7         2 0.105684257      1          0
5               8              9         1 0.509072794      1          0
6              10             11         1 0.499226899      1          0
7              12             13         1 0.665746560      1          0
8               0              0         0 0.000000000     -1          2
9               0              0         0 0.000000000     -1          1
10             14             15         1 0.076117095      1          0
11             16             17         2 0.034014474      1          0
12             18             19         1 0.098717924      1          0
13             20             21         2 0.501625787      1          0
14              0              0         0 0.000000000     -1          2
15             22             23         2 0.001085088      1          0
16             24             25         2 0.029553741      1          0
17              0              0         0 0.000000000     -1          2
18             26             27         1 0.092966802      1          0
19             28             29         1 0.658354109      1          0
20             30             31         1 0.678708895      1          0
21             32             33         1 0.962958741      1          0
22              0              0         0 0.000000000     -1          2
23              0              0         0 0.000000000     -1          1
24             34             35         1 0.744382772      1          0
25              0              0         0 0.000000000     -1          1
26             36             37         1 0.091273645      1          0
27              0              0         0 0.000000000     -1          1
28             38             39         1 0.130051694      1          0
29              0              0         0 0.000000000     -1          2
30              0              0         0 0.000000000     -1          2
31             40             41         2 0.125408402      1          0
32             42             43         1 0.772870698      1          0
33              0              0         0 0.000000000     -1          1
34              0              0         0 0.000000000     -1          2
35              0              0         0 0.000000000     -1          2
36             44             45         2 0.518759271      1          0
37              0              0         0 0.000000000     -1          2
38              0              0         0 0.000000000     -1          2
39             46             47         2 0.507432610      1          0
40              0              0         0 0.000000000     -1          1
41             48             49         2 0.427692236      1          0
42             50             51         1 0.760797166      1          0
43             52             53         1 0.870189300      1          0
44             54             55         2 0.202572515      1          0
45             56             57         2 0.961041869      1          0
46             58             59         2 0.119585026      1          0
47             60             61         1 0.498777420      1          0
48             62             63         1 0.935997080      1          0
49             64             65         2 0.429226923      1          0
50             66             67         1 0.684899571      1          0
51              0              0         0 0.000000000     -1          2
52              0              0         0 0.000000000     -1          1
53             68             69         1 0.887562698      1          0
54              0              0         0 0.000000000     -1          1
55              0              0         0 0.000000000     -1          1
56             70             71         1 0.090619099      1          0
57              0              0         0 0.000000000     -1          1
58              0              0         0 0.000000000     -1          1
59             72             73         2 0.165408602      1          0
60             74             75         1 0.131831036      1          0
61             76             77         2 0.871738355      1          0
62              0              0         0 0.000000000     -1          2
63             78             79         2 0.300935071      1          0
64              0              0         0 0.000000000     -1          1
65             80             81         2 0.465565362      1          0
66              0              0         0 0.000000000     -1          1
67              0              0         0 0.000000000     -1          1
68              0              0         0 0.000000000     -1          2
69              0              0         0 0.000000000     -1          1
70             82             83         1 0.018764108      1          0
71              0              0         0 0.000000000     -1          1
72             84             85         1 0.506587072      1          0
73             86             87         2 0.173971354      1          0
74              0              0         0 0.000000000     -1          1
75             88             89         1 0.471999291      1          0
76             90             91         1 0.558308657      1          0
77              0              0         0 0.000000000     -1          1
78              0              0         0 0.000000000     -1          2
79              0              0         0 0.000000000     -1          2
80              0              0         0 0.000000000     -1          2
81              0              0         0 0.000000000     -1          2
82              0              0         0 0.000000000     -1          2
83             92             93         1 0.069867035      1          0
84              0              0         0 0.000000000     -1          1
85              0              0         0 0.000000000     -1          2
86              0              0         0 0.000000000     -1          1
87             94             95         1 0.500781700      1          0
88             96             97         1 0.183600455      1          0
89              0              0         0 0.000000000     -1          2
90             98             99         1 0.520650729      1          0
91            100            101         2 0.735678652      1          0
92              0              0         0 0.000000000     -1          2
93              0              0         0 0.000000000     -1          2
94            102            103         1 0.164026221      1          0
95            104            105         2 0.455393492      1          0
96            106            107         1 0.180926842      1          0
97              0              0         0 0.000000000     -1          2
98              0              0         0 0.000000000     -1          1
99              0              0         0 0.000000000     -1          2
100           108            109         1 0.624026376      1          0
101             0              0         0 0.000000000     -1          1
102             0              0         0 0.000000000     -1          1
103           110            111         2 0.277970995      1          0
104           112            113         2 0.350665531      1          0
105             0              0         0 0.000000000     -1          1
106             0              0         0 0.000000000     -1          2
107             0              0         0 0.000000000     -1          1
108             0              0         0 0.000000000     -1          1
109             0              0         0 0.000000000     -1          1
110           114            115         2 0.274937500      1          0
111             0              0         0 0.000000000     -1          1
112           116            117         1 0.634170153      1          0
113           118            119         2 0.365510329      1          0
114             0              0         0 0.000000000     -1          1
115             0              0         0 0.000000000     -1          2
116             0              0         0 0.000000000     -1          2
117             0              0         0 0.000000000     -1          1
118             0              0         0 0.000000000     -1          1
119             0              0         0 0.000000000     -1          2
