    left daughter right daughter split var split point status prediction
1               2              3         1 0.021349421      1          0
2               4              5         2 0.736775618      1          0
3               6              7         2 0.993121713      1          0
4               0              0         0 0.000000000     -1          1
5               0              0         0 0.000000000     -1          1
6               8              9         2 0.476365496      1          0
7               0              0         0 0.000000000     -1          1
8              10             11         2 0.453979016      1          0
9              12             13         1 0.471999291      1          0
10             14             15         2 0.008829501      1          0
11             16             17         1 0.468361775      1          0
12             18             19         1 0.075681028      1          0
13             20             21         2 0.501405397      1          0
14              0              0         0 0.000000000     -1          2
15             22             23         2 0.019270876      1          0
16              0              0         0 0.000000000     -1          1
17              0              0         0 0.000000000     -1          1
18             24             25         1 0.070382438      1          0
19             26             27         2 0.498887079      1          0
20             28             29         1 0.568113765      1          0
21             30             31         2 0.527513860      1          0
22              0              0         0 0.000000000     -1          1
23             32             33         2 0.027884469      1          0
24             34             35         2 0.942503205      1          0
25              0              0         0 0.000000000     -1          1
26              0              0         0 0.000000000     -1          1
27             36             37         2 0.738256933      1          0
28              0              0         0 0.000000000     -1          2
29              0              0         0 0.000000000     -1          2
30              0              0         0 0.000000000     -1          1
31             38             39         2 0.587727213      1          0
32              0              0         0 0.000000000     -1          2
33             40             41         2 0.326236851      1          0
34              0              0         0 0.000000000     -1          2
35              0              0         0 0.000000000     -1          2
36             42             43         2 0.726053202      1          0
37              0              0         0 0.000000000     -1          2
38              0              0         0 0.000000000     -1          1
39             44             45         2 0.588589779      1          0
40             46             47         2 0.319807343      1          0
41             48             49         1 0.505257008      1          0
42             50             51         1 0.098668200      1          0
43              0              0         0 0.000000000     -1          1
44              0              0         0 0.000000000     -1          2
45             52             53         1 0.686395383      1          0
46             54             55         1 0.499911639      1          0
47              0              0         0 0.000000000     -1          1
48             56             57         1 0.114116359      1          0
49             58             59         1 0.975528453      1          0
50              0              0         0 0.000000000     -1          2
51              0              0         0 0.000000000     -1          2
52             60             61         2 0.867080390      1          0
53             62             63         2 0.947948993      1          0
54             64             65         2 0.061654748      1          0
55             66             67         1 0.634170153      1          0
56             68             69         1 0.082745554      1          0
57             70             71         2 0.365977019      1          0
58             72             73         2 0.384796945      1          0
59              0              0         0 0.000000000     -1          2
60             74             75         1 0.600600891      1          0
61             76             77         1 0.502862751      1          0
62             78             79         2 0.835619442      1          0
63              0              0         0 0.000000000     -1          1
64              0              0         0 0.000000000     -1          1
65             80             81         2 0.155757502      1          0
66             82             83         2 0.317018792      1          0
67             84             85         2 0.062592686      1          0
68              0              0         0 0.000000000     -1          1
69              0              0         0 0.000000000     -1          2
70              0              0         0 0.000000000     -1          1
71              0              0         0 0.000000000     -1          1
72              0              0         0 0.000000000     -1          2
73             86             87         2 0.391849283      1          0
74             88             89         1 0.558308657      1          0
75              0              0         0 0.000000000     -1          2
76              0              0         0 0.000000000     -1          1
77              0              0         0 0.000000000     -1          1
78             90             91         2 0.831130334      1          0
79              0              0         0 0.000000000     -1          1
80             92             93         1 0.217381870      1          0
81             94             95         1 0.164026221      1          0
82              0              0         0 0.000000000     -1          2
83              0              0         0 0.000000000     -1          1
84              0              0         0 0.000000000     -1          2
85             96             97         2 0.231329331      1          0
86              0              0         0 0.000000000     -1          1
87              0              0         0 0.000000000     -1          2
88             98             99         2 0.606975818      1          0
89            100            101         2 0.744446388      1          0
90            102            103         1 0.961324374      1          0
91              0              0         0 0.000000000     -1          2
92              0              0         0 0.000000000     -1          1
93              0              0         0 0.000000000     -1          1
94            104            105         1 0.162718950      1          0
95              0              0         0 0.000000000     -1          1
96            106            107         2 0.124225807      1          0
97            108            109         2 0.237255290      1          0
98              0              0         0 0.000000000     -1          1
99              0              0         0 0.000000000     -1          2
100             0              0         0 0.000000000     -1          1
101             0              0         0 0.000000000     -1          1
102           110            111         1 0.760797166      1          0
103             0              0         0 0.000000000     -1          1
104             0              0         0 0.000000000     -1          1
105             0              0         0 0.000000000     -1          2
106           112            113         2 0.119820196      1          0
107             0              0         0 0.000000000     -1          2
108             0              0         0 0.000000000     -1          1
109           114            115         1 0.801778734      1          0
110             0              0         0 0.000000000     -1          1
111           116            117         2 0.697805498      1          0
112             0              0         0 0.000000000     -1          2
113             0              0         0 0.000000000     -1          1
114             0              0         0 0.000000000     -1          2
115           118            119         2 0.279745651      1          0
116             0              0         0 0.000000000     -1          1
117           120            121         2 0.712554121      1          0
118             0              0         0 0.000000000     -1          2
119             0              0         0 0.000000000     -1          1
120             0              0         0 0.000000000     -1          2
121           122            123         2 0.742123120      1          0
122             0              0         0 0.000000000     -1          1
123             0              0         0 0.000000000     -1          1
