    left daughter right daughter split var split point status prediction
1               2              3         2 0.993121713      1          0
2               4              5         1 0.950250226      1          0
3               0              0         0 0.000000000     -1          1
4               6              7         1 0.040315954      1          0
5               8              9         2 0.792456428      1          0
6              10             11         2 0.518759271      1          0
7              12             13         1 0.265818451      1          0
8              14             15         1 0.975465366      1          0
9               0              0         0 0.000000000     -1          1
10             16             17         1 0.019140484      1          0
11             18             19         2 0.834955413      1          0
12             20             21         2 0.490983944      1          0
13             22             23         2 0.500881565      1          0
14              0              0         0 0.000000000     -1          2
15             24             25         1 0.981459222      1          0
16              0              0         0 0.000000000     -1          1
17              0              0         0 0.000000000     -1          1
18              0              0         0 0.000000000     -1          2
19              0              0         0 0.000000000     -1          1
20             26             27         2 0.087185257      1          0
21             28             29         2 0.736609370      1          0
22             30             31         2 0.493688322      1          0
23             32             33         2 0.896398136      1          0
24              0              0         0 0.000000000     -1          1
25              0              0         0 0.000000000     -1          2
26              0              0         0 0.000000000     -1          1
27             34             35         2 0.280155930      1          0
28              0              0         0 0.000000000     -1          2
29             36             37         1 0.069150297      1          0
30             38             39         2 0.029257326      1          0
31              0              0         0 0.000000000     -1          2
32             40             41         1 0.499476531      1          0
33             42             43         1 0.469758531      1          0
34             44             45         1 0.161625446      1          0
35              0              0         0 0.000000000     -1          1
36              0              0         0 0.000000000     -1          2
37             46             47         1 0.073786990      1          0
38             48             49         2 0.005709992      1          0
39             50             51         1 0.500414393      1          0
40             52             53         2 0.719733792      1          0
41             54             55         2 0.893451575      1          0
42              0              0         0 0.000000000     -1          2
43             56             57         1 0.857111506      1          0
44              0              0         0 0.000000000     -1          1
45             58             59         1 0.164026221      1          0
46              0              0         0 0.000000000     -1          1
47             60             61         2 0.753422684      1          0
48              0              0         0 0.000000000     -1          1
49              0              0         0 0.000000000     -1          2
50             62             63         1 0.272798714      1          0
51             64             65         1 0.547428360      1          0
52              0              0         0 0.000000000     -1          2
53             66             67         2 0.727209921      1          0
54             68             69         1 0.529409373      1          0
55              0              0         0 0.000000000     -1          2
56              0              0         0 0.000000000     -1          1
57              0              0         0 0.000000000     -1          2
58              0              0         0 0.000000000     -1          2
59             70             71         1 0.179539934      1          0
60              0              0         0 0.000000000     -1          1
61             72             73         2 0.979008724      1          0
62              0              0         0 0.000000000     -1          1
63             74             75         2 0.127228184      1          0
64              0              0         0 0.000000000     -1          2
65             76             77         2 0.462524666      1          0
66              0              0         0 0.000000000     -1          1
67             78             79         2 0.787522187      1          0
68             80             81         1 0.520925892      1          0
69             82             83         2 0.587999230      1          0
70              0              0         0 0.000000000     -1          1
71              0              0         0 0.000000000     -1          1
72             84             85         2 0.900071372      1          0
73              0              0         0 0.000000000     -1          2
74              0              0         0 0.000000000     -1          1
75              0              0         0 0.000000000     -1          1
76             86             87         2 0.039334648      1          0
77              0              0         0 0.000000000     -1          2
78             88             89         2 0.783371830      1          0
79              0              0         0 0.000000000     -1          2
80              0              0         0 0.000000000     -1          1
81              0              0         0 0.000000000     -1          2
82             90             91         1 0.850072735      1          0
83             92             93         1 0.814116372      1          0
84              0              0         0 0.000000000     -1          2
85              0              0         0 0.000000000     -1          2
86              0              0         0 0.000000000     -1          1
87             94             95         1 0.550372880      1          0
88              0              0         0 0.000000000     -1          2
89              0              0         0 0.000000000     -1          1
90              0              0         0 0.000000000     -1          1
91              0              0         0 0.000000000     -1          1
92             96             97         2 0.591062068      1          0
93              0              0         0 0.000000000     -1          1
94              0              0         0 0.000000000     -1          1
95             98             99         2 0.061863520      1          0
96              0              0         0 0.000000000     -1          2
97            100            101         2 0.693312519      1          0
98              0              0         0 0.000000000     -1          2
99            102            103         2 0.382779144      1          0
100             0              0         0 0.000000000     -1          1
101           104            105         2 0.700870859      1          0
102           106            107         2 0.307148742      1          0
103           108            109         1 0.678708895      1          0
104             0              0         0 0.000000000     -1          2
105           110            111         2 0.754386040      1          0
106           112            113         2 0.304614678      1          0
107             0              0         0 0.000000000     -1          2
108             0              0         0 0.000000000     -1          2
109             0              0         0 0.000000000     -1          2
110             0              0         0 0.000000000     -1          1
111           114            115         1 0.600600891      1          0
112           116            117         1 0.692939878      1          0
113             0              0         0 0.000000000     -1          1
114             0              0         0 0.000000000     -1          1
115           118            119         1 0.634876190      1          0
116             0              0         0 0.000000000     -1          2
117           120            121         1 0.700901951      1          0
118             0              0         0 0.000000000     -1          2
119           122            123         1 0.643112124      1          0
120             0              0         0 0.000000000     -1          1
121           124            125         2 0.236262122      1          0
122             0              0         0 0.000000000     -1          1
123           126            127         2 0.764868106      1          0
124             0              0         0 0.000000000     -1          2
125             0              0         0 0.000000000     -1          2
126             0              0         0 0.000000000     -1          2
127             0              0         0 0.000000000     -1          1
