    left daughter right daughter split var split point status prediction
1               2              3         1  0.03990884      1          0
2               4              5         2  0.52780596      1          0
3               6              7         1  0.07030975      1          0
4               8              9         2  0.21777770      1          0
5              10             11         2  0.67683451      1          0
6              12             13         1  0.05602118      1          0
7              14             15         2  0.43540096      1          0
8               0              0         0  0.00000000     -1          1
9               0              0         0  0.00000000     -1          1
10              0              0         0  0.00000000     -1          2
11              0              0         0  0.00000000     -1          2
12             16             17         1  0.04328657      1          0
13             18             19         1  0.06544196      1          0
14             20             21         1  0.49991164      1          0
15             22             23         2  0.98710419      1          0
16              0              0         0  0.00000000     -1          2
17              0              0         0  0.00000000     -1          1
18              0              0         0  0.00000000     -1          2
19              0              0         0  0.00000000     -1          2
20             24             25         1  0.10587423      1          0
21             26             27         2  0.42787348      1          0
22             28             29         1  0.51066079      1          0
23              0              0         0  0.00000000     -1          1
24             30             31         1  0.09850697      1          0
25             32             33         1  0.31853413      1          0
26             34             35         1  0.73343111      1          0
27              0              0         0  0.00000000     -1          1
28             36             37         1  0.07617990      1          0
29             38             39         2  0.50162579      1          0
30              0              0         0  0.00000000     -1          1
31              0              0         0  0.00000000     -1          2
32             40             41         1  0.31193028      1          0
33              0              0         0  0.00000000     -1          1
34             42             43         2  0.23090533      1          0
35             44             45         1  0.74257282      1          0
36              0              0         0  0.00000000     -1          1
37             46             47         2  0.49078329      1          0
38             48             49         2  0.46556536      1          0
39             50             51         2  0.98352657      1          0
40             52             53         1  0.18147130      1          0
41              0              0         0  0.00000000     -1          2
42              0              0         0  0.00000000     -1          2
43             54             55         2  0.23660066      1          0
44              0              0         0  0.00000000     -1          1
45             56             57         1  0.81151631      1          0
46             58             59         1  0.50292627      1          0
47             60             61         2  0.95822925      1          0
48              0              0         0  0.00000000     -1          2
49             62             63         2  0.49144084      1          0
50             64             65         2  0.85747547      1          0
51              0              0         0  0.00000000     -1          2
52             66             67         1  0.15800686      1          0
53             68             69         1  0.25864186      1          0
54              0              0         0  0.00000000     -1          1
55              0              0         0  0.00000000     -1          2
56             70             71         2  0.36308175      1          0
57             72             73         2  0.23402924      1          0
58              0              0         0  0.00000000     -1          1
59              0              0         0  0.00000000     -1          2
60             74             75         1  0.50034188      1          0
61              0              0         0  0.00000000     -1          2
62              0              0         0  0.00000000     -1          2
63              0              0         0  0.00000000     -1          2
64             76             77         1  0.95939660      1          0
65             78             79         1  0.85254428      1          0
66              0              0         0  0.00000000     -1          1
67              0              0         0  0.00000000     -1          1
68              0              0         0  0.00000000     -1          1
69             80             81         1  0.26252407      1          0
70             82             83         2  0.30135135      1          0
71              0              0         0  0.00000000     -1          1
72             84             85         2  0.23053950      1          0
73              0              0         0  0.00000000     -1          2
74             86             87         2  0.68262551      1          0
75              0              0         0  0.00000000     -1          2
76             88             89         1  0.64942092      1          0
77              0              0         0  0.00000000     -1          1
78              0              0         0  0.00000000     -1          1
79              0              0         0  0.00000000     -1          1
80              0              0         0  0.00000000     -1          2
81              0              0         0  0.00000000     -1          1
82              0              0         0  0.00000000     -1          2
83              0              0         0  0.00000000     -1          2
84              0              0         0  0.00000000     -1          2
85              0              0         0  0.00000000     -1          1
86             90             91         1  0.13458457      1          0
87             92             93         2  0.68571311      1          0
88             94             95         1  0.63266824      1          0
89             96             97         1  0.74101136      1          0
90              0              0         0  0.00000000     -1          2
91              0              0         0  0.00000000     -1          2
92              0              0         0  0.00000000     -1          1
93             98             99         1  0.09127365      1          0
94            100            101         1  0.52940937      1          0
95              0              0         0  0.00000000     -1          2
96              0              0         0  0.00000000     -1          1
97            102            103         2  0.60398759      1          0
98              0              0         0  0.00000000     -1          2
99            104            105         1  0.42673768      1          0
100             0              0         0  0.00000000     -1          1
101           106            107         2  0.80865917      1          0
102           108            109         1  0.74830700      1          0
103           110            111         1  0.77410987      1          0
104           112            113         1  0.18663398      1          0
105             0              0         0  0.00000000     -1          2
106           114            115         1  0.55724500      1          0
107             0              0         0  0.00000000     -1          1
108             0              0         0  0.00000000     -1          2
109           116            117         1  0.88170570      1          0
110             0              0         0  0.00000000     -1          1
111             0              0         0  0.00000000     -1          1
112           118            119         1  0.18092684      1          0
113             0              0         0  0.00000000     -1          2
114             0              0         0  0.00000000     -1          1
115             0              0         0  0.00000000     -1          1
116             0              0         0  0.00000000     -1          1
117             0              0         0  0.00000000     -1          1
118             0              0         0  0.00000000     -1          2
119             0              0         0  0.00000000     -1          1
