    left daughter right daughter split var split point status prediction
1               2              3         2 0.993121713      1          0
2               4              5         1 0.066390913      1          0
3               0              0         0 0.000000000     -1          1
4               6              7         1 0.027646010      1          0
5               8              9         2 0.835619442      1          0
6              10             11         1 0.021084006      1          0
7              12             13         2 0.540531877      1          0
8              14             15         1 0.513323253      1          0
9              16             17         1 0.511459870      1          0
10             18             19         1 0.008499199      1          0
11              0              0         0 0.000000000     -1          2
12              0              0         0 0.000000000     -1          1
13              0              0         0 0.000000000     -1          2
14             20             21         2 0.491436341      1          0
15             22             23         1 0.556735465      1          0
16             24             25         2 0.945351556      1          0
17             26             27         1 0.673507323      1          0
18              0              0         0 0.000000000     -1          1
19              0              0         0 0.000000000     -1          1
20             28             29         1 0.500236421      1          0
21             30             31         2 0.786514952      1          0
22             32             33         1 0.532784304      1          0
23             34             35         2 0.502178581      1          0
24             36             37         1 0.081087517      1          0
25              0              0         0 0.000000000     -1          2
26             38             39         2 0.897774286      1          0
27             40             41         2 0.947948993      1          0
28             42             43         1 0.314789397      1          0
29              0              0         0 0.000000000     -1          2
30             44             45         2 0.783371830      1          0
31              0              0         0 0.000000000     -1          2
32              0              0         0 0.000000000     -1          2
33             46             47         2 0.716892381      1          0
34             48             49         2 0.453979016      1          0
35             50             51         2 0.831130334      1          0
36              0              0         0 0.000000000     -1          1
37             52             53         1 0.494274058      1          0
38              0              0         0 0.000000000     -1          1
39              0              0         0 0.000000000     -1          1
40              0              0         0 0.000000000     -1          1
41              0              0         0 0.000000000     -1          1
42             54             55         2 0.006163299      1          0
43              0              0         0 0.000000000     -1          1
44             56             57         1 0.501905454      1          0
45              0              0         0 0.000000000     -1          1
46             58             59         1 0.547428360      1          0
47              0              0         0 0.000000000     -1          1
48             60             61         1 0.810524259      1          0
49             62             63         2 0.464374493      1          0
50             64             65         1 0.959396602      1          0
51              0              0         0 0.000000000     -1          2
52              0              0         0 0.000000000     -1          2
53              0              0         0 0.000000000     -1          2
54              0              0         0 0.000000000     -1          2
55             66             67         1 0.162718950      1          0
56             68             69         2 0.684286686      1          0
57              0              0         0 0.000000000     -1          1
58              0              0         0 0.000000000     -1          2
59              0              0         0 0.000000000     -1          2
60             70             71         2 0.391849283      1          0
61             72             73         2 0.234029236      1          0
62              0              0         0 0.000000000     -1          1
63             74             75         2 0.491440840      1          0
64             76             77         1 0.770989577      1          0
65              0              0         0 0.000000000     -1          1
66             78             79         1 0.082982546      1          0
67             80             81         1 0.166043882      1          0
68              0              0         0 0.000000000     -1          2
69             82             83         1 0.096867270      1          0
70             84             85         2 0.349925378      1          0
71              0              0         0 0.000000000     -1          2
72             86             87         2 0.229521016      1          0
73              0              0         0 0.000000000     -1          2
74              0              0         0 0.000000000     -1          2
75              0              0         0 0.000000000     -1          2
76             88             89         2 0.693835110      1          0
77              0              0         0 0.000000000     -1          1
78              0              0         0 0.000000000     -1          1
79              0              0         0 0.000000000     -1          1
80              0              0         0 0.000000000     -1          2
81             90             91         2 0.379723630      1          0
82              0              0         0 0.000000000     -1          1
83             92             93         2 0.727209921      1          0
84             94             95         1 0.809681434      1          0
85              0              0         0 0.000000000     -1          2
86              0              0         0 0.000000000     -1          2
87              0              0         0 0.000000000     -1          1
88             96             97         1 0.628004974      1          0
89             98             99         1 0.760336327      1          0
90            100            101         2 0.360474013      1          0
91              0              0         0 0.000000000     -1          1
92            102            103         2 0.726053202      1          0
93              0              0         0 0.000000000     -1          2
94            104            105         2 0.236679782      1          0
95              0              0         0 0.000000000     -1          1
96            106            107         1 0.619901084      1          0
97              0              0         0 0.000000000     -1          1
98            108            109         2 0.699266084      1          0
99              0              0         0 0.000000000     -1          2
100           110            111         1 0.182528679      1          0
101             0              0         0 0.000000000     -1          2
102             0              0         0 0.000000000     -1          2
103             0              0         0 0.000000000     -1          1
104           112            113         2 0.230905328      1          0
105             0              0         0 0.000000000     -1          2
106             0              0         0 0.000000000     -1          1
107             0              0         0 0.000000000     -1          2
108             0              0         0 0.000000000     -1          2
109           114            115         2 0.761232018      1          0
110             0              0         0 0.000000000     -1          1
111           116            117         1 0.293678069      1          0
112           118            119         2 0.042567724      1          0
113             0              0         0 0.000000000     -1          1
114             0              0         0 0.000000000     -1          1
115             0              0         0 0.000000000     -1          1
116           120            121         2 0.274937500      1          0
117             0              0         0 0.000000000     -1          1
118             0              0         0 0.000000000     -1          2
119             0              0         0 0.000000000     -1          2
120             0              0         0 0.000000000     -1          1
121             0              0         0 0.000000000     -1          1
