    left daughter right daughter split var split point status prediction
1               2              3         2 0.928636490      1          0
2               4              5         2 0.908356622      1          0
3               6              7         1 0.493498738      1          0
4               8              9         1 0.508331604      1          0
5               0              0         0 0.000000000     -1          2
6              10             11         1 0.036601451      1          0
7              12             13         1 0.857111506      1          0
8              14             15         2 0.492453057      1          0
9              16             17         2 0.501405397      1          0
10              0              0         0 0.000000000     -1          1
11             18             19         1 0.145579725      1          0
12              0              0         0 0.000000000     -1          1
13              0              0         0 0.000000000     -1          1
14             20             21         1 0.499911639      1          0
15             22             23         1 0.499476531      1          0
16             24             25         1 0.675366921      1          0
17             26             27         1 0.514457819      1          0
18              0              0         0 0.000000000     -1          2
19              0              0         0 0.000000000     -1          2
20             28             29         2 0.118207247      1          0
21              0              0         0 0.000000000     -1          2
22             30             31         1 0.018061500      1          0
23              0              0         0 0.000000000     -1          1
24             32             33         2 0.455393492      1          0
25             34             35         2 0.035385815      1          0
26              0              0         0 0.000000000     -1          2
27             36             37         2 0.760305003      1          0
28             38             39         1 0.325690072      1          0
29             40             41         1 0.264505703      1          0
30              0              0         0 0.000000000     -1          2
31             42             43         1 0.098668200      1          0
32              0              0         0 0.000000000     -1          2
33              0              0         0 0.000000000     -1          2
34              0              0         0 0.000000000     -1          2
35             44             45         1 0.678708895      1          0
36             46             47         1 0.951901855      1          0
37             48             49         2 0.893451575      1          0
38             50             51         2 0.116525060      1          0
39              0              0         0 0.000000000     -1          1
40             52             53         1 0.253284633      1          0
41              0              0         0 0.000000000     -1          1
42             54             55         2 0.728203943      1          0
43             56             57         2 0.502761249      1          0
44              0              0         0 0.000000000     -1          1
45             58             59         2 0.452876130      1          0
46             60             61         1 0.556671213      1          0
47              0              0         0 0.000000000     -1          1
48              0              0         0 0.000000000     -1          1
49              0              0         0 0.000000000     -1          1
50             62             63         2 0.001085088      1          0
51              0              0         0 0.000000000     -1          2
52             64             65         1 0.082745554      1          0
53              0              0         0 0.000000000     -1          2
54             66             67         1 0.095712623      1          0
55              0              0         0 0.000000000     -1          1
56              0              0         0 0.000000000     -1          1
57             68             69         1 0.428342298      1          0
58             70             71         1 0.700901951      1          0
59             72             73         1 0.785866851      1          0
60              0              0         0 0.000000000     -1          1
61             74             75         1 0.649597346      1          0
62              0              0         0 0.000000000     -1          2
63             76             77         2 0.072932522      1          0
64              0              0         0 0.000000000     -1          1
65             78             79         1 0.084213673      1          0
66              0              0         0 0.000000000     -1          2
67              0              0         0 0.000000000     -1          1
68             80             81         1 0.183600455      1          0
69             82             83         2 0.775237010      1          0
70              0              0         0 0.000000000     -1          2
71             84             85         1 0.808220293      1          0
72              0              0         0 0.000000000     -1          2
73              0              0         0 0.000000000     -1          2
74             86             87         1 0.643875473      1          0
75             88             89         2 0.590573263      1          0
76             90             91         1 0.105260470      1          0
77              0              0         0 0.000000000     -1          1
78              0              0         0 0.000000000     -1          2
79             92             93         2 0.280155930      1          0
80             94             95         1 0.180037120      1          0
81             96             97         2 0.726053202      1          0
82              0              0         0 0.000000000     -1          2
83              0              0         0 0.000000000     -1          1
84              0              0         0 0.000000000     -1          2
85             98             99         2 0.309367062      1          0
86            100            101         1 0.624026376      1          0
87              0              0         0 0.000000000     -1          2
88            102            103         2 0.571154820      1          0
89            104            105         2 0.739438785      1          0
90              0              0         0 0.000000000     -1          1
91              0              0         0 0.000000000     -1          1
92            106            107         2 0.278385209      1          0
93              0              0         0 0.000000000     -1          1
94            108            109         1 0.131831036      1          0
95              0              0         0 0.000000000     -1          1
96              0              0         0 0.000000000     -1          2
97            110            111         1 0.275184302      1          0
98            112            113         2 0.279745651      1          0
99              0              0         0 0.000000000     -1          2
100           114            115         1 0.579279750      1          0
101             0              0         0 0.000000000     -1          1
102           116            117         1 0.860560408      1          0
103             0              0         0 0.000000000     -1          2
104             0              0         0 0.000000000     -1          1
105             0              0         0 0.000000000     -1          1
106             0              0         0 0.000000000     -1          1
107             0              0         0 0.000000000     -1          2
108             0              0         0 0.000000000     -1          2
109             0              0         0 0.000000000     -1          2
110             0              0         0 0.000000000     -1          2
111             0              0         0 0.000000000     -1          2
112           118            119         1 0.901505234      1          0
113             0              0         0 0.000000000     -1          1
114             0              0         0 0.000000000     -1          1
115             0              0         0 0.000000000     -1          1
116             0              0         0 0.000000000     -1          1
117             0              0         0 0.000000000     -1          1
118           120            121         1 0.891742449      1          0
119             0              0         0 0.000000000     -1          2
120             0              0         0 0.000000000     -1          2
121             0              0         0 0.000000000     -1          1
