    left daughter right daughter split var split point status prediction
1               2              3         2  0.89991587      1          0
2               4              5         1  0.52692118      1          0
3               6              7         1  0.49349874      1          0
4               8              9         1  0.41197717      1          0
5              10             11         1  0.53267612      1          0
6              12             13         2  0.96537531      1          0
7              14             15         2  0.98306033      1          0
8              16             17         1  0.37201728      1          0
9              18             19         1  0.42101253      1          0
10              0              0         0  0.00000000     -1          2
11             20             21         2  0.50140540      1          0
12             22             23         1  0.46975853      1          0
13              0              0         0  0.00000000     -1          1
14              0              0         0  0.00000000     -1          1
15             24             25         2  0.98710419      1          0
16             26             27         2  0.48836279      1          0
17             28             29         1  0.39692925      1          0
18              0              0         0  0.00000000     -1          1
19             30             31         1  0.42193766      1          0
20             32             33         1  0.93823478      1          0
21             34             35         1  0.96286713      1          0
22             36             37         2  0.90626412      1          0
23              0              0         0  0.00000000     -1          1
24              0              0         0  0.00000000     -1          2
25              0              0         0  0.00000000     -1          1
26             38             39         1  0.01914048      1          0
27             40             41         2  0.50884932      1          0
28             42             43         1  0.39409449      1          0
29              0              0         0  0.00000000     -1          2
30              0              0         0  0.00000000     -1          2
31             44             45         1  0.50041439      1          0
32             46             47         2  0.23132933      1          0
33              0              0         0  0.00000000     -1          2
34             48             49         2  0.89345158      1          0
35             50             51         1  0.97372006      1          0
36              0              0         0  0.00000000     -1          1
37              0              0         0  0.00000000     -1          2
38              0              0         0  0.00000000     -1          1
39             52             53         2  0.36724765      1          0
40              0              0         0  0.00000000     -1          2
41             54             55         2  0.58259954      1          0
42             56             57         2  0.42803606      1          0
43              0              0         0  0.00000000     -1          1
44             58             59         2  0.49755545      1          0
45             60             61         2  0.51638403      1          0
46              0              0         0  0.00000000     -1          2
47             62             63         1  0.93599708      1          0
48             64             65         2  0.57438187      1          0
49              0              0         0  0.00000000     -1          2
50              0              0         0  0.00000000     -1          2
51              0              0         0  0.00000000     -1          1
52             66             67         2  0.36286581      1          0
53              0              0         0  0.00000000     -1          1
54              0              0         0  0.00000000     -1          2
55             68             69         2  0.58691604      1          0
56              0              0         0  0.00000000     -1          1
57              0              0         0  0.00000000     -1          2
58              0              0         0  0.00000000     -1          1
59             70             71         2  0.76811501      1          0
60              0              0         0  0.00000000     -1          2
61              0              0         0  0.00000000     -1          1
62             72             73         2  0.23393580      1          0
63              0              0         0  0.00000000     -1          1
64              0              0         0  0.00000000     -1          1
65             74             75         2  0.63007555      1          0
66             76             77         1  0.27089211      1          0
67              0              0         0  0.00000000     -1          2
68              0              0         0  0.00000000     -1          1
69             78             79         2  0.68397039      1          0
70              0              0         0  0.00000000     -1          2
71              0              0         0  0.00000000     -1          2
72              0              0         0  0.00000000     -1          1
73             80             81         1  0.81642030      1          0
74             82             83         1  0.81411637      1          0
75             84             85         1  0.77392865      1          0
76             86             87         2  0.26799998      1          0
77              0              0         0  0.00000000     -1          1
78              0              0         0  0.00000000     -1          2
79             88             89         1  0.07568103      1          0
80             90             91         2  0.38514416      1          0
81              0              0         0  0.00000000     -1          2
82              0              0         0  0.00000000     -1          1
83              0              0         0  0.00000000     -1          1
84             92             93         2  0.69304558      1          0
85             94             95         2  0.73254117      1          0
86             96             97         2  0.08276543      1          0
87             98             99         1  0.16271895      1          0
88              0              0         0  0.00000000     -1          2
89            100            101         2  0.68571311      1          0
90            102            103         1  0.80968143      1          0
91            104            105         1  0.63253482      1          0
92              0              0         0  0.00000000     -1          1
93            106            107         1  0.75858850      1          0
94              0              0         0  0.00000000     -1          1
95            108            109         1  0.86830405      1          0
96            110            111         2  0.07224493      1          0
97              0              0         0  0.00000000     -1          1
98            112            113         2  0.33325273      1          0
99              0              0         0  0.00000000     -1          2
100             0              0         0  0.00000000     -1          1
101           114            115         2  0.72720992      1          0
102           116            117         2  0.38178336      1          0
103             0              0         0  0.00000000     -1          1
104           118            119         1  0.62923209      1          0
105             0              0         0  0.00000000     -1          2
106           120            121         2  0.69926608      1          0
107             0              0         0  0.00000000     -1          2
108             0              0         0  0.00000000     -1          1
109             0              0         0  0.00000000     -1          1
110           122            123         2  0.02459794      1          0
111             0              0         0  0.00000000     -1          2
112             0              0         0  0.00000000     -1          1
113             0              0         0  0.00000000     -1          1
114             0              0         0  0.00000000     -1          2
115             0              0         0  0.00000000     -1          2
116           124            125         1  0.55210294      1          0
117             0              0         0  0.00000000     -1          1
118             0              0         0  0.00000000     -1          2
119             0              0         0  0.00000000     -1          1
120             0              0         0  0.00000000     -1          2
121           126            127         1  0.64942092      1          0
122             0              0         0  0.00000000     -1          1
123             0              0         0  0.00000000     -1          1
124             0              0         0  0.00000000     -1          2
125             0              0         0  0.00000000     -1          2
126             0              0         0  0.00000000     -1          1
127             0              0         0  0.00000000     -1          1
