    left daughter right daughter split var split point status prediction
1               2              3         2 0.816073040      1          0
2               4              5         2 0.105684257      1          0
3               6              7         1 0.478313392      1          0
4               8              9         2 0.073905049      1          0
5              10             11         1 0.493437922      1          0
6              12             13         2 0.975701573      1          0
7              14             15         1 0.513292965      1          0
8              16             17         1 0.522984545      1          0
9              18             19         2 0.090766584      1          0
10             20             21         2 0.488538349      1          0
11             22             23         2 0.501405397      1          0
12             24             25         2 0.877737330      1          0
13              0              0         0 0.000000000     -1          2
14              0              0         0 0.000000000     -1          1
15             26             27         2 0.965828673      1          0
16             28             29         1 0.076117095      1          0
17             30             31         1 0.725015221      1          0
18              0              0         0 0.000000000     -1          2
19              0              0         0 0.000000000     -1          2
20             32             33         1 0.300376447      1          0
21             34             35         1 0.428342298      1          0
22             36             37         1 0.500781700      1          0
23             38             39         2 0.813961000      1          0
24             40             41         1 0.075682655      1          0
25             42             43         2 0.961593339      1          0
26              0              0         0 0.000000000     -1          1
27              0              0         0 0.000000000     -1          1
28              0              0         0 0.000000000     -1          1
29             44             45         2 0.001085088      1          0
30              0              0         0 0.000000000     -1          2
31             46             47         1 0.797262873      1          0
32             48             49         1 0.297369430      1          0
33              0              0         0 0.000000000     -1          1
34             50             51         2 0.586916039      1          0
35              0              0         0 0.000000000     -1          2
36              0              0         0 0.000000000     -1          1
37             52             53         1 0.637183357      1          0
38             54             55         2 0.646855628      1          0
39              0              0         0 0.000000000     -1          2
40              0              0         0 0.000000000     -1          1
41              0              0         0 0.000000000     -1          2
42              0              0         0 0.000000000     -1          2
43              0              0         0 0.000000000     -1          2
44              0              0         0 0.000000000     -1          1
45              0              0         0 0.000000000     -1          1
46              0              0         0 0.000000000     -1          1
47              0              0         0 0.000000000     -1          2
48             56             57         1 0.213228207      1          0
49              0              0         0 0.000000000     -1          2
50             58             59         1 0.149687566      1          0
51             60             61         2 0.685183021      1          0
52             62             63         1 0.549126158      1          0
53             64             65         1 0.638856550      1          0
54             66             67         2 0.646061209      1          0
55             68             69         2 0.696981420      1          0
56             70             71         1 0.023442429      1          0
57             72             73         1 0.216504200      1          0
58              0              0         0 0.000000000     -1          2
59              0              0         0 0.000000000     -1          2
60              0              0         0 0.000000000     -1          2
61             74             75         1 0.110212185      1          0
62             76             77         2 0.308603926      1          0
63              0              0         0 0.000000000     -1          2
64              0              0         0 0.000000000     -1          1
65             78             79         2 0.452876130      1          0
66             80             81         1 0.851383810      1          0
67              0              0         0 0.000000000     -1          2
68              0              0         0 0.000000000     -1          1
69             82             83         2 0.699266084      1          0
70              0              0         0 0.000000000     -1          1
71             84             85         1 0.099120725      1          0
72              0              0         0 0.000000000     -1          2
73             86             87         2 0.369370174      1          0
74              0              0         0 0.000000000     -1          2
75              0              0         0 0.000000000     -1          2
76              0              0         0 0.000000000     -1          2
77              0              0         0 0.000000000     -1          2
78             88             89         1 0.656403819      1          0
79             90             91         2 0.463645770      1          0
80             92             93         1 0.556671213      1          0
81             94             95         2 0.614846219      1          0
82              0              0         0 0.000000000     -1          2
83             96             97         1 0.956169790      1          0
84              0              0         0 0.000000000     -1          1
85             98             99         1 0.106334915      1          0
86            100            101         2 0.355545820      1          0
87              0              0         0 0.000000000     -1          1
88              0              0         0 0.000000000     -1          2
89            102            103         1 0.935997080      1          0
90              0              0         0 0.000000000     -1          1
91              0              0         0 0.000000000     -1          2
92              0              0         0 0.000000000     -1          1
93            104            105         2 0.573852251      1          0
94              0              0         0 0.000000000     -1          2
95              0              0         0 0.000000000     -1          1
96            106            107         1 0.867728990      1          0
97              0              0         0 0.000000000     -1          2
98              0              0         0 0.000000000     -1          2
99              0              0         0 0.000000000     -1          1
100           108            109         1 0.258517834      1          0
101             0              0         0 0.000000000     -1          2
102           110            111         1 0.788488005      1          0
103           112            113         2 0.297203754      1          0
104             0              0         0 0.000000000     -1          1
105           114            115         1 0.624026376      1          0
106           116            117         1 0.575941918      1          0
107             0              0         0 0.000000000     -1          1
108             0              0         0 0.000000000     -1          1
109             0              0         0 0.000000000     -1          1
110           118            119         2 0.124225807      1          0
111             0              0         0 0.000000000     -1          2
112             0              0         0 0.000000000     -1          1
113           120            121         2 0.414831210      1          0
114             0              0         0 0.000000000     -1          1
115             0              0         0 0.000000000     -1          1
116             0              0         0 0.000000000     -1          1
117             0              0         0 0.000000000     -1          1
118             0              0         0 0.000000000     -1          1
119           122            123         1 0.777599694      1          0
120             0              0         0 0.000000000     -1          2
121             0              0         0 0.000000000     -1          1
122           124            125         2 0.371359097      1          0
123             0              0         0 0.000000000     -1          1
124             0              0         0 0.000000000     -1          2
125             0              0         0 0.000000000     -1          2
