    left daughter right daughter split var split point status prediction
1               2              3         2  0.98940725      1          0
2               4              5         2  0.96380190      1          0
3               0              0         0  0.00000000     -1          1
4               6              7         1  0.68492443      1          0
5               8              9         2  0.98866097      1          0
6              10             11         2  0.47638228      1          0
7              12             13         2  0.49940711      1          0
8              14             15         2  0.98276838      1          0
9               0              0         0  0.00000000     -1          1
10             16             17         1  0.49367072      1          0
11             18             19         1  0.49877742      1          0
12             20             21         2  0.30808913      1          0
13             22             23         1  0.96286713      1          0
14             24             25         1  0.04192672      1          0
15              0              0         0  0.00000000     -1          2
16             26             27         2  0.23491174      1          0
17             28             29         1  0.63718336      1          0
18             30             31         1  0.01876411      1          0
19             32             33         1  0.67191373      1          0
20             34             35         1  0.81052426      1          0
21             36             37         1  0.97552845      1          0
22             38             39         2  0.60398759      1          0
23             40             41         2  0.78239243      1          0
24              0              0         0  0.00000000     -1          1
25             42             43         1  0.37253577      1          0
26             44             45         1  0.21738187      1          0
27             46             47         1  0.27070084      1          0
28              0              0         0  0.00000000     -1          2
29             48             49         2  0.23262926      1          0
30              0              0         0  0.00000000     -1          1
31             50             51         1  0.13183104      1          0
32             52             53         1  0.53267612      1          0
33              0              0         0  0.00000000     -1          2
34             54             55         1  0.77933770      1          0
35             56             57         1  0.89532177      1          0
36             58             59         1  0.79629072      1          0
37              0              0         0  0.00000000     -1          2
38             60             61         2  0.59497601      1          0
39             62             63         2  0.83561944      1          0
40              0              0         0  0.00000000     -1          1
41              0              0         0  0.00000000     -1          1
42              0              0         0  0.00000000     -1          2
43              0              0         0  0.00000000     -1          2
44             64             65         2  0.22498260      1          0
45              0              0         0  0.00000000     -1          1
46              0              0         0  0.00000000     -1          1
47             66             67         1  0.27352222      1          0
48              0              0         0  0.00000000     -1          2
49              0              0         0  0.00000000     -1          2
50             68             69         1  0.12863790      1          0
51             70             71         1  0.42834230      1          0
52             72             73         2  0.56934047      1          0
53             74             75         2  0.50140540      1          0
54             76             77         1  0.70004765      1          0
55              0              0         0  0.00000000     -1          1
56              0              0         0  0.00000000     -1          2
57             78             79         2  0.18951800      1          0
58             80             81         2  0.37286882      1          0
59              0              0         0  0.00000000     -1          2
60             82             83         1  0.79435228      1          0
61              0              0         0  0.00000000     -1          2
62             84             85         1  0.87188658      1          0
63              0              0         0  0.00000000     -1          1
64             86             87         2  0.15324545      1          0
65              0              0         0  0.00000000     -1          2
66              0              0         0  0.00000000     -1          2
67              0              0         0  0.00000000     -1          1
68             88             89         1  0.07617990      1          0
69              0              0         0  0.00000000     -1          1
70             90             91         1  0.25773701      1          0
71             92             93         2  0.94899520      1          0
72              0              0         0  0.00000000     -1          2
73             94             95         1  0.53206463      1          0
74              0              0         0  0.00000000     -1          2
75             96             97         1  0.63293264      1          0
76              0              0         0  0.00000000     -1          2
77             98             99         1  0.75785626      1          0
78              0              0         0  0.00000000     -1          2
79              0              0         0  0.00000000     -1          2
80              0              0         0  0.00000000     -1          2
81              0              0         0  0.00000000     -1          2
82              0              0         0  0.00000000     -1          1
83            100            101         2  0.52751386      1          0
84            102            103         2  0.83113033      1          0
85              0              0         0  0.00000000     -1          1
86            104            105         2  0.14820779      1          0
87              0              0         0  0.00000000     -1          1
88            106            107         1  0.07038244      1          0
89              0              0         0  0.00000000     -1          2
90            108            109         1  0.25235272      1          0
91              0              0         0  0.00000000     -1          2
92            110            111         1  0.42945491      1          0
93              0              0         0  0.00000000     -1          1
94              0              0         0  0.00000000     -1          1
95              0              0         0  0.00000000     -1          2
96            112            113         1  0.57301671      1          0
97            114            115         2  0.70412109      1          0
98              0              0         0  0.00000000     -1          2
99              0              0         0  0.00000000     -1          2
100             0              0         0  0.00000000     -1          2
101             0              0         0  0.00000000     -1          1
102           116            117         2  0.73943879      1          0
103             0              0         0  0.00000000     -1          2
104           118            119         1  0.07001157      1          0
105             0              0         0  0.00000000     -1          2
106             0              0         0  0.00000000     -1          2
107             0              0         0  0.00000000     -1          1
108           120            121         1  0.18360046      1          0
109             0              0         0  0.00000000     -1          1
110             0              0         0  0.00000000     -1          1
111             0              0         0  0.00000000     -1          2
112             0              0         0  0.00000000     -1          1
113           122            123         2  0.73987585      1          0
114             0              0         0  0.00000000     -1          1
115             0              0         0  0.00000000     -1          1
116             0              0         0  0.00000000     -1          1
117           124            125         1  0.86772899      1          0
118             0              0         0  0.00000000     -1          1
119             0              0         0  0.00000000     -1          1
120           126            127         1  0.18092684      1          0
121             0              0         0  0.00000000     -1          2
122             0              0         0  0.00000000     -1          1
123             0              0         0  0.00000000     -1          1
124             0              0         0  0.00000000     -1          1
125             0              0         0  0.00000000     -1          2
126             0              0         0  0.00000000     -1          2
127             0              0         0  0.00000000     -1          1
