    left daughter right daughter split var split point status prediction
1               2              3         2 0.988813644      1          0
2               4              5         1 0.933849682      1          0
3               0              0         0 0.000000000     -1          1
4               6              7         1 0.046535353      1          0
5               8              9         2 0.622580463      1          0
6              10             11         2 0.527805962      1          0
7              12             13         2 0.967402085      1          0
8              14             15         1 0.975528453      1          0
9               0              0         0 0.000000000     -1          1
10             16             17         2 0.202572515      1          0
11             18             19         2 0.669211623      1          0
12             20             21         2 0.931296892      1          0
13             22             23         2 0.982768379      1          0
14              0              0         0 0.000000000     -1          2
15             24             25         1 0.979844558      1          0
16              0              0         0 0.000000000     -1          1
17              0              0         0 0.000000000     -1          1
18              0              0         0 0.000000000     -1          2
19              0              0         0 0.000000000     -1          2
20             26             27         2 0.892419389      1          0
21             28             29         1 0.377406942      1          0
22              0              0         0 0.000000000     -1          2
23              0              0         0 0.000000000     -1          2
24              0              0         0 0.000000000     -1          1
25              0              0         0 0.000000000     -1          2
26             30             31         1 0.520464050      1          0
27             32             33         2 0.896398136      1          0
28              0              0         0 0.000000000     -1          2
29             34             35         1 0.852544285      1          0
30             36             37         1 0.201410455      1          0
31             38             39         1 0.547428360      1          0
32              0              0         0 0.000000000     -1          2
33              0              0         0 0.000000000     -1          2
34             40             41         1 0.468698544      1          0
35              0              0         0 0.000000000     -1          2
36             42             43         1 0.053857184      1          0
37             44             45         2 0.500569542      1          0
38             46             47         1 0.534240494      1          0
39             48             49         2 0.501625787      1          0
40              0              0         0 0.000000000     -1          1
41              0              0         0 0.000000000     -1          1
42              0              0         0 0.000000000     -1          2
43             50             51         1 0.061600273      1          0
44             52             53         1 0.500781700      1          0
45             54             55         1 0.504454914      1          0
46              0              0         0 0.000000000     -1          2
47              0              0         0 0.000000000     -1          2
48             56             57         2 0.303965289      1          0
49             58             59         2 0.853176461      1          0
50              0              0         0 0.000000000     -1          1
51             60             61         1 0.070309750      1          0
52             62             63         1 0.216539884      1          0
53              0              0         0 0.000000000     -1          2
54             64             65         2 0.726053202      1          0
55              0              0         0 0.000000000     -1          1
56             66             67         1 0.696508651      1          0
57             68             69         2 0.307148742      1          0
58             70             71         2 0.696191889      1          0
59              0              0         0 0.000000000     -1          1
60              0              0         0 0.000000000     -1          2
61             72             73         2 0.486709259      1          0
62              0              0         0 0.000000000     -1          1
63             74             75         1 0.314724013      1          0
64              0              0         0 0.000000000     -1          2
65             76             77         2 0.727209921      1          0
66              0              0         0 0.000000000     -1          2
67             78             79         1 0.700901951      1          0
68              0              0         0 0.000000000     -1          1
69             80             81         2 0.319103307      1          0
70             82             83         1 0.738767505      1          0
71             84             85         2 0.699266084      1          0
72             86             87         2 0.226306651      1          0
73             88             89         1 0.075682655      1          0
74             90             91         2 0.002546497      1          0
75              0              0         0 0.000000000     -1          1
76              0              0         0 0.000000000     -1          1
77             92             93         2 0.754878700      1          0
78              0              0         0 0.000000000     -1          1
79             94             95         2 0.034014474      1          0
80              0              0         0 0.000000000     -1          2
81             96             97         2 0.462524666      1          0
82              0              0         0 0.000000000     -1          1
83             98             99         2 0.610727058      1          0
84              0              0         0 0.000000000     -1          2
85            100            101         1 0.649420918      1          0
86              0              0         0 0.000000000     -1          1
87            102            103         2 0.238721792      1          0
88              0              0         0 0.000000000     -1          1
89            104            105         1 0.132665295      1          0
90              0              0         0 0.000000000     -1          2
91            106            107         2 0.116525060      1          0
92              0              0         0 0.000000000     -1          2
93            108            109         2 0.825343073      1          0
94              0              0         0 0.000000000     -1          2
95            110            111         1 0.895321767      1          0
96            112            113         1 0.652752377      1          0
97              0              0         0 0.000000000     -1          2
98            114            115         2 0.587727213      1          0
99              0              0         0 0.000000000     -1          1
100           116            117         2 0.763506478      1          0
101           118            119         1 0.769169831      1          0
102             0              0         0 0.000000000     -1          2
103           120            121         1 0.166735094      1          0
104           122            123         1 0.128637899      1          0
105             0              0         0 0.000000000     -1          2
106             0              0         0 0.000000000     -1          1
107           124            125         1 0.290197092      1          0
108             0              0         0 0.000000000     -1          2
109             0              0         0 0.000000000     -1          2
110           126            127         1 0.786080175      1          0
111             0              0         0 0.000000000     -1          2
112             0              0         0 0.000000000     -1          2
113             0              0         0 0.000000000     -1          2
114             0              0         0 0.000000000     -1          1
115             0              0         0 0.000000000     -1          2
116             0              0         0 0.000000000     -1          2
117             0              0         0 0.000000000     -1          1
118             0              0         0 0.000000000     -1          1
119             0              0         0 0.000000000     -1          1
120             0              0         0 0.000000000     -1          1
121             0              0         0 0.000000000     -1          1
122             0              0         0 0.000000000     -1          2
123             0              0         0 0.000000000     -1          1
124             0              0         0 0.000000000     -1          1
125             0              0         0 0.000000000     -1          1
126             0              0         0 0.000000000     -1          2
127             0              0         0 0.000000000     -1          2
