    left daughter right daughter split var split point status prediction
1               2              3         1  0.03486361      1          0
2               4              5         2  0.50945557      1          0
3               6              7         1  0.98331186      1          0
4               0              0         0  0.00000000     -1          1
5               0              0         0  0.00000000     -1          2
6               8              9         1  0.97403221      1          0
7              10             11         1  0.99494929      1          0
8              12             13         1  0.95000274      1          0
9               0              0         0  0.00000000     -1          1
10             14             15         1  0.98948875      1          0
11              0              0         0  0.00000000     -1          1
12             16             17         1  0.93442818      1          0
13             18             19         1  0.96058866      1          0
14              0              0         0  0.00000000     -1          2
15              0              0         0  0.00000000     -1          2
16             20             21         1  0.88647450      1          0
17              0              0         0  0.00000000     -1          1
18              0              0         0  0.00000000     -1          2
19              0              0         0  0.00000000     -1          2
20             22             23         1  0.82327988      1          0
21             24             25         2  0.45355577      1          0
22             26             27         2  0.58979445      1          0
23             28             29         2  0.53096497      1          0
24              0              0         0  0.00000000     -1          2
25             30             31         2  0.57901219      1          0
26             32             33         2  0.04741863      1          0
27             34             35         2  0.98940725      1          0
28             36             37         1  0.83878559      1          0
29             38             39         1  0.86257263      1          0
30              0              0         0  0.00000000     -1          1
31              0              0         0  0.00000000     -1          1
32             40             41         1  0.49983865      1          0
33             42             43         2  0.05527147      1          0
34             44             45         2  0.95991925      1          0
35              0              0         0  0.00000000     -1          1
36              0              0         0  0.00000000     -1          2
37              0              0         0  0.00000000     -1          2
38              0              0         0  0.00000000     -1          1
39              0              0         0  0.00000000     -1          1
40             46             47         1  0.27281690      1          0
41              0              0         0  0.00000000     -1          2
42              0              0         0  0.00000000     -1          2
43             48             49         2  0.58259954      1          0
44             50             51         2  0.93615902      1          0
45             52             53         2  0.97681465      1          0
46              0              0         0  0.00000000     -1          1
47              0              0         0  0.00000000     -1          1
48             54             55         1  0.50078170      1          0
49              0              0         0  0.00000000     -1          1
50             56             57         2  0.60371377      1          0
51             58             59         1  0.43137104      1          0
52              0              0         0  0.00000000     -1          2
53              0              0         0  0.00000000     -1          2
54             60             61         2  0.49888708      1          0
55             62             63         2  0.50058909      1          0
56              0              0         0  0.00000000     -1          2
57             64             65         2  0.60669833      1          0
58              0              0         0  0.00000000     -1          2
59              0              0         0  0.00000000     -1          1
60             66             67         2  0.48836279      1          0
61              0              0         0  0.00000000     -1          2
62             68             69         2  0.06259269      1          0
63             70             71         1  0.53404449      1          0
64              0              0         0  0.00000000     -1          1
65             72             73         1  0.49947653      1          0
66             74             75         2  0.15119873      1          0
67              0              0         0  0.00000000     -1          1
68              0              0         0  0.00000000     -1          1
69             76             77         1  0.78055418      1          0
70              0              0         0  0.00000000     -1          2
71             78             79         1  0.64053055      1          0
72             80             81         1  0.09686727      1          0
73             82             83         2  0.71664952      1          0
74             84             85         2  0.15060874      1          0
75             86             87         2  0.36286581      1          0
76             88             89         1  0.70004765      1          0
77             90             91         2  0.19480065      1          0
78              0              0         0  0.00000000     -1          1
79              0              0         0  0.00000000     -1          1
80             92             93         1  0.09061910      1          0
81             94             95         2  0.90370733      1          0
82             96             97         1  0.67921120      1          0
83             98             99         1  0.53270723      1          0
84            100            101         2  0.11820725      1          0
85              0              0         0  0.00000000     -1          2
86            102            103         2  0.23491174      1          0
87            104            105         2  0.36597702      1          0
88            106            107         1  0.69293988      1          0
89              0              0         0  0.00000000     -1          2
90              0              0         0  0.00000000     -1          2
91              0              0         0  0.00000000     -1          2
92            108            109         2  0.73772358      1          0
93              0              0         0  0.00000000     -1          1
94            110            111         2  0.78128357      1          0
95              0              0         0  0.00000000     -1          2
96            112            113         1  0.65444361      1          0
97            114            115         2  0.69410205      1          0
98              0              0         0  0.00000000     -1          1
99            116            117         1  0.67385816      1          0
100           118            119         1  0.07001157      1          0
101             0              0         0  0.00000000     -1          1
102           120            121         2  0.23366559      1          0
103             0              0         0  0.00000000     -1          1
104             0              0         0  0.00000000     -1          2
105           122            123         1  0.08341892      1          0
106           124            125         1  0.63885655      1          0
107             0              0         0  0.00000000     -1          1
108             0              0         0  0.00000000     -1          2
109             0              0         0  0.00000000     -1          2
110             0              0         0  0.00000000     -1          2
111           126            127         1  0.41997489      1          0
112             0              0         0  0.00000000     -1          1
113             0              0         0  0.00000000     -1          1
114             0              0         0  0.00000000     -1          1
115             0              0         0  0.00000000     -1          2
116             0              0         0  0.00000000     -1          1
117             0              0         0  0.00000000     -1          1
118             0              0         0  0.00000000     -1          2
119             0              0         0  0.00000000     -1          1
120             0              0         0  0.00000000     -1          1
121             0              0         0  0.00000000     -1          2
122             0              0         0  0.00000000     -1          1
123             0              0         0  0.00000000     -1          1
124             0              0         0  0.00000000     -1          2
125             0              0         0  0.00000000     -1          2
126             0              0         0  0.00000000     -1          2
127             0              0         0  0.00000000     -1          2
