    left daughter right daughter split var split point status prediction
1               2              3         2  0.98866097      1          0
2               4              5         1  0.11233599      1          0
3               6              7         1  0.22389243      1          0
4               8              9         2  0.48381127      1          0
5              10             11         1  0.87300926      1          0
6               0              0         0  0.00000000     -1          2
7               0              0         0  0.00000000     -1          1
8              12             13         1  0.01914048      1          0
9              14             15         1  0.01984903      1          0
10             16             17         2  0.90154491      1          0
11             18             19         2  0.49605082      1          0
12              0              0         0  0.00000000     -1          1
13             20             21         1  0.08280873      1          0
14              0              0         0  0.00000000     -1          2
15             22             23         1  0.09061910      1          0
16             24             25         2  0.72687722      1          0
17             26             27         1  0.49349874      1          0
18             28             29         2  0.45355577      1          0
19             30             31         2  0.95680520      1          0
20              0              0         0  0.00000000     -1          1
21              0              0         0  0.00000000     -1          1
22              0              0         0  0.00000000     -1          2
23              0              0         0  0.00000000     -1          2
24             32             33         2  0.52577575      1          0
25             34             35         2  0.74003376      1          0
26             36             37         2  0.91422011      1          0
27              0              0         0  0.00000000     -1          1
28             38             39         2  0.23053950      1          0
29              0              0         0  0.00000000     -1          2
30             40             41         1  0.98842637      1          0
31              0              0         0  0.00000000     -1          1
32             42             43         2  0.09494770      1          0
33             44             45         1  0.50190545      1          0
34              0              0         0  0.00000000     -1          2
35             46             47         2  0.74978564      1          0
36              0              0         0  0.00000000     -1          1
37             48             49         1  0.37740694      1          0
38              0              0         0  0.00000000     -1          2
39             50             51         2  0.23402924      1          0
40             52             53         2  0.59737669      1          0
41              0              0         0  0.00000000     -1          1
42             54             55         2  0.07853985      1          0
43             56             57         1  0.50329058      1          0
44              0              0         0  0.00000000     -1          2
45             58             59         1  0.73792368      1          0
46              0              0         0  0.00000000     -1          1
47             60             61         2  0.75157019      1          0
48              0              0         0  0.00000000     -1          2
49              0              0         0  0.00000000     -1          2
50              0              0         0  0.00000000     -1          1
51             62             63         1  0.93599708      1          0
52              0              0         0  0.00000000     -1          1
53              0              0         0  0.00000000     -1          1
54             64             65         2  0.07329459      1          0
55              0              0         0  0.00000000     -1          1
56             66             67         2  0.49719140      1          0
57             68             69         1  0.69293988      1          0
58             70             71         2  0.56483927      1          0
59             72             73         1  0.75353959      1          0
60              0              0         0  0.00000000     -1          2
61             74             75         1  0.49583851      1          0
62              0              0         0  0.00000000     -1          2
63             76             77         1  0.93823478      1          0
64             78             79         2  0.03839028      1          0
65              0              0         0  0.00000000     -1          2
66             80             81         1  0.30315930      1          0
67              0              0         0  0.00000000     -1          2
68             82             83         2  0.50140540      1          0
69             84             85         2  0.50162579      1          0
70              0              0         0  0.00000000     -1          1
71              0              0         0  0.00000000     -1          1
72              0              0         0  0.00000000     -1          2
73             86             87         2  0.52907979      1          0
74             88             89         2  0.78651495      1          0
75             90             91         1  0.77294593      1          0
76              0              0         0  0.00000000     -1          1
77             92             93         1  0.97552845      1          0
78             94             95         1  0.51330413      1          0
79             96             97         1  0.58214063      1          0
80             98             99         2  0.37033842      1          0
81              0              0         0  0.00000000     -1          1
82            100            101         2  0.31709076      1          0
83              0              0         0  0.00000000     -1          1
84            102            103         1  0.69752216      1          0
85              0              0         0  0.00000000     -1          1
86              0              0         0  0.00000000     -1          1
87            104            105         2  0.71050250      1          0
88              0              0         0  0.00000000     -1          2
89              0              0         0  0.00000000     -1          2
90            106            107         1  0.76527637      1          0
91              0              0         0  0.00000000     -1          1
92              0              0         0  0.00000000     -1          2
93              0              0         0  0.00000000     -1          2
94              0              0         0  0.00000000     -1          1
95              0              0         0  0.00000000     -1          2
96              0              0         0  0.00000000     -1          1
97              0              0         0  0.00000000     -1          2
98            108            109         1  0.26907097      1          0
99              0              0         0  0.00000000     -1          1
100             0              0         0  0.00000000     -1          2
101           110            111         1  0.55416115      1          0
102             0              0         0  0.00000000     -1          1
103           112            113         2  0.45241057      1          0
104             0              0         0  0.00000000     -1          1
105             0              0         0  0.00000000     -1          1
106           114            115         1  0.53270723      1          0
107             0              0         0  0.00000000     -1          2
108           116            117         1  0.16162545      1          0
109             0              0         0  0.00000000     -1          2
110             0              0         0  0.00000000     -1          2
111             0              0         0  0.00000000     -1          2
112           118            119         1  0.77933770      1          0
113             0              0         0  0.00000000     -1          2
114             0              0         0  0.00000000     -1          1
115           120            121         1  0.67350732      1          0
116             0              0         0  0.00000000     -1          1
117           122            123         2  0.20973974      1          0
118             0              0         0  0.00000000     -1          2
119           124            125         2  0.31249339      1          0
120           126            127         1  0.65938839      1          0
121             0              0         0  0.00000000     -1          1
122             0              0         0  0.00000000     -1          1
123             0              0         0  0.00000000     -1          1
124             0              0         0  0.00000000     -1          2
125             0              0         0  0.00000000     -1          2
126             0              0         0  0.00000000     -1          1
127             0              0         0  0.00000000     -1          2
