    left daughter right daughter split var split point status prediction
1               2              3         2 0.993121713      1          0
2               4              5         1 0.091273645      1          0
3               0              0         0 0.000000000     -1          1
4               6              7         2 0.492453057      1          0
5               8              9         1 0.780376986      1          0
6              10             11         2 0.389302542      1          0
7              12             13         1 0.089307590      1          0
8              14             15         2 0.233469246      1          0
9              16             17         2 0.501825120      1          0
10             18             19         1 0.059422251      1          0
11              0              0         0 0.000000000     -1          1
12             20             21         2 0.674899490      1          0
13              0              0         0 0.000000000     -1          1
14             22             23         1 0.499911639      1          0
15             24             25         1 0.550748416      1          0
16             26             27         2 0.449296459      1          0
17             28             29         2 0.946896828      1          0
18              0              0         0 0.000000000     -1          1
19              0              0         0 0.000000000     -1          1
20              0              0         0 0.000000000     -1          2
21             30             31         1 0.031463831      1          0
22             32             33         1 0.314724013      1          0
23             34             35         2 0.014974028      1          0
24             36             37         1 0.112335990      1          0
25             38             39         2 0.501011718      1          0
26             40             41         2 0.369207540      1          0
27              0              0         0 0.000000000     -1          2
28             42             43         2 0.753921008      1          0
29              0              0         0 0.000000000     -1          1
30              0              0         0 0.000000000     -1          2
31              0              0         0 0.000000000     -1          2
32             44             45         2 0.003225303      1          0
33              0              0         0 0.000000000     -1          1
34              0              0         0 0.000000000     -1          2
35             46             47         1 0.694457259      1          0
36              0              0         0 0.000000000     -1          2
37             48             49         2 0.500569542      1          0
38             50             51         1 0.559600442      1          0
39             52             53         1 0.770372405      1          0
40             54             55         2 0.365736402      1          0
41              0              0         0 0.000000000     -1          2
42             56             57         1 0.955871028      1          0
43              0              0         0 0.000000000     -1          1
44              0              0         0 0.000000000     -1          2
45             58             59         2 0.156878057      1          0
46              0              0         0 0.000000000     -1          2
47             60             61         1 0.700047649      1          0
48             62             63         2 0.253088888      1          0
49             64             65         2 0.590923898      1          0
50              0              0         0 0.000000000     -1          2
51             66             67         2 0.236600662      1          0
52             68             69         2 0.756918726      1          0
53              0              0         0 0.000000000     -1          2
54             70             71         2 0.308089133      1          0
55              0              0         0 0.000000000     -1          1
56             72             73         2 0.732766056      1          0
57              0              0         0 0.000000000     -1          2
58             74             75         2 0.148207793      1          0
59              0              0         0 0.000000000     -1          1
60              0              0         0 0.000000000     -1          1
61              0              0         0 0.000000000     -1          2
62              0              0         0 0.000000000     -1          2
63             76             77         1 0.493880205      1          0
64             78             79         1 0.137847821      1          0
65             80             81         1 0.500341875      1          0
66              0              0         0 0.000000000     -1          2
67             82             83         1 0.633134363      1          0
68             84             85         2 0.749848799      1          0
69             86             87         2 0.897774286      1          0
70             88             89         2 0.229521016      1          0
71              0              0         0 0.000000000     -1          2
72             90             91         2 0.527513860      1          0
73              0              0         0 0.000000000     -1          1
74             92             93         2 0.115701256      1          0
75              0              0         0 0.000000000     -1          2
76             94             95         1 0.273522225      1          0
77             96             97         2 0.322202656      1          0
78              0              0         0 0.000000000     -1          1
79             98             99         1 0.529409373      1          0
80            100            101         1 0.183622070      1          0
81            102            103         2 0.768981285      1          0
82            104            105         2 0.445134623      1          0
83              0              0         0 0.000000000     -1          2
84            106            107         2 0.573852251      1          0
85              0              0         0 0.000000000     -1          2
86            108            109         1 0.594989156      1          0
87              0              0         0 0.000000000     -1          1
88              0              0         0 0.000000000     -1          2
89            110            111         1 0.786080175      1          0
90              0              0         0 0.000000000     -1          1
91              0              0         0 0.000000000     -1          1
92              0              0         0 0.000000000     -1          1
93              0              0         0 0.000000000     -1          1
94            112            113         2 0.369370174      1          0
95              0              0         0 0.000000000     -1          1
96              0              0         0 0.000000000     -1          2
97              0              0         0 0.000000000     -1          2
98            114            115         1 0.495073850      1          0
99              0              0         0 0.000000000     -1          1
100           116            117         1 0.180926842      1          0
101           118            119         1 0.469649238      1          0
102             0              0         0 0.000000000     -1          1
103             0              0         0 0.000000000     -1          1
104             0              0         0 0.000000000     -1          2
105             0              0         0 0.000000000     -1          2
106             0              0         0 0.000000000     -1          1
107           120            121         2 0.579114652      1          0
108             0              0         0 0.000000000     -1          1
109           122            123         2 0.891687590      1          0
110             0              0         0 0.000000000     -1          1
111           124            125         1 0.895321767      1          0
112           126            127         1 0.251960741      1          0
113             0              0         0 0.000000000     -1          1
114             0              0         0 0.000000000     -1          2
115             0              0         0 0.000000000     -1          2
116             0              0         0 0.000000000     -1          2
117             0              0         0 0.000000000     -1          1
118             0              0         0 0.000000000     -1          2
119             0              0         0 0.000000000     -1          2
120             0              0         0 0.000000000     -1          2
121             0              0         0 0.000000000     -1          1
122             0              0         0 0.000000000     -1          1
123             0              0         0 0.000000000     -1          2
124             0              0         0 0.000000000     -1          2
125             0              0         0 0.000000000     -1          1
126             0              0         0 0.000000000     -1          1
127             0              0         0 0.000000000     -1          2
