    left daughter right daughter split var split point status prediction
1               2              3         1  0.03486361      1          0
2               4              5         1  0.02728270      1          0
3               6              7         2  0.79450825      1          0
4               8              9         2  0.51875927      1          0
5               0              0         0  0.00000000     -1          1
6              10             11         2  0.10568426      1          0
7              12             13         1  0.51145987      1          0
8              14             15         1  0.01816717      1          0
9               0              0         0  0.00000000     -1          2
10             16             17         2  0.01849483      1          0
11             18             19         2  0.19243645      1          0
12             20             21         1  0.46975853      1          0
13             22             23         2  0.83561944      1          0
14              0              0         0  0.00000000     -1          1
15              0              0         0  0.00000000     -1          1
16              0              0         0  0.00000000     -1          1
17             24             25         1  0.49922690      1          0
18             26             27         2  0.18725489      1          0
19             28             29         2  0.19829433      1          0
20             30             31         1  0.31221818      1          0
21              0              0         0  0.00000000     -1          2
22             32             33         2  0.83393029      1          0
23             34             35         2  0.89345158      1          0
24             36             37         1  0.07611710      1          0
25             38             39         1  0.76424120      1          0
26             40             41         2  0.10905109      1          0
27              0              0         0  0.00000000     -1          1
28              0              0         0  0.00000000     -1          2
29             42             43         2  0.20287613      1          0
30              0              0         0  0.00000000     -1          2
31             44             45         1  0.31954263      1          0
32             46             47         2  0.81396100      1          0
33              0              0         0  0.00000000     -1          2
34              0              0         0  0.00000000     -1          1
35             48             49         2  0.89697796      1          0
36              0              0         0  0.00000000     -1          2
37              0              0         0  0.00000000     -1          1
38             50             51         1  0.75785626      1          0
39              0              0         0  0.00000000     -1          2
40              0              0         0  0.00000000     -1          1
41             52             53         2  0.13448029      1          0
42              0              0         0  0.00000000     -1          1
43             54             55         2  0.78816991      1          0
44              0              0         0  0.00000000     -1          1
45             56             57         2  0.96537531      1          0
46              0              0         0  0.00000000     -1          1
47              0              0         0  0.00000000     -1          1
48              0              0         0  0.00000000     -1          2
49             58             59         1  0.86210410      1          0
50              0              0         0  0.00000000     -1          2
51              0              0         0  0.00000000     -1          1
52             60             61         1  0.43631286      1          0
53             62             63         1  0.50626563      1          0
54             64             65         2  0.78680039      1          0
55              0              0         0  0.00000000     -1          2
56              0              0         0  0.00000000     -1          2
57              0              0         0  0.00000000     -1          1
58              0              0         0  0.00000000     -1          1
59             66             67         1  0.87466380      1          0
60              0              0         0  0.00000000     -1          1
61              0              0         0  0.00000000     -1          2
62             68             69         1  0.22224157      1          0
63              0              0         0  0.00000000     -1          2
64             70             71         2  0.21008179      1          0
65              0              0         0  0.00000000     -1          1
66              0              0         0  0.00000000     -1          2
67              0              0         0  0.00000000     -1          1
68              0              0         0  0.00000000     -1          1
69              0              0         0  0.00000000     -1          1
70              0              0         0  0.00000000     -1          2
71             72             73         2  0.22270489      1          0
72              0              0         0  0.00000000     -1          1
73             74             75         1  0.93665844      1          0
74             76             77         2  0.59517155      1          0
75             78             79         2  0.46765260      1          0
76             80             81         1  0.50937755      1          0
77             82             83         2  0.60053958      1          0
78              0              0         0  0.00000000     -1          2
79              0              0         0  0.00000000     -1          1
80             84             85         1  0.08350716      1          0
81             86             87         1  0.89532177      1          0
82              0              0         0  0.00000000     -1          2
83             88             89         2  0.69280062      1          0
84             90             91         2  0.48381127      1          0
85             92             93         2  0.49888708      1          0
86             94             95         2  0.50045894      1          0
87             96             97         1  0.91204011      1          0
88             98             99         1  0.50116951      1          0
89            100            101         1  0.47284588      1          0
90              0              0         0  0.00000000     -1          1
91              0              0         0  0.00000000     -1          2
92            102            103         2  0.28015593      1          0
93            104            105         1  0.49615503      1          0
94            106            107         1  0.62923209      1          0
95            108            109         2  0.52385524      1          0
96              0              0         0  0.00000000     -1          1
97              0              0         0  0.00000000     -1          2
98            110            111         1  0.09866820      1          0
99            112            113         1  0.55830866      1          0
100           114            115         2  0.78337183      1          0
101           116            117         2  0.78087479      1          0
102           118            119         2  0.27838521      1          0
103           120            121         1  0.27352222      1          0
104             0              0         0  0.00000000     -1          2
105             0              0         0  0.00000000     -1          1
106           122            123         2  0.32220266      1          0
107           124            125         1  0.63009096      1          0
108             0              0         0  0.00000000     -1          1
109           126            127         2  0.52745474      1          0
110             0              0         0  0.00000000     -1          2
111             0              0         0  0.00000000     -1          2
112             0              0         0  0.00000000     -1          1
113             0              0         0  0.00000000     -1          1
114             0              0         0  0.00000000     -1          2
115             0              0         0  0.00000000     -1          1
116             0              0         0  0.00000000     -1          1
117             0              0         0  0.00000000     -1          2
118             0              0         0  0.00000000     -1          1
119             0              0         0  0.00000000     -1          2
120             0              0         0  0.00000000     -1          1
121             0              0         0  0.00000000     -1          1
122             0              0         0  0.00000000     -1          2
123             0              0         0  0.00000000     -1          2
124             0              0         0  0.00000000     -1          1
125             0              0         0  0.00000000     -1          2
126             0              0         0  0.00000000     -1          2
127             0              0         0  0.00000000     -1          1
