    left daughter right daughter split var split point status prediction
1               2              3         1 0.006078218      1          0
2               0              0         0 0.000000000     -1          1
3               4              5         2 0.233665593      1          0
4               6              7         2 0.010499189      1          0
5               8              9         1 0.468447849      1          0
6               0              0         0 0.000000000     -1          2
7              10             11         2 0.230493648      1          0
8              12             13         1 0.280461639      1          0
9              14             15         2 0.501405397      1          0
10             16             17         2 0.020272077      1          0
11              0              0         0 0.000000000     -1          1
12             18             19         2 0.491260780      1          0
13             20             21         1 0.421937660      1          0
14             22             23         1 0.494157154      1          0
15             24             25         2 0.750999764      1          0
16              0              0         0 0.000000000     -1          1
17             26             27         2 0.024288832      1          0
18             28             29         1 0.181471302      1          0
19             30             31         1 0.070382438      1          0
20             32             33         2 0.503870754      1          0
21             34             35         2 0.495310511      1          0
22              0              0         0 0.000000000     -1          1
23             36             37         1 0.780554180      1          0
24             38             39         1 0.499035423      1          0
25             40             41         2 0.980503989      1          0
26              0              0         0 0.000000000     -1          2
27             42             43         2 0.228740813      1          0
28             44             45         2 0.234911742      1          0
29             46             47         1 0.270700844      1          0
30              0              0         0 0.000000000     -1          2
31             48             49         1 0.075681028      1          0
32              0              0         0 0.000000000     -1          1
33             50             51         1 0.391740193      1          0
34              0              0         0 0.000000000     -1          1
35             52             53         2 0.787522187      1          0
36             54             55         2 0.240039570      1          0
37             56             57         1 0.786080175      1          0
38              0              0         0 0.000000000     -1          2
39             58             59         1 0.853098989      1          0
40             60             61         2 0.896977960      1          0
41             62             63         1 0.784473787      1          0
42             64             65         1 0.499911639      1          0
43              0              0         0 0.000000000     -1          2
44              0              0         0 0.000000000     -1          2
45             66             67         2 0.278580579      1          0
46              0              0         0 0.000000000     -1          1
47              0              0         0 0.000000000     -1          1
48              0              0         0 0.000000000     -1          1
49             68             69         1 0.183600455      1          0
50              0              0         0 0.000000000     -1          2
51             70             71         1 0.392727475      1          0
52              0              0         0 0.000000000     -1          2
53              0              0         0 0.000000000     -1          2
54              0              0         0 0.000000000     -1          2
55              0              0         0 0.000000000     -1          2
56              0              0         0 0.000000000     -1          1
57             72             73         1 0.843729208      1          0
58             74             75         1 0.805807891      1          0
59             76             77         2 0.735768477      1          0
60             78             79         2 0.891691072      1          0
61              0              0         0 0.000000000     -1          1
62              0              0         0 0.000000000     -1          1
63              0              0         0 0.000000000     -1          1
64             80             81         1 0.019140484      1          0
65             82             83         2 0.035385815      1          0
66              0              0         0 0.000000000     -1          1
67             84             85         2 0.280126609      1          0
68             86             87         2 0.588045486      1          0
69              0              0         0 0.000000000     -1          2
70              0              0         0 0.000000000     -1          1
71              0              0         0 0.000000000     -1          2
72             88             89         1 0.834437693      1          0
73             90             91         1 0.897225286      1          0
74             92             93         1 0.802913388      1          0
75              0              0         0 0.000000000     -1          1
76             94             95         2 0.622580463      1          0
77              0              0         0 0.000000000     -1          2
78             96             97         1 0.523860409      1          0
79              0              0         0 0.000000000     -1          2
80              0              0         0 0.000000000     -1          1
81             98             99         1 0.300376447      1          0
82              0              0         0 0.000000000     -1          2
83            100            101         1 0.700047649      1          0
84              0              0         0 0.000000000     -1          2
85            102            103         1 0.107340929      1          0
86              0              0         0 0.000000000     -1          2
87            104            105         2 0.889233410      1          0
88            106            107         2 0.302566082      1          0
89              0              0         0 0.000000000     -1          1
90              0              0         0 0.000000000     -1          2
91            108            109         2 0.422791578      1          0
92            110            111         2 0.749848799      1          0
93              0              0         0 0.000000000     -1          2
94            112            113         1 0.860560408      1          0
95              0              0         0 0.000000000     -1          1
96              0              0         0 0.000000000     -1          1
97            114            115         2 0.811452947      1          0
98            116            117         1 0.296999177      1          0
99              0              0         0 0.000000000     -1          1
100           118            119         1 0.689066363      1          0
101             0              0         0 0.000000000     -1          2
102           120            121         2 0.333252728      1          0
103             0              0         0 0.000000000     -1          1
104           122            123         2 0.695182323      1          0
105             0              0         0 0.000000000     -1          2
106             0              0         0 0.000000000     -1          2
107             0              0         0 0.000000000     -1          2
108             0              0         0 0.000000000     -1          2
109             0              0         0 0.000000000     -1          2
110           124            125         1 0.555961734      1          0
111             0              0         0 0.000000000     -1          2
112             0              0         0 0.000000000     -1          2
113           126            127         1 0.923960415      1          0
114             0              0         0 0.000000000     -1          1
115             0              0         0 0.000000000     -1          1
116             0              0         0 0.000000000     -1          1
117             0              0         0 0.000000000     -1          2
118             0              0         0 0.000000000     -1          2
119             0              0         0 0.000000000     -1          1
120             0              0         0 0.000000000     -1          1
121             0              0         0 0.000000000     -1          1
122             0              0         0 0.000000000     -1          2
123             0              0         0 0.000000000     -1          2
124             0              0         0 0.000000000     -1          1
125             0              0         0 0.000000000     -1          1
126             0              0         0 0.000000000     -1          1
127             0              0         0 0.000000000     -1          1
