    left daughter right daughter split var split point status prediction
1               2              3         2  0.98951005      1          0
2               4              5         2  0.96354481      1          0
3               0              0         0  0.00000000     -1          1
4               6              7         2  0.83437526      1          0
5               8              9         2  0.97552379      1          0
6              10             11         2  0.81396100      1          0
7              12             13         1  0.46964924      1          0
8               0              0         0  0.00000000     -1          2
9              14             15         1  0.81075905      1          0
10             16             17         1  0.49242840      1          0
11             18             19         1  0.78696030      1          0
12             20             21         2  0.83762507      1          0
13             22             23         1  0.67350732      1          0
14              0              0         0  0.00000000     -1          2
15              0              0         0  0.00000000     -1          1
16             24             25         2  0.50056954      1          0
17             26             27         2  0.50040284      1          0
18              0              0         0  0.00000000     -1          2
19              0              0         0  0.00000000     -1          1
20              0              0         0  0.00000000     -1          1
21             28             29         2  0.90747714      1          0
22             30             31         1  0.63293264      1          0
23              0              0         0  0.00000000     -1          1
24             32             33         1  0.31478940      1          0
25             34             35         1  0.01657568      1          0
26             36             37         2  0.49144084      1          0
27             38             39         1  0.50034188      1          0
28             40             41         1  0.08955359      1          0
29              0              0         0  0.00000000     -1          2
30              0              0         0  0.00000000     -1          1
31              0              0         0  0.00000000     -1          1
32             42             43         2  0.15575750      1          0
33              0              0         0  0.00000000     -1          1
34              0              0         0  0.00000000     -1          1
35             44             45         2  0.58758628      1          0
36             46             47         2  0.35066553      1          0
37              0              0         0  0.00000000     -1          2
38              0              0         0  0.00000000     -1          2
39             48             49         1  0.95939660      1          0
40              0              0         0  0.00000000     -1          1
41             50             51         2  0.90279937      1          0
42             52             53         2  0.14961500      1          0
43             54             55         2  0.49245306      1          0
44             56             57         2  0.58259954      1          0
45             58             59         1  0.09127365      1          0
46             60             61         1  0.63417015      1          0
47             62             63         2  0.35524743      1          0
48             64             65         2  0.76012812      1          0
49              0              0         0  0.00000000     -1          1
50              0              0         0  0.00000000     -1          2
51              0              0         0  0.00000000     -1          1
52             66             67         1  0.28297734      1          0
53              0              0         0  0.00000000     -1          2
54             68             69         2  0.36925179      1          0
55              0              0         0  0.00000000     -1          2
56              0              0         0  0.00000000     -1          2
57              0              0         0  0.00000000     -1          1
58             70             71         2  0.71431245      1          0
59             72             73         2  0.78337183      1          0
60              0              0         0  0.00000000     -1          2
61             74             75         1  0.64822051      1          0
62              0              0         0  0.00000000     -1          1
63             76             77         1  0.79683594      1          0
64             78             79         2  0.75625378      1          0
65              0              0         0  0.00000000     -1          1
66             80             81         2  0.08276543      1          0
67              0              0         0  0.00000000     -1          2
68             82             83         2  0.36286581      1          0
69              0              0         0  0.00000000     -1          1
70              0              0         0  0.00000000     -1          2
71              0              0         0  0.00000000     -1          2
72              0              0         0  0.00000000     -1          2
73              0              0         0  0.00000000     -1          2
74              0              0         0  0.00000000     -1          1
75             84             85         2  0.30808913      1          0
76             86             87         1  0.78162053      1          0
77              0              0         0  0.00000000     -1          2
78             88             89         2  0.69304558      1          0
79              0              0         0  0.00000000     -1          2
80             90             91         1  0.10526047      1          0
81              0              0         0  0.00000000     -1          1
82             92             93         2  0.27293849      1          0
83              0              0         0  0.00000000     -1          2
84             94             95         1  0.81151631      1          0
85              0              0         0  0.00000000     -1          2
86             96             97         1  0.67298868      1          0
87              0              0         0  0.00000000     -1          1
88             98             99         2  0.59106207      1          0
89            100            101         2  0.70087086      1          0
90              0              0         0  0.00000000     -1          1
91              0              0         0  0.00000000     -1          1
92              0              0         0  0.00000000     -1          1
93            102            103         2  0.27539543      1          0
94            104            105         2  0.30461468      1          0
95            106            107         1  0.89559086      1          0
96              0              0         0  0.00000000     -1          2
97              0              0         0  0.00000000     -1          2
98            108            109         1  0.52940937      1          0
99              0              0         0  0.00000000     -1          1
100             0              0         0  0.00000000     -1          2
101           110            111         1  0.86203903      1          0
102             0              0         0  0.00000000     -1          2
103           112            113         2  0.28012661      1          0
104           114            115         2  0.12422581      1          0
105             0              0         0  0.00000000     -1          1
106             0              0         0  0.00000000     -1          2
107           116            117         1  0.90150523      1          0
108             0              0         0  0.00000000     -1          2
109           118            119         2  0.58799923      1          0
110             0              0         0  0.00000000     -1          1
111             0              0         0  0.00000000     -1          1
112             0              0         0  0.00000000     -1          1
113             0              0         0  0.00000000     -1          1
114           120            121         1  0.69650865      1          0
115             0              0         0  0.00000000     -1          2
116             0              0         0  0.00000000     -1          1
117             0              0         0  0.00000000     -1          2
118           122            123         1  0.85138381      1          0
119             0              0         0  0.00000000     -1          2
120             0              0         0  0.00000000     -1          2
121             0              0         0  0.00000000     -1          2
122             0              0         0  0.00000000     -1          1
123             0              0         0  0.00000000     -1          1
