    left daughter right daughter split var split point status prediction
1               2              3         2  0.99312171      1          0
2               4              5         2  0.16037403      1          0
3               0              0         0  0.00000000     -1          1
4               6              7         2  0.15582139      1          0
5               8              9         2  0.18149351      1          0
6              10             11         2  0.12247878      1          0
7               0              0         0  0.00000000     -1          2
8              12             13         1  0.44619796      1          0
9              14             15         1  0.55673547      1          0
10             16             17         2  0.11790284      1          0
11             18             19         2  0.14198797      1          0
12              0              0         0  0.00000000     -1          1
13              0              0         0  0.00000000     -1          2
14             20             21         2  0.49078329      1          0
15             22             23         1  0.56851874      1          0
16             24             25         2  0.10568426      1          0
17              0              0         0  0.00000000     -1          2
18              0              0         0  0.00000000     -1          1
19              0              0         0  0.00000000     -1          2
20             26             27         2  0.18867101      1          0
21             28             29         1  0.50113648      1          0
22             30             31         1  0.56061534      1          0
23             32             33         1  0.97324190      1          0
24             34             35         1  0.49922690      1          0
25              0              0         0  0.00000000     -1          1
26              0              0         0  0.00000000     -1          2
27             36             37         2  0.47730785      1          0
28             38             39         1  0.03125788      1          0
29             40             41         1  0.52092589      1          0
30              0              0         0  0.00000000     -1          1
31              0              0         0  0.00000000     -1          1
32             42             43         2  0.50149564      1          0
33             44             45         1  0.99735051      1          0
34             46             47         2  0.06080917      1          0
35              0              0         0  0.00000000     -1          2
36             48             49         2  0.40149611      1          0
37              0              0         0  0.00000000     -1          1
38              0              0         0  0.00000000     -1          2
39             50             51         2  0.71973379      1          0
40              0              0         0  0.00000000     -1          1
41             52             53         1  0.53270723      1          0
42             54             55         2  0.46252467      1          0
43             56             57         1  0.95939660      1          0
44             58             59         1  0.98331186      1          0
45              0              0         0  0.00000000     -1          2
46              0              0         0  0.00000000     -1          1
47              0              0         0  0.00000000     -1          1
48             60             61         1  0.49851334      1          0
49             62             63         2  0.42036751      1          0
50             64             65         2  0.50239720      1          0
51             66             67         2  0.72793471      1          0
52              0              0         0  0.00000000     -1          2
53              0              0         0  0.00000000     -1          1
54             68             69         2  0.30714874      1          0
55             70             71         2  0.46556536      1          0
56             72             73         1  0.66574656      1          0
57              0              0         0  0.00000000     -1          2
58              0              0         0  0.00000000     -1          1
59              0              0         0  0.00000000     -1          1
60             74             75         1  0.08573144      1          0
61             76             77         1  0.54742836      1          0
62              0              0         0  0.00000000     -1          1
63             78             79         1  0.42374138      1          0
64              0              0         0  0.00000000     -1          2
65             80             81         1  0.13458457      1          0
66              0              0         0  0.00000000     -1          1
67             82             83         2  0.95414064      1          0
68             84             85         2  0.30461468      1          0
69             86             87         1  0.79242822      1          0
70              0              0         0  0.00000000     -1          1
71              0              0         0  0.00000000     -1          2
72             88             89         2  0.74444639      1          0
73             90             91         2  0.96539458      1          0
74             92             93         1  0.08280873      1          0
75             94             95         1  0.26450570      1          0
76              0              0         0  0.00000000     -1          2
77              0              0         0  0.00000000     -1          2
78              0              0         0  0.00000000     -1          1
79              0              0         0  0.00000000     -1          2
80             96             97         1  0.12281486      1          0
81              0              0         0  0.00000000     -1          2
82             98             99         2  0.75018814      1          0
83            100            101         1  0.43791426      1          0
84            102            103         1  0.89532177      1          0
85              0              0         0  0.00000000     -1          1
86            104            105         1  0.77785140      1          0
87              0              0         0  0.00000000     -1          2
88            106            107         2  0.58774457      1          0
89            108            109         2  0.89777429      1          0
90            110            111         2  0.74462746      1          0
91              0              0         0  0.00000000     -1          1
92            112            113         2  0.21296071      1          0
93              0              0         0  0.00000000     -1          2
94            114            115         2  0.27539543      1          0
95              0              0         0  0.00000000     -1          1
96            116            117         2  0.68397039      1          0
97              0              0         0  0.00000000     -1          1
98              0              0         0  0.00000000     -1          2
99            118            119         1  0.47497550      1          0
100           120            121         1  0.14557973      1          0
101             0              0         0  0.00000000     -1          1
102           122            123         1  0.77933770      1          0
103             0              0         0  0.00000000     -1          1
104           124            125         1  0.65577023      1          0
105             0              0         0  0.00000000     -1          1
106             0              0         0  0.00000000     -1          1
107             0              0         0  0.00000000     -1          1
108             0              0         0  0.00000000     -1          1
109             0              0         0  0.00000000     -1          1
110           126            127         2  0.69698142      1          0
111             0              0         0  0.00000000     -1          1
112             0              0         0  0.00000000     -1          1
113             0              0         0  0.00000000     -1          1
114             0              0         0  0.00000000     -1          1
115             0              0         0  0.00000000     -1          1
116             0              0         0  0.00000000     -1          2
117             0              0         0  0.00000000     -1          2
118             0              0         0  0.00000000     -1          2
119             0              0         0  0.00000000     -1          1
120             0              0         0  0.00000000     -1          2
121             0              0         0  0.00000000     -1          2
122             0              0         0  0.00000000     -1          2
123             0              0         0  0.00000000     -1          2
124             0              0         0  0.00000000     -1          2
125             0              0         0  0.00000000     -1          2
126             0              0         0  0.00000000     -1          1
127             0              0         0  0.00000000     -1          2
