    left daughter right daughter split var split point status prediction
1               2              3         1  0.04683353      1          0
2               4              5         1  0.02788572      1          0
3               6              7         1  0.67329450      1          0
4               8              9         1  0.02134942      1          0
5              10             11         1  0.04031595      1          0
6              12             13         1  0.65688447      1          0
7              14             15         2  0.50162579      1          0
8              16             17         2  0.53710966      1          0
9               0              0         0  0.00000000     -1          2
10              0              0         0  0.00000000     -1          1
11              0              0         0  0.00000000     -1          1
12             18             19         2  0.47638228      1          0
13             20             21         1  0.66063198      1          0
14             22             23         2  0.23132933      1          0
15             24             25         1  0.85309899      1          0
16              0              0         0  0.00000000     -1          1
17              0              0         0  0.00000000     -1          2
18             26             27         2  0.01808372      1          0
19             28             29         1  0.49877742      1          0
20              0              0         0  0.00000000     -1          2
21             30             31         2  0.48911594      1          0
22             32             33         1  0.80810042      1          0
23             34             35         1  0.67870889      1          0
24             36             37         2  0.71652629      1          0
25             38             39         1  0.87566567      1          0
26              0              0         0  0.00000000     -1          1
27             40             41         1  0.50041439      1          0
28             42             43         2  0.99115484      1          0
29             44             45         2  0.50140540      1          0
30              0              0         0  0.00000000     -1          2
31              0              0         0  0.00000000     -1          1
32             46             47         2  0.05337517      1          0
33              0              0         0  0.00000000     -1          2
34              0              0         0  0.00000000     -1          1
35             48             49         1  0.78055418      1          0
36             50             51         1  0.73461132      1          0
37             52             53         2  0.96889677      1          0
38              0              0         0  0.00000000     -1          1
39             54             55         1  0.96286713      1          0
40             56             57         2  0.03332682      1          0
41             58             59         2  0.45896705      1          0
42             60             61         2  0.68428669      1          0
43              0              0         0  0.00000000     -1          1
44              0              0         0  0.00000000     -1          2
45             62             63         1  0.52246237      1          0
46              0              0         0  0.00000000     -1          1
47             64             65         2  0.12422581      1          0
48              0              0         0  0.00000000     -1          2
49             66             67         2  0.23725529      1          0
50             68             69         1  0.68489957      1          0
51             70             71         1  0.75097413      1          0
52              0              0         0  0.00000000     -1          1
53              0              0         0  0.00000000     -1          1
54             72             73         1  0.92979728      1          0
55             74             75         1  0.97372006      1          0
56              0              0         0  0.00000000     -1          2
57             76             77         1  0.30251838      1          0
58             78             79         2  0.34106900      1          0
59              0              0         0  0.00000000     -1          2
60             80             81         1  0.13770610      1          0
61             82             83         2  0.68571311      1          0
62             84             85         2  0.80542268      1          0
63             86             87         2  0.85553750      1          0
64              0              0         0  0.00000000     -1          2
65              0              0         0  0.00000000     -1          2
66              0              0         0  0.00000000     -1          1
67             88             89         2  0.44929646      1          0
68              0              0         0  0.00000000     -1          1
69              0              0         0  0.00000000     -1          1
70              0              0         0  0.00000000     -1          2
71             90             91         1  0.80580789      1          0
72              0              0         0  0.00000000     -1          1
73              0              0         0  0.00000000     -1          1
74              0              0         0  0.00000000     -1          2
75             92             93         1  0.98842637      1          0
76             94             95         1  0.29858787      1          0
77              0              0         0  0.00000000     -1          1
78              0              0         0  0.00000000     -1          2
79             96             97         2  0.35589140      1          0
80             98             99         2  0.59337157      1          0
81              0              0         0  0.00000000     -1          2
82              0              0         0  0.00000000     -1          1
83            100            101         1  0.46964924      1          0
84              0              0         0  0.00000000     -1          1
85              0              0         0  0.00000000     -1          1
86            102            103         2  0.78087479      1          0
87              0              0         0  0.00000000     -1          1
88            104            105         2  0.36920754      1          0
89              0              0         0  0.00000000     -1          2
90            106            107         2  0.70913575      1          0
91              0              0         0  0.00000000     -1          1
92              0              0         0  0.00000000     -1          1
93              0              0         0  0.00000000     -1          1
94            108            109         1  0.09649168      1          0
95              0              0         0  0.00000000     -1          2
96              0              0         0  0.00000000     -1          1
97              0              0         0  0.00000000     -1          2
98              0              0         0  0.00000000     -1          2
99              0              0         0  0.00000000     -1          2
100           110            111         1  0.18523351      1          0
101             0              0         0  0.00000000     -1          2
102           112            113         2  0.56815690      1          0
103             0              0         0  0.00000000     -1          2
104           114            115         1  0.78714653      1          0
105           116            117         1  0.97518145      1          0
106             0              0         0  0.00000000     -1          1
107             0              0         0  0.00000000     -1          2
108             0              0         0  0.00000000     -1          1
109           118            119         2  0.36925179      1          0
110           120            121         1  0.17913666      1          0
111           122            123         1  0.39174019      1          0
112             0              0         0  0.00000000     -1          1
113           124            125         1  0.64752799      1          0
114             0              0         0  0.00000000     -1          1
115           126            127         1  0.93823478      1          0
116             0              0         0  0.00000000     -1          2
117             0              0         0  0.00000000     -1          2
118             0              0         0  0.00000000     -1          1
119             0              0         0  0.00000000     -1          1
120             0              0         0  0.00000000     -1          2
121             0              0         0  0.00000000     -1          1
122             0              0         0  0.00000000     -1          2
123             0              0         0  0.00000000     -1          2
124             0              0         0  0.00000000     -1          1
125             0              0         0  0.00000000     -1          1
126             0              0         0  0.00000000     -1          2
127             0              0         0  0.00000000     -1          2
