    left daughter right daughter split var split point status prediction
1               2              3         1  0.85309899      1          0
2               4              5         1  0.77436358      1          0
3               6              7         1  0.99494929      1          0
4               8              9         2  0.49362280      1          0
5              10             11         1  0.78919454      1          0
6              12             13         1  0.98842637      1          0
7               0              0         0  0.00000000     -1          1
8              14             15         2  0.34489337      1          0
9              16             17         2  0.98940725      1          0
10              0              0         0  0.00000000     -1          1
11             18             19         1  0.82327988      1          0
12             20             21         2  0.50182512      1          0
13              0              0         0  0.00000000     -1          2
14             22             23         1  0.50027895      1          0
15             24             25         1  0.51543574      1          0
16             26             27         1  0.49667637      1          0
17              0              0         0  0.00000000     -1          1
18             28             29         2  0.48998689      1          0
19             30             31         2  0.43393454      1          0
20             32             33         2  0.42347719      1          0
21             34             35         2  0.52776941      1          0
22             36             37         1  0.31472401      1          0
23             38             39         2  0.12422581      1          0
24             40             41         2  0.36689401      1          0
25             42             43         2  0.48977183      1          0
26             44             45         1  0.03125788      1          0
27             46             47         2  0.50140540      1          0
28              0              0         0  0.00000000     -1          2
29              0              0         0  0.00000000     -1          1
30              0              0         0  0.00000000     -1          2
31              0              0         0  0.00000000     -1          1
32             48             49         2  0.22800581      1          0
33              0              0         0  0.00000000     -1          2
34              0              0         0  0.00000000     -1          1
35             50             51         1  0.86385907      1          0
36             52             53         1  0.31193028      1          0
37              0              0         0  0.00000000     -1          1
38             54             55         2  0.11881485      1          0
39              0              0         0  0.00000000     -1          2
40              0              0         0  0.00000000     -1          1
41              0              0         0  0.00000000     -1          1
42             56             57         2  0.45896705      1          0
43              0              0         0  0.00000000     -1          1
44             58             59         2  0.81293332      1          0
45             60             61         1  0.47199929      1          0
46              0              0         0  0.00000000     -1          2
47             62             63         1  0.76079717      1          0
48              0              0         0  0.00000000     -1          2
49             64             65         2  0.23402924      1          0
50              0              0         0  0.00000000     -1          2
51             66             67         1  0.95939660      1          0
52             68             69         1  0.29699918      1          0
53              0              0         0  0.00000000     -1          2
54             70             71         2  0.01497403      1          0
55              0              0         0  0.00000000     -1          1
56              0              0         0  0.00000000     -1          2
57              0              0         0  0.00000000     -1          2
58              0              0         0  0.00000000     -1          2
59              0              0         0  0.00000000     -1          1
60             72             73         1  0.15901703      1          0
61              0              0         0  0.00000000     -1          2
62             74             75         2  0.89777429      1          0
63              0              0         0  0.00000000     -1          2
64              0              0         0  0.00000000     -1          1
65             76             77         2  0.28221229      1          0
66             78             79         1  0.87188658      1          0
67              0              0         0  0.00000000     -1          1
68             80             81         1  0.21653988      1          0
69              0              0         0  0.00000000     -1          1
70              0              0         0  0.00000000     -1          2
71              0              0         0  0.00000000     -1          2
72             82             83         1  0.15554931      1          0
73             84             85         1  0.26996057      1          0
74             86             87         2  0.81071561      1          0
75              0              0         0  0.00000000     -1          1
76              0              0         0  0.00000000     -1          2
77              0              0         0  0.00000000     -1          2
78              0              0         0  0.00000000     -1          1
79              0              0         0  0.00000000     -1          1
80             88             89         2  0.08345133      1          0
81              0              0         0  0.00000000     -1          1
82             90             91         1  0.07227648      1          0
83              0              0         0  0.00000000     -1          1
84              0              0         0  0.00000000     -1          2
85             92             93         1  0.27518430      1          0
86             94             95         2  0.56376237      1          0
87             96             97         1  0.59667757      1          0
88              0              0         0  0.00000000     -1          1
89             98             99         1  0.16271895      1          0
90              0              0         0  0.00000000     -1          2
91            100            101         1  0.07568266      1          0
92              0              0         0  0.00000000     -1          1
93            102            103         1  0.39174019      1          0
94              0              0         0  0.00000000     -1          1
95            104            105         1  0.55830866      1          0
96              0              0         0  0.00000000     -1          1
97              0              0         0  0.00000000     -1          2
98            106            107         1  0.02344243      1          0
99              0              0         0  0.00000000     -1          1
100             0              0         0  0.00000000     -1          1
101           108            109         2  0.60379831      1          0
102             0              0         0  0.00000000     -1          2
103           110            111         2  0.96537531      1          0
104             0              0         0  0.00000000     -1          1
105           112            113         1  0.68763827      1          0
106             0              0         0  0.00000000     -1          1
107           114            115         1  0.09850180      1          0
108             0              0         0  0.00000000     -1          2
109           116            117         1  0.09460491      1          0
110             0              0         0  0.00000000     -1          2
111             0              0         0  0.00000000     -1          1
112           118            119         2  0.69304558      1          0
113             0              0         0  0.00000000     -1          1
114             0              0         0  0.00000000     -1          1
115           120            121         1  0.10633492      1          0
116             0              0         0  0.00000000     -1          2
117             0              0         0  0.00000000     -1          2
118             0              0         0  0.00000000     -1          1
119           122            123         1  0.67898963      1          0
120             0              0         0  0.00000000     -1          2
121             0              0         0  0.00000000     -1          1
122             0              0         0  0.00000000     -1          1
123             0              0         0  0.00000000     -1          2
