    left daughter right daughter split var split point status prediction
1               2              3         1 0.941900463      1          0
2               4              5         2 0.989407248      1          0
3               6              7         1 0.995589397      1          0
4               8              9         2 0.963544970      1          0
5               0              0         0 0.000000000     -1          1
6              10             11         1 0.989488752      1          0
7               0              0         0 0.000000000     -1          1
8              12             13         2 0.001985639      1          0
9              14             15         2 0.975701573      1          0
10             16             17         1 0.986850871      1          0
11              0              0         0 0.000000000     -1          2
12              0              0         0 0.000000000     -1          1
13             18             19         1 0.932032778      1          0
14              0              0         0 0.000000000     -1          2
15             20             21         2 0.976992438      1          0
16             22             23         1 0.974633222      1          0
17              0              0         0 0.000000000     -1          1
18             24             25         2 0.010499189      1          0
19              0              0         0 0.000000000     -1          1
20              0              0         0 0.000000000     -1          1
21              0              0         0 0.000000000     -1          2
22             26             27         2 0.762840586      1          0
23              0              0         0 0.000000000     -1          2
24              0              0         0 0.000000000     -1          2
25             28             29         1 0.588174085      1          0
26              0              0         0 0.000000000     -1          2
27              0              0         0 0.000000000     -1          1
28             30             31         1 0.500414393      1          0
29             32             33         2 0.501405397      1          0
30             34             35         1 0.021349421      1          0
31             36             37         1 0.574482792      1          0
32             38             39         1 0.898918028      1          0
33             40             41         2 0.527513860      1          0
34             42             43         2 0.508223190      1          0
35             44             45         1 0.032349148      1          0
36             46             47         2 0.481664032      1          0
37              0              0         0 0.000000000     -1          2
38             48             49         1 0.895321767      1          0
39              0              0         0 0.000000000     -1          2
40              0              0         0 0.000000000     -1          1
41             50             51         1 0.745697313      1          0
42              0              0         0 0.000000000     -1          1
43              0              0         0 0.000000000     -1          2
44              0              0         0 0.000000000     -1          2
45             52             53         1 0.036003546      1          0
46              0              0         0 0.000000000     -1          2
47             54             55         1 0.504454914      1          0
48             56             57         1 0.838785590      1          0
49              0              0         0 0.000000000     -1          1
50             58             59         1 0.665746560      1          0
51             60             61         2 0.946372893      1          0
52              0              0         0 0.000000000     -1          1
53             62             63         1 0.331055657      1          0
54              0              0         0 0.000000000     -1          2
55             64             65         1 0.511038784      1          0
56             66             67         2 0.452876130      1          0
57              0              0         0 0.000000000     -1          2
58             68             69         1 0.663390921      1          0
59              0              0         0 0.000000000     -1          1
60             70             71         2 0.603987592      1          0
61              0              0         0 0.000000000     -1          1
62             72             73         2 0.488362788      1          0
63             74             75         1 0.372017279      1          0
64              0              0         0 0.000000000     -1          1
65             76             77         2 0.615446051      1          0
66             78             79         1 0.676942909      1          0
67              0              0         0 0.000000000     -1          2
68             80             81         1 0.601601992      1          0
69              0              0         0 0.000000000     -1          2
70              0              0         0 0.000000000     -1          1
71             82             83         2 0.732541169      1          0
72             84             85         2 0.391268787      1          0
73             86             87         2 0.723655134      1          0
74             88             89         2 0.489661523      1          0
75             90             91         1 0.402175827      1          0
76              0              0         0 0.000000000     -1          1
77             92             93         2 0.633897852      1          0
78             94             95         2 0.345348396      1          0
79             96             97         2 0.015523543      1          0
80              0              0         0 0.000000000     -1          1
81              0              0         0 0.000000000     -1          1
82              0              0         0 0.000000000     -1          1
83             98             99         2 0.742123120      1          0
84            100            101         2 0.389302542      1          0
85              0              0         0 0.000000000     -1          1
86            102            103         2 0.591238626      1          0
87            104            105         2 0.727209921      1          0
88              0              0         0 0.000000000     -1          1
89              0              0         0 0.000000000     -1          2
90            106            107         1 0.389756500      1          0
91            108            109         1 0.422988920      1          0
92              0              0         0 0.000000000     -1          2
93            110            111         1 0.542128410      1          0
94              0              0         0 0.000000000     -1          2
95              0              0         0 0.000000000     -1          2
96              0              0         0 0.000000000     -1          1
97            112            113         1 0.678939539      1          0
98              0              0         0 0.000000000     -1          2
99            114            115         2 0.840594758      1          0
100           116            117         1 0.162718950      1          0
101             0              0         0 0.000000000     -1          2
102           118            119         2 0.576251481      1          0
103             0              0         0 0.000000000     -1          2
104             0              0         0 0.000000000     -1          1
105           120            121         2 0.752005372      1          0
106             0              0         0 0.000000000     -1          1
107             0              0         0 0.000000000     -1          2
108             0              0         0 0.000000000     -1          1
109           122            123         1 0.426025088      1          0
110             0              0         0 0.000000000     -1          1
111             0              0         0 0.000000000     -1          1
112             0              0         0 0.000000000     -1          1
113           124            125         1 0.794668888      1          0
114             0              0         0 0.000000000     -1          1
115             0              0         0 0.000000000     -1          1
116           126            127         2 0.326571360      1          0
117             0              0         0 0.000000000     -1          1
118             0              0         0 0.000000000     -1          2
119             0              0         0 0.000000000     -1          1
120             0              0         0 0.000000000     -1          2
121             0              0         0 0.000000000     -1          2
122             0              0         0 0.000000000     -1          2
123             0              0         0 0.000000000     -1          1
124             0              0         0 0.000000000     -1          2
125             0              0         0 0.000000000     -1          2
126             0              0         0 0.000000000     -1          1
127             0              0         0 0.000000000     -1          1
