    left daughter right daughter split var split point status prediction
1               2              3         1  0.01876411      1          0
2               4              5         1  0.01182275      1          0
3               6              7         2  0.99312171      1          0
4               0              0         0  0.00000000     -1          1
5               0              0         0  0.00000000     -1          1
6               8              9         1  0.02788572      1          0
7               0              0         0  0.00000000     -1          1
8               0              0         0  0.00000000     -1          2
9              10             11         2  0.96354481      1          0
10             12             13         1  0.30771610      1          0
11             14             15         2  0.97477579      1          0
12             16             17         1  0.29217011      1          0
13             18             19         1  0.31558613      1          0
14              0              0         0  0.00000000     -1          2
15             20             21         2  0.97797288      1          0
16             22             23         2  0.49477090      1          0
17              0              0         0  0.00000000     -1          1
18              0              0         0  0.00000000     -1          2
19             24             25         1  0.35052742      1          0
20              0              0         0  0.00000000     -1          1
21             26             27         1  0.78447379      1          0
22             28             29         1  0.06710005      1          0
23             30             31         1  0.18362207      1          0
24             32             33         1  0.34174217      1          0
25             34             35         1  0.35186784      1          0
26              0              0         0  0.00000000     -1          2
27              0              0         0  0.00000000     -1          1
28              0              0         0  0.00000000     -1          1
29             36             37         1  0.08298255      1          0
30             38             39         1  0.18092684      1          0
31             40             41         2  0.71185124      1          0
32             42             43         1  0.31807315      1          0
33              0              0         0  0.00000000     -1          1
34              0              0         0  0.00000000     -1          2
35             44             45         1  0.99494929      1          0
36              0              0         0  0.00000000     -1          1
37             46             47         1  0.16271895      1          0
38             48             49         1  0.07038244      1          0
39              0              0         0  0.00000000     -1          1
40              0              0         0  0.00000000     -1          2
41              0              0         0  0.00000000     -1          2
42              0              0         0  0.00000000     -1          1
43              0              0         0  0.00000000     -1          2
44             50             51         1  0.95585293      1          0
45              0              0         0  0.00000000     -1          1
46              0              0         0  0.00000000     -1          1
47             52             53         2  0.36925179      1          0
48              0              0         0  0.00000000     -1          2
49             54             55         2  0.67328548      1          0
50             56             57         2  0.50162579      1          0
51             58             59         1  0.97403221      1          0
52             60             61         1  0.16402622      1          0
53              0              0         0  0.00000000     -1          1
54             62             63         2  0.58804549      1          0
55             64             65         1  0.07568103      1          0
56             66             67         2  0.02788447      1          0
57             68             69         2  0.64606121      1          0
58             70             71         1  0.96157699      1          0
59              0              0         0  0.00000000     -1          2
60              0              0         0  0.00000000     -1          2
61             72             73         1  0.26792269      1          0
62              0              0         0  0.00000000     -1          2
63              0              0         0  0.00000000     -1          2
64              0              0         0  0.00000000     -1          1
65             74             75         1  0.09686727      1          0
66              0              0         0  0.00000000     -1          2
67             76             77         1  0.49991164      1          0
68             78             79         1  0.49196719      1          0
69             80             81         1  0.49877742      1          0
70              0              0         0  0.00000000     -1          2
71              0              0         0  0.00000000     -1          2
72             82             83         2  0.23491174      1          0
73              0              0         0  0.00000000     -1          1
74              0              0         0  0.00000000     -1          2
75              0              0         0  0.00000000     -1          2
76              0              0         0  0.00000000     -1          1
77             84             85         1  0.76129878      1          0
78              0              0         0  0.00000000     -1          2
79             86             87         2  0.59896946      1          0
80             88             89         2  0.96159334      1          0
81             90             91         1  0.77287070      1          0
82             92             93         2  0.22630665      1          0
83              0              0         0  0.00000000     -1          1
84              0              0         0  0.00000000     -1          2
85             94             95         2  0.45227823      1          0
86             96             97         1  0.54349992      1          0
87              0              0         0  0.00000000     -1          1
88             98             99         2  0.78337183      1          0
89              0              0         0  0.00000000     -1          1
90            100            101         1  0.76628038      1          0
91            102            103         2  0.94637289      1          0
92              0              0         0  0.00000000     -1          1
93              0              0         0  0.00000000     -1          2
94            104            105         1  0.76262591      1          0
95              0              0         0  0.00000000     -1          1
96              0              0         0  0.00000000     -1          2
97            106            107         2  0.58799923      1          0
98              0              0         0  0.00000000     -1          2
99            108            109         1  0.47508480      1          0
100           110            111         1  0.53270723      1          0
101             0              0         0  0.00000000     -1          2
102             0              0         0  0.00000000     -1          1
103             0              0         0  0.00000000     -1          2
104             0              0         0  0.00000000     -1          1
105           112            113         2  0.03933465      1          0
106           114            115         2  0.57290066      1          0
107             0              0         0  0.00000000     -1          2
108           116            117         1  0.41997489      1          0
109             0              0         0  0.00000000     -1          2
110           118            119         1  0.52246237      1          0
111           120            121         1  0.76079717      1          0
112             0              0         0  0.00000000     -1          1
113           122            123         1  0.78714653      1          0
114           124            125         2  0.52751386      1          0
115             0              0         0  0.00000000     -1          1
116             0              0         0  0.00000000     -1          2
117             0              0         0  0.00000000     -1          2
118             0              0         0  0.00000000     -1          1
119             0              0         0  0.00000000     -1          2
120           126            127         2  0.76033713      1          0
121             0              0         0  0.00000000     -1          1
122             0              0         0  0.00000000     -1          2
123             0              0         0  0.00000000     -1          2
124             0              0         0  0.00000000     -1          1
125             0              0         0  0.00000000     -1          1
126             0              0         0  0.00000000     -1          1
127             0              0         0  0.00000000     -1          1
