    left daughter right daughter split var split point status prediction
1               2              3         2 0.988660969      1          0
2               4              5         2 0.963544970      1          0
3               6              7         2 0.993411653      1          0
4               8              9         2 0.932077643      1          0
5              10             11         1 0.048451782      1          0
6               0              0         0 0.000000000     -1          1
7               0              0         0 0.000000000     -1          1
8              12             13         1 0.060903125      1          0
9              14             15         1 0.494535434      1          0
10              0              0         0 0.000000000     -1          1
11             16             17         1 0.879013841      1          0
12             18             19         1 0.002204362      1          0
13             20             21         2 0.906340719      1          0
14              0              0         0 0.000000000     -1          2
15              0              0         0 0.000000000     -1          1
16             22             23         1 0.515611110      1          0
17              0              0         0 0.000000000     -1          1
18              0              0         0 0.000000000     -1          2
19             24             25         1 0.006078218      1          0
20             26             27         1 0.950250226      1          0
21              0              0         0 0.000000000     -1          2
22             28             29         2 0.981280034      1          0
23              0              0         0 0.000000000     -1          2
24              0              0         0 0.000000000     -1          1
25             30             31         1 0.008499199      1          0
26             32             33         1 0.931877230      1          0
27             34             35         1 0.986850871      1          0
28              0              0         0 0.000000000     -1          2
29              0              0         0 0.000000000     -1          2
30              0              0         0 0.000000000     -1          2
31             36             37         1 0.018608115      1          0
32             38             39         1 0.869888086      1          0
33             40             41         2 0.492086427      1          0
34             42             43         1 0.955852935      1          0
35             44             45         1 0.994949289      1          0
36              0              0         0 0.000000000     -1          1
37             46             47         2 0.500108839      1          0
38             48             49         1 0.835650189      1          0
39             50             51         1 0.900532144      1          0
40              0              0         0 0.000000000     -1          2
41              0              0         0 0.000000000     -1          1
42              0              0         0 0.000000000     -1          2
43              0              0         0 0.000000000     -1          2
44              0              0         0 0.000000000     -1          2
45              0              0         0 0.000000000     -1          1
46             52             53         2 0.199788592      1          0
47              0              0         0 0.000000000     -1          2
48             54             55         1 0.822914380      1          0
49             56             57         1 0.853285517      1          0
50             58             59         2 0.770295717      1          0
51             60             61         2 0.495140719      1          0
52              0              0         0 0.000000000     -1          1
53             62             63         2 0.202572515      1          0
54             64             65         2 0.049595878      1          0
55              0              0         0 0.000000000     -1          2
56              0              0         0 0.000000000     -1          1
57              0              0         0 0.000000000     -1          1
58             66             67         2 0.520919794      1          0
59              0              0         0 0.000000000     -1          1
60              0              0         0 0.000000000     -1          2
61              0              0         0 0.000000000     -1          1
62              0              0         0 0.000000000     -1          2
63              0              0         0 0.000000000     -1          1
64             68             69         2 0.025985572      1          0
65             70             71         1 0.774438815      1          0
66              0              0         0 0.000000000     -1          2
67              0              0         0 0.000000000     -1          2
68             72             73         2 0.018083724      1          0
69              0              0         0 0.000000000     -1          1
70             74             75         2 0.898978569      1          0
71             76             77         2 0.302566082      1          0
72             78             79         2 0.009420353      1          0
73              0              0         0 0.000000000     -1          2
74             80             81         2 0.606855306      1          0
75              0              0         0 0.000000000     -1          1
76              0              0         0 0.000000000     -1          2
77             82             83         2 0.613281440      1          0
78              0              0         0 0.000000000     -1          1
79              0              0         0 0.000000000     -1          1
80             84             85         1 0.509377548      1          0
81             86             87         2 0.890063332      1          0
82             88             89         2 0.587727213      1          0
83              0              0         0 0.000000000     -1          1
84             90             91         2 0.490783291      1          0
85             92             93         2 0.501405397      1          0
86             94             95         2 0.844715924      1          0
87              0              0         0 0.000000000     -1          2
88              0              0         0 0.000000000     -1          1
89              0              0         0 0.000000000     -1          2
90             96             97         2 0.153774664      1          0
91             98             99         1 0.496155031      1          0
92            100            101         1 0.555812175      1          0
93            102            103         2 0.563762372      1          0
94            104            105         1 0.500341875      1          0
95            106            107         1 0.514691009      1          0
96              0              0         0 0.000000000     -1          1
97            108            109         2 0.158333440      1          0
98            110            111         2 0.498887079      1          0
99              0              0         0 0.000000000     -1          1
100             0              0         0 0.000000000     -1          2
101           112            113         2 0.489771829      1          0
102             0              0         0 0.000000000     -1          1
103           114            115         2 0.564839271      1          0
104           116            117         2 0.825343073      1          0
105           118            119         2 0.712211512      1          0
106             0              0         0 0.000000000     -1          2
107             0              0         0 0.000000000     -1          1
108             0              0         0 0.000000000     -1          2
109           120            121         2 0.188671014      1          0
110             0              0         0 0.000000000     -1          1
111             0              0         0 0.000000000     -1          2
112           122            123         2 0.235015184      1          0
113             0              0         0 0.000000000     -1          2
114             0              0         0 0.000000000     -1          2
115           124            125         1 0.719135962      1          0
116           126            127         2 0.684191057      1          0
117             0              0         0 0.000000000     -1          2
118             0              0         0 0.000000000     -1          1
119             0              0         0 0.000000000     -1          1
120             0              0         0 0.000000000     -1          1
121             0              0         0 0.000000000     -1          1
122             0              0         0 0.000000000     -1          2
123             0              0         0 0.000000000     -1          2
124             0              0         0 0.000000000     -1          1
125             0              0         0 0.000000000     -1          2
126             0              0         0 0.000000000     -1          2
127             0              0         0 0.000000000     -1          2
