    left daughter right daughter split var split point status prediction
1               2              3         1 0.046535353      1          0
2               4              5         1 0.041715734      1          0
3               6              7         1 0.685303482      1          0
4               8              9         2 0.494040744      1          0
5               0              0         0 0.000000000     -1          1
6              10             11         2 0.497236588      1          0
7              12             13         2 0.506291284      1          0
8               0              0         0 0.000000000     -1          1
9              14             15         2 0.676834512      1          0
10             16             17         1 0.500414393      1          0
11             18             19         2 0.989407248      1          0
12             20             21         1 0.700047649      1          0
13             22             23         2 0.965394584      1          0
14              0              0         0 0.000000000     -1          2
15              0              0         0 0.000000000     -1          2
16             24             25         1 0.106334915      1          0
17             26             27         1 0.628740883      1          0
18             28             29         2 0.527804625      1          0
19              0              0         0 0.000000000     -1          1
20              0              0         0 0.000000000     -1          2
21             30             31         1 0.733431111      1          0
22             32             33         1 0.760797166      1          0
23              0              0         0 0.000000000     -1          1
24             34             35         2 0.069790714      1          0
25             36             37         2 0.003225303      1          0
26             38             39         1 0.559412235      1          0
27             40             41         1 0.638856550      1          0
28              0              0         0 0.000000000     -1          2
29             42             43         1 0.504454914      1          0
30              0              0         0 0.000000000     -1          2
31             44             45         1 0.738278678      1          0
32              0              0         0 0.000000000     -1          1
33             46             47         2 0.742123120      1          0
34              0              0         0 0.000000000     -1          1
35             48             49         2 0.483811267      1          0
36              0              0         0 0.000000000     -1          2
37             50             51         2 0.274937500      1          0
38             52             53         1 0.557542239      1          0
39              0              0         0 0.000000000     -1          2
40              0              0         0 0.000000000     -1          2
41             54             55         1 0.655770226      1          0
42             56             57         2 0.684286686      1          0
43             58             59         1 0.682726808      1          0
44              0              0         0 0.000000000     -1          1
45             60             61         1 0.764241201      1          0
46             62             63         1 0.772837210      1          0
47             64             65         1 0.772870698      1          0
48             66             67         1 0.099120725      1          0
49              0              0         0 0.000000000     -1          2
50              0              0         0 0.000000000     -1          1
51             68             69         2 0.275395434      1          0
52              0              0         0 0.000000000     -1          2
53              0              0         0 0.000000000     -1          1
54              0              0         0 0.000000000     -1          2
55              0              0         0 0.000000000     -1          2
56              0              0         0 0.000000000     -1          2
57             70             71         2 0.685713109      1          0
58             72             73         1 0.556671213      1          0
59              0              0         0 0.000000000     -1          2
60              0              0         0 0.000000000     -1          2
61             74             75         1 0.936497108      1          0
62              0              0         0 0.000000000     -1          2
63             76             77         2 0.735779342      1          0
64              0              0         0 0.000000000     -1          2
65              0              0         0 0.000000000     -1          1
66             78             79         2 0.376665717      1          0
67              0              0         0 0.000000000     -1          2
68              0              0         0 0.000000000     -1          2
69             80             81         1 0.166235800      1          0
70              0              0         0 0.000000000     -1          1
71             82             83         2 0.744743932      1          0
72             84             85         1 0.555961734      1          0
73             86             87         2 0.743262125      1          0
74             88             89         1 0.895887781      1          0
75             90             91         1 0.938234782      1          0
76             92             93         2 0.579012186      1          0
77              0              0         0 0.000000000     -1          2
78              0              0         0 0.000000000     -1          1
79              0              0         0 0.000000000     -1          1
80              0              0         0 0.000000000     -1          1
81              0              0         0 0.000000000     -1          1
82              0              0         0 0.000000000     -1          2
83             94             95         2 0.750188141      1          0
84             96             97         2 0.569340468      1          0
85              0              0         0 0.000000000     -1          2
86              0              0         0 0.000000000     -1          1
87             98             99         2 0.760305003      1          0
88            100            101         1 0.895590864      1          0
89              0              0         0 0.000000000     -1          2
90              0              0         0 0.000000000     -1          1
91            102            103         2 0.414389271      1          0
92              0              0         0 0.000000000     -1          1
93              0              0         0 0.000000000     -1          1
94              0              0         0 0.000000000     -1          1
95            104            105         2 0.787148125      1          0
96              0              0         0 0.000000000     -1          1
97            106            107         2 0.765882798      1          0
98              0              0         0 0.000000000     -1          2
99            108            109         1 0.600600891      1          0
100           110            111         2 0.363081752      1          0
101             0              0         0 0.000000000     -1          1
102             0              0         0 0.000000000     -1          2
103             0              0         0 0.000000000     -1          1
104           112            113         1 0.426886042      1          0
105           114            115         1 0.075682655      1          0
106             0              0         0 0.000000000     -1          1
107             0              0         0 0.000000000     -1          1
108             0              0         0 0.000000000     -1          1
109             0              0         0 0.000000000     -1          1
110             0              0         0 0.000000000     -1          2
111             0              0         0 0.000000000     -1          2
112             0              0         0 0.000000000     -1          2
113             0              0         0 0.000000000     -1          2
114             0              0         0 0.000000000     -1          2
115           116            117         2 0.903707334      1          0
116             0              0         0 0.000000000     -1          2
117           118            119         1 0.377406942      1          0
118           120            121         2 0.908074105      1          0
119             0              0         0 0.000000000     -1          2
120             0              0         0 0.000000000     -1          1
121             0              0         0 0.000000000     -1          2
