    left daughter right daughter split var split point status prediction
1               2              3         2 0.988813644      1          0
2               4              5         1 0.040315954      1          0
3               0              0         0 0.000000000     -1          1
4               6              7         1 0.002794543      1          0
5               8              9         1 0.082593833      1          0
6               0              0         0 0.000000000     -1          2
7              10             11         2 0.537109660      1          0
8              12             13         2 0.514259413      1          0
9              14             15         1 0.995414246      1          0
10             16             17         1 0.023442429      1          0
11              0              0         0 0.000000000     -1          2
12              0              0         0 0.000000000     -1          1
13              0              0         0 0.000000000     -1          2
14             18             19         2 0.007839469      1          0
15              0              0         0 0.000000000     -1          1
16              0              0         0 0.000000000     -1          1
17              0              0         0 0.000000000     -1          1
18              0              0         0 0.000000000     -1          1
19             20             21         1 0.950002741      1          0
20             22             23         2 0.967402085      1          0
21             24             25         2 0.762840586      1          0
22             26             27         2 0.807633445      1          0
23              0              0         0 0.000000000     -1          2
24             28             29         1 0.975153223      1          0
25              0              0         0 0.000000000     -1          1
26             30             31         2 0.750188141      1          0
27             32             33         1 0.514691009      1          0
28              0              0         0 0.000000000     -1          2
29             34             35         1 0.978991160      1          0
30             36             37         1 0.520464050      1          0
31             38             39         2 0.761884850      1          0
32             40             41         1 0.385616182      1          0
33             42             43         1 0.633643935      1          0
34              0              0         0 0.000000000     -1          1
35             44             45         1 0.986850871      1          0
36             46             47         1 0.498090381      1          0
37             48             49         1 0.557309248      1          0
38              0              0         0 0.000000000     -1          2
39             50             51         1 0.494279676      1          0
40             52             53         2 0.906264121      1          0
41             54             55         2 0.965986972      1          0
42              0              0         0 0.000000000     -1          1
43             56             57         2 0.945452262      1          0
44              0              0         0 0.000000000     -1          2
45              0              0         0 0.000000000     -1          2
46             58             59         1 0.095143417      1          0
47             60             61         1 0.500781700      1          0
48             62             63         1 0.534132314      1          0
49             64             65         2 0.501405397      1          0
50             66             67         1 0.426886042      1          0
51              0              0         0 0.000000000     -1          1
52             68             69         1 0.186633975      1          0
53              0              0         0 0.000000000     -1          2
54              0              0         0 0.000000000     -1          2
55              0              0         0 0.000000000     -1          1
56             70             71         1 0.673507323      1          0
57              0              0         0 0.000000000     -1          1
58              0              0         0 0.000000000     -1          1
59             72             73         2 0.498887079      1          0
60              0              0         0 0.000000000     -1          1
61              0              0         0 0.000000000     -1          1
62              0              0         0 0.000000000     -1          2
63              0              0         0 0.000000000     -1          2
64             74             75         1 0.559600442      1          0
65             76             77         2 0.694852956      1          0
66              0              0         0 0.000000000     -1          2
67              0              0         0 0.000000000     -1          2
68              0              0         0 0.000000000     -1          1
69              0              0         0 0.000000000     -1          2
70              0              0         0 0.000000000     -1          1
71              0              0         0 0.000000000     -1          1
72             78             79         2 0.339530684      1          0
73             80             81         1 0.134584572      1          0
74              0              0         0 0.000000000     -1          1
75             82             83         1 0.843614026      1          0
76             84             85         2 0.579114652      1          0
77             86             87         1 0.752954885      1          0
78             88             89         1 0.105874229      1          0
79              0              0         0 0.000000000     -1          1
80              0              0         0 0.000000000     -1          2
81             90             91         1 0.278692089      1          0
82             92             93         1 0.835902645      1          0
83              0              0         0 0.000000000     -1          2
84             94             95         1 0.923960415      1          0
85              0              0         0 0.000000000     -1          1
86              0              0         0 0.000000000     -1          1
87              0              0         0 0.000000000     -1          1
88              0              0         0 0.000000000     -1          2
89             96             97         2 0.116150963      1          0
90             98             99         1 0.269960573      1          0
91              0              0         0 0.000000000     -1          2
92            100            101         2 0.349925378      1          0
93              0              0         0 0.000000000     -1          1
94            102            103         1 0.648951794      1          0
95              0              0         0 0.000000000     -1          1
96              0              0         0 0.000000000     -1          1
97            104            105         2 0.118207247      1          0
98              0              0         0 0.000000000     -1          2
99              0              0         0 0.000000000     -1          1
100           106            107         1 0.794668888      1          0
101           108            109         2 0.355252823      1          0
102             0              0         0 0.000000000     -1          1
103             0              0         0 0.000000000     -1          1
104             0              0         0 0.000000000     -1          2
105           110            111         1 0.216539884      1          0
106           112            113         2 0.236600662      1          0
107           114            115         2 0.310142052      1          0
108             0              0         0 0.000000000     -1          1
109           116            117         1 0.781620533      1          0
110           118            119         1 0.179539934      1          0
111             0              0         0 0.000000000     -1          1
112           120            121         1 0.700047649      1          0
113             0              0         0 0.000000000     -1          2
114           122            123         2 0.287085247      1          0
115             0              0         0 0.000000000     -1          2
116           124            125         2 0.463253388      1          0
117             0              0         0 0.000000000     -1          1
118           126            127         2 0.278385209      1          0
119             0              0         0 0.000000000     -1          2
120             0              0         0 0.000000000     -1          2
121             0              0         0 0.000000000     -1          2
122             0              0         0 0.000000000     -1          2
123             0              0         0 0.000000000     -1          1
124             0              0         0 0.000000000     -1          2
125             0              0         0 0.000000000     -1          2
126             0              0         0 0.000000000     -1          1
127             0              0         0 0.000000000     -1          1
