    left daughter right daughter split var split point status prediction
1               2              3         2 0.988813644      1          0
2               4              5         2 0.018743079      1          0
3               0              0         0 0.000000000     -1          1
4               6              7         2 0.008829501      1          0
5               8              9         2 0.024758680      1          0
6               0              0         0 0.000000000     -1          1
7               0              0         0 0.000000000     -1          1
8               0              0         0 0.000000000     -1          2
9              10             11         1 0.918050818      1          0
10             12             13         2 0.563390038      1          0
11             14             15         1 0.923696711      1          0
12             16             17         2 0.530280504      1          0
13             18             19         1 0.498777420      1          0
14              0              0         0 0.000000000     -1          2
15             20             21         2 0.579675597      1          0
16             22             23         1 0.500414393      1          0
17             24             25         2 0.549561769      1          0
18             26             27         1 0.277197002      1          0
19             28             29         2 0.566730019      1          0
20             30             31         2 0.478018243      1          0
21             32             33         1 0.971365234      1          0
22             34             35         2 0.490783291      1          0
23             36             37         1 0.915212380      1          0
24              0              0         0 0.000000000     -1          1
25             38             39         2 0.560677499      1          0
26             40             41         2 0.685183021      1          0
27             42             43         1 0.428342298      1          0
28              0              0         0 0.000000000     -1          2
29             44             45         1 0.760797166      1          0
30             46             47         2 0.297203754      1          0
31              0              0         0 0.000000000     -1          2
32              0              0         0 0.000000000     -1          1
33              0              0         0 0.000000000     -1          1
34             48             49         1 0.164026221      1          0
35             50             51         2 0.508849317      1          0
36             52             53         1 0.810524259      1          0
37              0              0         0 0.000000000     -1          1
38              0              0         0 0.000000000     -1          2
39              0              0         0 0.000000000     -1          1
40             54             55         1 0.130051694      1          0
41             56             57         2 0.685713109      1          0
42              0              0         0 0.000000000     -1          2
43             58             59         1 0.433098800      1          0
44             60             61         2 0.579114652      1          0
45             62             63         2 0.983526567      1          0
46              0              0         0 0.000000000     -1          2
47              0              0         0 0.000000000     -1          2
48             64             65         1 0.161625446      1          0
49             66             67         1 0.300376447      1          0
50              0              0         0 0.000000000     -1          2
51              0              0         0 0.000000000     -1          2
52             68             69         1 0.780554180      1          0
53              0              0         0 0.000000000     -1          2
54              0              0         0 0.000000000     -1          2
55             70             71         2 0.588045486      1          0
56              0              0         0 0.000000000     -1          1
57             72             73         2 0.723655134      1          0
58              0              0         0 0.000000000     -1          1
59             74             75         1 0.469649238      1          0
60              0              0         0 0.000000000     -1          1
61             76             77         1 0.686132906      1          0
62             78             79         2 0.830986464      1          0
63              0              0         0 0.000000000     -1          2
64             80             81         2 0.065849012      1          0
65              0              0         0 0.000000000     -1          2
66             82             83         1 0.297369430      1          0
67              0              0         0 0.000000000     -1          1
68             84             85         2 0.501405397      1          0
69              0              0         0 0.000000000     -1          1
70              0              0         0 0.000000000     -1          1
71              0              0         0 0.000000000     -1          2
72              0              0         0 0.000000000     -1          2
73             86             87         2 0.727934706      1          0
74              0              0         0 0.000000000     -1          2
75              0              0         0 0.000000000     -1          2
76             88             89         1 0.683135287      1          0
77              0              0         0 0.000000000     -1          1
78             90             91         1 0.765450539      1          0
79             92             93         1 0.773928654      1          0
80              0              0         0 0.000000000     -1          2
81             94             95         1 0.082808729      1          0
82              0              0         0 0.000000000     -1          1
83              0              0         0 0.000000000     -1          2
84             96             97         1 0.547338029      1          0
85              0              0         0 0.000000000     -1          1
86              0              0         0 0.000000000     -1          1
87             98             99         2 0.835132531      1          0
88            100            101         2 0.897774286      1          0
89              0              0         0 0.000000000     -1          2
90              0              0         0 0.000000000     -1          2
91            102            103         2 0.590573263      1          0
92              0              0         0 0.000000000     -1          2
93            104            105         1 0.852544285      1          0
94              0              0         0 0.000000000     -1          1
95            106            107         1 0.084213673      1          0
96              0              0         0 0.000000000     -1          2
97            108            109         1 0.559412235      1          0
98            110            111         2 0.750188141      1          0
99            112            113         2 0.906264121      1          0
100           114            115         1 0.575941918      1          0
101             0              0         0 0.000000000     -1          1
102             0              0         0 0.000000000     -1          1
103           116            117         1 0.867728990      1          0
104             0              0         0 0.000000000     -1          1
105             0              0         0 0.000000000     -1          1
106             0              0         0 0.000000000     -1          2
107             0              0         0 0.000000000     -1          1
108             0              0         0 0.000000000     -1          1
109           118            119         2 0.063507217      1          0
110             0              0         0 0.000000000     -1          2
111             0              0         0 0.000000000     -1          2
112             0              0         0 0.000000000     -1          2
113           120            121         2 0.975701573      1          0
114           122            123         1 0.573016714      1          0
115           124            125         2 0.891448804      1          0
116             0              0         0 0.000000000     -1          1
117             0              0         0 0.000000000     -1          1
118             0              0         0 0.000000000     -1          2
119           126            127         1 0.656403819      1          0
120             0              0         0 0.000000000     -1          2
121             0              0         0 0.000000000     -1          2
122             0              0         0 0.000000000     -1          1
123             0              0         0 0.000000000     -1          2
124             0              0         0 0.000000000     -1          1
125             0              0         0 0.000000000     -1          2
126             0              0         0 0.000000000     -1          2
127             0              0         0 0.000000000     -1          2
