    left daughter right daughter split var split point status prediction
1               2              3         2 0.991262462      1          0
2               4              5         1 0.018608115      1          0
3               0              0         0 0.000000000     -1          1
4               6              7         2 0.718037656      1          0
5               8              9         1 0.027885716      1          0
6               0              0         0 0.000000000     -1          1
7               0              0         0 0.000000000     -1          2
8               0              0         0 0.000000000     -1          2
9              10             11         1 0.036003546      1          0
10             12             13         1 0.032143200      1          0
11             14             15         2 0.824388680      1          0
12              0              0         0 0.000000000     -1          1
13              0              0         0 0.000000000     -1          1
14             16             17         1 0.520464050      1          0
15             18             19         2 0.858819146      1          0
16             20             21         2 0.488362788      1          0
17             22             23         1 0.538180803      1          0
18             24             25         2 0.834375256      1          0
19             26             27         1 0.513292965      1          0
20             28             29         2 0.001085088      1          0
21             30             31         1 0.499476531      1          0
22              0              0         0 0.000000000     -1          2
23             32             33         1 0.949064815      1          0
24              0              0         0 0.000000000     -1          1
25              0              0         0 0.000000000     -1          1
26             34             35         2 0.961593339      1          0
27             36             37         1 0.857251353      1          0
28              0              0         0 0.000000000     -1          2
29             38             39         1 0.500414393      1          0
30             40             41         2 0.726053202      1          0
31              0              0         0 0.000000000     -1          1
32             42             43         2 0.501495635      1          0
33             44             45         2 0.497712417      1          0
34             46             47         2 0.877737330      1          0
35             48             49         1 0.372535765      1          0
36              0              0         0 0.000000000     -1          1
37              0              0         0 0.000000000     -1          1
38             50             51         2 0.393523537      1          0
39              0              0         0 0.000000000     -1          2
40             52             53         1 0.382833271      1          0
41             54             55         1 0.094604908      1          0
42             56             57         2 0.453979016      1          0
43             58             59         2 0.810095158      1          0
44              0              0         0 0.000000000     -1          2
45              0              0         0 0.000000000     -1          2
46              0              0         0 0.000000000     -1          2
47              0              0         0 0.000000000     -1          2
48             60             61         1 0.145579725      1          0
49              0              0         0 0.000000000     -1          1
50             62             63         2 0.389302542      1          0
51              0              0         0 0.000000000     -1          1
52             64             65         2 0.586916039      1          0
53             66             67         1 0.386559423      1          0
54              0              0         0 0.000000000     -1          1
55             68             69         1 0.275184302      1          0
56             70             71         1 0.550372880      1          0
57             72             73         2 0.470816489      1          0
58             74             75         2 0.693312519      1          0
59              0              0         0 0.000000000     -1          2
60              0              0         0 0.000000000     -1          2
61              0              0         0 0.000000000     -1          2
62             76             77         2 0.073905049      1          0
63              0              0         0 0.000000000     -1          2
64             78             79         1 0.137706096      1          0
65              0              0         0 0.000000000     -1          2
66              0              0         0 0.000000000     -1          1
67              0              0         0 0.000000000     -1          2
68              0              0         0 0.000000000     -1          2
69              0              0         0 0.000000000     -1          2
70              0              0         0 0.000000000     -1          2
71             80             81         2 0.124225807      1          0
72              0              0         0 0.000000000     -1          1
73             82             83         2 0.493688322      1          0
74             84             85         2 0.573438669      1          0
75             86             87         2 0.761895507      1          0
76              0              0         0 0.000000000     -1          1
77             88             89         2 0.075443654      1          0
78              0              0         0 0.000000000     -1          2
79              0              0         0 0.000000000     -1          2
80             90             91         2 0.119820196      1          0
81             92             93         1 0.781372746      1          0
82              0              0         0 0.000000000     -1          2
83              0              0         0 0.000000000     -1          2
84              0              0         0 0.000000000     -1          1
85             94             95         2 0.579114652      1          0
86             96             97         2 0.699266084      1          0
87              0              0         0 0.000000000     -1          1
88              0              0         0 0.000000000     -1          2
89             98             99         2 0.118207247      1          0
90            100            101         1 0.780239770      1          0
91              0              0         0 0.000000000     -1          1
92            102            103         1 0.640904705      1          0
93            104            105         1 0.788488005      1          0
94              0              0         0 0.000000000     -1          2
95            106            107         2 0.631479543      1          0
96              0              0         0 0.000000000     -1          2
97            108            109         2 0.747344454      1          0
98            110            111         2 0.116150963      1          0
99            112            113         1 0.272798714      1          0
100           114            115         1 0.757856262      1          0
101             0              0         0 0.000000000     -1          2
102           116            117         1 0.636583814      1          0
103             0              0         0 0.000000000     -1          2
104             0              0         0 0.000000000     -1          1
105           118            119         2 0.302566082      1          0
106           120            121         1 0.559164086      1          0
107             0              0         0 0.000000000     -1          1
108             0              0         0 0.000000000     -1          1
109             0              0         0 0.000000000     -1          2
110             0              0         0 0.000000000     -1          1
111             0              0         0 0.000000000     -1          2
112           122            123         2 0.149615000      1          0
113             0              0         0 0.000000000     -1          1
114           124            125         1 0.725015221      1          0
115             0              0         0 0.000000000     -1          1
116             0              0         0 0.000000000     -1          2
117             0              0         0 0.000000000     -1          1
118             0              0         0 0.000000000     -1          2
119           126            127         2 0.308089133      1          0
120             0              0         0 0.000000000     -1          2
121             0              0         0 0.000000000     -1          1
122             0              0         0 0.000000000     -1          1
123             0              0         0 0.000000000     -1          1
124             0              0         0 0.000000000     -1          2
125             0              0         0 0.000000000     -1          2
126             0              0         0 0.000000000     -1          1
127             0              0         0 0.000000000     -1          2
