   left daughter right daughter split var split point status prediction
1              2              3         1 0.514879272      1          0
2              4              5         1 0.041701671      1          0
3              6              7         2 0.716629543      1          0
4              8              9         1 0.026869360      1          0
5             10             11         2 0.273892681      1          0
6             12             13         2 0.008392443      1          0
7             14             15         1 0.888875696      1          0
8             16             17         2 0.299749583      1          0
9             18             19         1 0.036170901      1          0
10            20             21         2 0.059573101      1          0
11            22             23         1 0.153080769      1          0
12             0              0         0 0.000000000     -1          2
13            24             25         2 0.636250684      1          0
14            26             27         2 0.969391891      1          0
15            28             29         1 0.933595240      1          0
16             0              0         0 0.000000000     -1          1
17            30             31         1 0.014691150      1          0
18             0              0         0 0.000000000     -1          1
19             0              0         0 0.000000000     -1          1
20            32             33         2 0.021635940      1          0
21            34             35         1 0.171219493      1          0
22             0              0         0 0.000000000     -1          2
23            36             37         1 0.156727315      1          0
24            38             39         2 0.113294776      1          0
25            40             41         1 0.630065017      1          0
26            42             43         1 0.571781941      1          0
27             0              0         0 0.000000000     -1          2
28             0              0         0 0.000000000     -1          1
29            44             45         1 0.945318158      1          0
30             0              0         0 0.000000000     -1          2
31             0              0         0 0.000000000     -1          2
32             0              0         0 0.000000000     -1          1
33             0              0         0 0.000000000     -1          1
34            46             47         1 0.124314416      1          0
35            48             49         2 0.060058888      1          0
36             0              0         0 0.000000000     -1          1
37            50             51         1 0.492172821      1          0
38            52             53         2 0.088731379      1          0
39            54             55         2 0.148356210      1          0
40             0              0         0 0.000000000     -1          2
41            56             57         1 0.750129021      1          0
42            58             59         1 0.561398057      1          0
43            60             61         2 0.794518079      1          0
44             0              0         0 0.000000000     -1          2
45            62             63         2 0.906751757      1          0
46             0              0         0 0.000000000     -1          1
47             0              0         0 0.000000000     -1          2
48             0              0         0 0.000000000     -1          2
49             0              0         0 0.000000000     -1          1
50             0              0         0 0.000000000     -1          2
51             0              0         0 0.000000000     -1          2
52             0              0         0 0.000000000     -1          1
53             0              0         0 0.000000000     -1          1
54             0              0         0 0.000000000     -1          1
55             0              0         0 0.000000000     -1          1
56             0              0         0 0.000000000     -1          1
57             0              0         0 0.000000000     -1          1
58             0              0         0 0.000000000     -1          2
59             0              0         0 0.000000000     -1          1
60             0              0         0 0.000000000     -1          2
61             0              0         0 0.000000000     -1          2
62             0              0         0 0.000000000     -1          1
63             0              0         0 0.000000000     -1          2
