   left daughter right daughter split var split point status prediction
1              2              3         1  0.55905732      1          0
2              4              5         2  0.28907886      1          0
3              6              7         1  0.76021184      1          0
4              8              9         1  0.55458616      1          0
5             10             11         1  0.28599898      1          0
6             12             13         1  0.65798645      1          0
7             14             15         2  0.79232935      1          0
8             16             17         2  0.08456346      1          0
9              0              0         0  0.00000000     -1          2
10            18             19         1  0.19378422      1          0
11            20             21         2  0.38763414      1          0
12            22             23         2  0.70032393      1          0
13            24             25         2  0.63662093      1          0
14            26             27         2  0.01262457      1          0
15            28             29         2  0.99156261      1          0
16            30             31         1  0.19709313      1          0
17            32             33         1  0.13394180      1          0
18            34             35         2  0.41614062      1          0
19             0              0         0  0.00000000     -1          2
20            36             37         2  0.35770744      1          0
21            38             39         2  0.88459621      1          0
22            40             41         1  0.57418811      1          0
23            42             43         1  0.57964130      1          0
24            44             45         1  0.66321782      1          0
25            46             47         1  0.70788901      1          0
26             0              0         0  0.00000000     -1          2
27            48             49         2  0.19362098      1          0
28            50             51         2  0.94933756      1          0
29             0              0         0  0.00000000     -1          1
30             0              0         0  0.00000000     -1          1
31            52             53         1  0.31339479      1          0
32             0              0         0  0.00000000     -1          1
33            54             55         2  0.27433472      1          0
34            56             57         1  0.17304870      1          0
35            58             59         2  0.79688549      1          0
36             0              0         0  0.00000000     -1          2
37             0              0         0  0.00000000     -1          1
38            60             61         1  0.28908209      1          0
39            62             63         2  0.95891475      1          0
40             0              0         0  0.00000000     -1          1
41             0              0         0  0.00000000     -1          1
42             0              0         0  0.00000000     -1          1
43             0              0         0  0.00000000     -1          2
44             0              0         0  0.00000000     -1          2
45             0              0         0  0.00000000     -1          1
46             0              0         0  0.00000000     -1          2
47             0              0         0  0.00000000     -1          2
48             0              0         0  0.00000000     -1          1
49             0              0         0  0.00000000     -1          1
50             0              0         0  0.00000000     -1          2
51             0              0         0  0.00000000     -1          2
52             0              0         0  0.00000000     -1          1
53             0              0         0  0.00000000     -1          1
54             0              0         0  0.00000000     -1          1
55             0              0         0  0.00000000     -1          2
56             0              0         0  0.00000000     -1          2
57             0              0         0  0.00000000     -1          1
58             0              0         0  0.00000000     -1          2
59             0              0         0  0.00000000     -1          2
60             0              0         0  0.00000000     -1          1
61             0              0         0  0.00000000     -1          2
62             0              0         0  0.00000000     -1          2
63             0              0         0  0.00000000     -1          2
