   left daughter right daughter split var split point status prediction
1              2              3         1  0.55905732      1          0
2              4              5         1  0.11599167      1          0
3              6              7         1  0.58965149      1          0
4              8              9         2  0.31543106      1          0
5             10             11         2  0.27433472      1          0
6             12             13         1  0.57513892      1          0
7             14             15         1  0.59821542      1          0
8              0              0         0  0.00000000     -1          1
9             16             17         1  0.02872342      1          0
10            18             19         2  0.08536612      1          0
11            20             21         2  0.28262235      1          0
12             0              0         0  0.00000000     -1          1
13             0              0         0  0.00000000     -1          1
14             0              0         0  0.00000000     -1          2
15            22             23         1  0.71643026      1          0
16            24             25         2  0.55303696      1          0
17            26             27         1  0.08992652      1          0
18            28             29         1  0.43504203      1          0
19            30             31         1  0.17009442      1          0
20             0              0         0  0.00000000     -1          2
21            32             33         2  0.88321938      1          0
22            34             35         1  0.60397437      1          0
23            36             37         1  0.98804929      1          0
24             0              0         0  0.00000000     -1          2
25             0              0         0  0.00000000     -1          2
26             0              0         0  0.00000000     -1          2
27             0              0         0  0.00000000     -1          2
28            38             39         2  0.07249009      1          0
29             0              0         0  0.00000000     -1          1
30             0              0         0  0.00000000     -1          2
31            40             41         1  0.55116988      1          0
32            42             43         1  0.39433115      1          0
33            44             45         2  0.97233933      1          0
34             0              0         0  0.00000000     -1          1
35            46             47         2  0.71019563      1          0
36            48             49         2  0.78331367      1          0
37             0              0         0  0.00000000     -1          2
38            50             51         2  0.02095107      1          0
39             0              0         0  0.00000000     -1          2
40            52             53         1  0.34206611      1          0
41             0              0         0  0.00000000     -1          2
42            54             55         2  0.80364923      1          0
43            56             57         2  0.51230872      1          0
44             0              0         0  0.00000000     -1          2
45             0              0         0  0.00000000     -1          2
46            58             59         1  0.71507593      1          0
47            60             61         2  0.83366496      1          0
48            62             63         1  0.89656238      1          0
49             0              0         0  0.00000000     -1          2
50             0              0         0  0.00000000     -1          1
51             0              0         0  0.00000000     -1          1
52             0              0         0  0.00000000     -1          1
53             0              0         0  0.00000000     -1          1
54             0              0         0  0.00000000     -1          2
55             0              0         0  0.00000000     -1          2
56             0              0         0  0.00000000     -1          1
57             0              0         0  0.00000000     -1          2
58             0              0         0  0.00000000     -1          1
59             0              0         0  0.00000000     -1          2
60             0              0         0  0.00000000     -1          2
61             0              0         0  0.00000000     -1          2
62             0              0         0  0.00000000     -1          1
63             0              0         0  0.00000000     -1          1
