   left daughter right daughter split var split point status prediction
1              2              3         2  0.49035267      1          0
2              4              5         2  0.28440141      1          0
3              6              7         1  0.67968722      1          0
4              8              9         1  0.92039790      1          0
5             10             11         2  0.37009907      1          0
6             12             13         1  0.55120521      1          0
7             14             15         1  0.97387517      1          0
8             16             17         1  0.13268638      1          0
9              0              0         0  0.00000000     -1          2
10            18             19         2  0.35690642      1          0
11            20             21         2  0.38645995      1          0
12            22             23         1  0.15044251      1          0
13            24             25         2  0.68774971      1          0
14            26             27         2  0.78331367      1          0
15             0              0         0  0.00000000     -1          1
16             0              0         0  0.00000000     -1          1
17            28             29         2  0.06872431      1          0
18            30             31         1  0.45625421      1          0
19             0              0         0  0.00000000     -1          2
20             0              0         0  0.00000000     -1          1
21            32             33         1  0.46656183      1          0
22            34             35         2  0.56467220      1          0
23            36             37         2  0.56098763      1          0
24            38             39         2  0.55014600      1          0
25            40             41         1  0.57178194      1          0
26            42             43         2  0.73726958      1          0
27            44             45         2  0.81134955      1          0
28             0              0         0  0.00000000     -1          1
29            46             47         2  0.08407225      1          0
30            48             49         1  0.08953824      1          0
31            50             51         1  0.95063197      1          0
32            52             53         1  0.18040723      1          0
33            54             55         2  0.47888615      1          0
34            56             57         2  0.55627724      1          0
35             0              0         0  0.00000000     -1          2
36            58             59         1  0.50210720      1          0
37            60             61         2  0.56250775      1          0
38             0              0         0  0.00000000     -1          2
39            62             63         2  0.58729151      1          0
40             0              0         0  0.00000000     -1          1
41             0              0         0  0.00000000     -1          2
42             0              0         0  0.00000000     -1          1
43             0              0         0  0.00000000     -1          1
44             0              0         0  0.00000000     -1          2
45             0              0         0  0.00000000     -1          2
46             0              0         0  0.00000000     -1          2
47             0              0         0  0.00000000     -1          1
48             0              0         0  0.00000000     -1          1
49             0              0         0  0.00000000     -1          2
50             0              0         0  0.00000000     -1          1
51             0              0         0  0.00000000     -1          1
52             0              0         0  0.00000000     -1          2
53             0              0         0  0.00000000     -1          2
54             0              0         0  0.00000000     -1          1
55             0              0         0  0.00000000     -1          1
56             0              0         0  0.00000000     -1          2
57             0              0         0  0.00000000     -1          1
58             0              0         0  0.00000000     -1          2
59             0              0         0  0.00000000     -1          1
60             0              0         0  0.00000000     -1          1
61             0              0         0  0.00000000     -1          2
62             0              0         0  0.00000000     -1          1
63             0              0         0  0.00000000     -1          1
