   left daughter right daughter split var split point status prediction
1              2              3         1 0.574014965      1          0
2              4              5         2 0.288875538      1          0
3              6              7         1 0.991079056      1          0
4              8              9         2 0.266998919      1          0
5             10             11         2 0.569658382      1          0
6             12             13         2 0.794518079      1          0
7              0              0         0 0.000000000     -1          1
8             14             15         1 0.525621989      1          0
9              0              0         0 0.000000000     -1          2
10            16             17         2 0.561297863      1          0
11            18             19         2 0.615170310      1          0
12            20             21         2 0.654109630      1          0
13            22             23         2 0.999329078      1          0
14            24             25         2 0.084675595      1          0
15             0              0         0 0.000000000     -1          2
16            26             27         2 0.345974890      1          0
17             0              0         0 0.000000000     -1          1
18            28             29         1 0.361097684      1          0
19            30             31         2 0.626070891      1          0
20            32             33         2 0.007662595      1          0
21            34             35         1 0.707889014      1          0
22            36             37         2 0.972709315      1          0
23             0              0         0 0.000000000     -1          1
24            38             39         2 0.059573101      1          0
25            40             41         1 0.318832595      1          0
26            42             43         1 0.371298787      1          0
27            44             45         1 0.471262027      1          0
28             0              0         0 0.000000000     -1          2
29             0              0         0 0.000000000     -1          2
30             0              0         0 0.000000000     -1          2
31            46             47         2 0.683730813      1          0
32             0              0         0 0.000000000     -1          2
33            48             49         1 0.967135729      1          0
34             0              0         0 0.000000000     -1          2
35            50             51         2 0.681578975      1          0
36            52             53         1 0.969623686      1          0
37             0              0         0 0.000000000     -1          2
38            54             55         2 0.036105717      1          0
39            56             57         2 0.063144596      1          0
40            58             59         1 0.306925714      1          0
41             0              0         0 0.000000000     -1          1
42             0              0         0 0.000000000     -1          2
43             0              0         0 0.000000000     -1          2
44            60             61         2 0.478961482      1          0
45             0              0         0 0.000000000     -1          1
46            62             63         2 0.636307871      1          0
47             0              0         0 0.000000000     -1          2
48             0              0         0 0.000000000     -1          1
49             0              0         0 0.000000000     -1          1
50             0              0         0 0.000000000     -1          2
51             0              0         0 0.000000000     -1          1
52             0              0         0 0.000000000     -1          2
53             0              0         0 0.000000000     -1          1
54             0              0         0 0.000000000     -1          1
55             0              0         0 0.000000000     -1          1
56             0              0         0 0.000000000     -1          2
57             0              0         0 0.000000000     -1          1
58             0              0         0 0.000000000     -1          1
59             0              0         0 0.000000000     -1          2
60             0              0         0 0.000000000     -1          2
61             0              0         0 0.000000000     -1          2
62             0              0         0 0.000000000     -1          2
63             0              0         0 0.000000000     -1          2
