   left daughter right daughter split var split point status prediction
1              2              3         2  0.32834334      1          0
2              4              5         1  0.42538091      1          0
3              6              7         1  0.51552474      1          0
4              8              9         1  0.13037393      1          0
5             10             11         1  0.92039790      1          0
6             12             13         1  0.15356767      1          0
7             14             15         1  0.71926550      1          0
8             16             17         1  0.06425260      1          0
9             18             19         2  0.27824766      1          0
10            20             21         2  0.14178364      1          0
11            22             23         2  0.01380185      1          0
12            24             25         2  0.39654440      1          0
13            26             27         1  0.18196940      1          0
14            28             29         1  0.71060503      1          0
15            30             31         2  0.79232935      1          0
16             0              0         0  0.00000000     -1          1
17            32             33         1  0.06781867      1          0
18            34             35         1  0.14020680      1          0
19             0              0         0  0.00000000     -1          2
20            36             37         1  0.87662490      1          0
21            38             39         1  0.83717861      1          0
22             0              0         0  0.00000000     -1          2
23            40             41         2  0.10951299      1          0
24             0              0         0  0.00000000     -1          1
25            42             43         2  0.53892820      1          0
26            44             45         2  0.44002679      1          0
27            46             47         2  0.95917939      1          0
28            48             49         2  0.63762255      1          0
29             0              0         0  0.00000000     -1          2
30            50             51         2  0.73826018      1          0
31            52             53         2  0.99932908      1          0
32             0              0         0  0.00000000     -1          2
33             0              0         0  0.00000000     -1          1
34             0              0         0  0.00000000     -1          2
35            54             55         2  0.13666375      1          0
36            56             57         1  0.63503862      1          0
37             0              0         0  0.00000000     -1          2
38            58             59         1  0.66384446      1          0
39            60             61         1  0.84390547      1          0
40             0              0         0  0.00000000     -1          1
41             0              0         0  0.00000000     -1          1
42            62             63         2  0.52769089      1          0
43             0              0         0  0.00000000     -1          2
44             0              0         0  0.00000000     -1          1
45             0              0         0  0.00000000     -1          2
46             0              0         0  0.00000000     -1          2
47             0              0         0  0.00000000     -1          2
48             0              0         0  0.00000000     -1          1
49             0              0         0  0.00000000     -1          2
50             0              0         0  0.00000000     -1          1
51             0              0         0  0.00000000     -1          1
52             0              0         0  0.00000000     -1          2
53             0              0         0  0.00000000     -1          1
54             0              0         0  0.00000000     -1          1
55             0              0         0  0.00000000     -1          1
56             0              0         0  0.00000000     -1          1
57             0              0         0  0.00000000     -1          1
58             0              0         0  0.00000000     -1          1
59             0              0         0  0.00000000     -1          1
60             0              0         0  0.00000000     -1          2
61             0              0         0  0.00000000     -1          1
62             0              0         0  0.00000000     -1          2
63             0              0         0  0.00000000     -1          1
