   left daughter right daughter split var split point status prediction
1              2              3         2  0.32825989      1          0
2              4              5         2  0.25819293      1          0
3              6              7         1  0.55098642      1          0
4              8              9         1  0.19478045      1          0
5             10             11         2  0.31314723      1          0
6             12             13         1  0.34566459      1          0
7             14             15         1  0.88240792      1          0
8             16             17         1  0.12431442      1          0
9             18             19         1  0.65917439      1          0
10            20             21         1  0.42897922      1          0
11            22             23         1  0.50818235      1          0
12            24             25         1  0.19352403      1          0
13            26             27         2  0.49465009      1          0
14            28             29         2  0.71644658      1          0
15            30             31         1  0.97387517      1          0
16            32             33         1  0.07554176      1          0
17            34             35         2  0.07202294      1          0
18            36             37         2  0.23007214      1          0
19            38             39         1  0.67339873      1          0
20            40             41         1  0.11467845      1          0
21            42             43         1  0.91691884      1          0
22             0              0         0  0.00000000     -1          2
23             0              0         0  0.00000000     -1          1
24            44             45         2  0.94025049      1          0
25            46             47         1  0.28599898      1          0
26            48             49         2  0.46463332      1          0
27            50             51         2  0.91371589      1          0
28            52             53         2  0.55419022      1          0
29            54             55         1  0.57074594      1          0
30            56             57         2  0.90624614      1          0
31             0              0         0  0.00000000     -1          1
32            58             59         1  0.06658446      1          0
33             0              0         0  0.00000000     -1          1
34             0              0         0  0.00000000     -1          2
35             0              0         0  0.00000000     -1          1
36            60             61         1  0.31339479      1          0
37             0              0         0  0.00000000     -1          1
38             0              0         0  0.00000000     -1          2
39            62             63         1  0.70572420      1          0
40             0              0         0  0.00000000     -1          1
41             0              0         0  0.00000000     -1          2
42             0              0         0  0.00000000     -1          1
43             0              0         0  0.00000000     -1          1
44             0              0         0  0.00000000     -1          2
45             0              0         0  0.00000000     -1          2
46             0              0         0  0.00000000     -1          2
47             0              0         0  0.00000000     -1          2
48             0              0         0  0.00000000     -1          2
49             0              0         0  0.00000000     -1          1
50             0              0         0  0.00000000     -1          2
51             0              0         0  0.00000000     -1          2
52             0              0         0  0.00000000     -1          1
53             0              0         0  0.00000000     -1          1
54             0              0         0  0.00000000     -1          1
55             0              0         0  0.00000000     -1          2
56             0              0         0  0.00000000     -1          1
57             0              0         0  0.00000000     -1          2
58             0              0         0  0.00000000     -1          1
59             0              0         0  0.00000000     -1          2
60             0              0         0  0.00000000     -1          1
61             0              0         0  0.00000000     -1          1
62             0              0         0  0.00000000     -1          1
63             0              0         0  0.00000000     -1          1
