   left daughter right daughter split var split point status prediction
1              2              3         1 0.559057320      1          0
2              4              5         2 0.281606269      1          0
3              6              7         1 0.716665733      1          0
4              8              9         1 0.058007626      1          0
5             10             11         1 0.507602696      1          0
6             12             13         1 0.706046031      1          0
7             14             15         2 0.807121444      1          0
8              0              0         0 0.000000000     -1          1
9             16             17         1 0.197255524      1          0
10            18             19         1 0.034229051      1          0
11            20             21         2 0.510332295      1          0
12            22             23         1 0.684959510      1          0
13             0              0         0 0.000000000     -1          2
14            24             25         1 0.983163865      1          0
15            26             27         2 0.996738311      1          0
16            28             29         1 0.157928671      1          0
17            30             31         2 0.265634265      1          0
18            32             33         2 0.564672196      1          0
19            34             35         1 0.153567669      1          0
20             0              0         0 0.000000000     -1          1
21            36             37         1 0.508888718      1          0
22            38             39         1 0.570202130      1          0
23            40             41         2 0.680414015      1          0
24            42             43         2 0.008392443      1          0
25             0              0         0 0.000000000     -1          1
26            44             45         2 0.870026976      1          0
27             0              0         0 0.000000000     -1          1
28            46             47         2 0.137272289      1          0
29             0              0         0 0.000000000     -1          2
30            48             49         1 0.422762187      1          0
31             0              0         0 0.000000000     -1          2
32             0              0         0 0.000000000     -1          1
33             0              0         0 0.000000000     -1          2
34            50             51         2 0.587787583      1          0
35            52             53         1 0.181969400      1          0
36             0              0         0 0.000000000     -1          1
37            54             55         2 0.631270544      1          0
38             0              0         0 0.000000000     -1          1
39            56             57         1 0.576354364      1          0
40             0              0         0 0.000000000     -1          1
41             0              0         0 0.000000000     -1          2
42             0              0         0 0.000000000     -1          2
43            58             59         1 0.800570200      1          0
44             0              0         0 0.000000000     -1          2
45            60             61         1 0.964972687      1          0
46             0              0         0 0.000000000     -1          1
47             0              0         0 0.000000000     -1          1
48            62             63         2 0.137084711      1          0
49             0              0         0 0.000000000     -1          1
50             0              0         0 0.000000000     -1          2
51             0              0         0 0.000000000     -1          2
52             0              0         0 0.000000000     -1          2
53             0              0         0 0.000000000     -1          2
54             0              0         0 0.000000000     -1          1
55             0              0         0 0.000000000     -1          2
56             0              0         0 0.000000000     -1          2
57             0              0         0 0.000000000     -1          1
58             0              0         0 0.000000000     -1          1
59             0              0         0 0.000000000     -1          1
60             0              0         0 0.000000000     -1          2
61             0              0         0 0.000000000     -1          1
62             0              0         0 0.000000000     -1          1
63             0              0         0 0.000000000     -1          1
