   left daughter right daughter split var split point status prediction
1              2              3         2  0.63999525      1          0
2              4              5         2  0.28988106      1          0
3              6              7         1  0.89161815      1          0
4              8              9         2  0.26180287      1          0
5             10             11         1  0.51487927      1          0
6             12             13         2  0.80685723      1          0
7             14             15         2  0.79910518      1          0
8             16             17         1  0.91798036      1          0
9             18             19         2  0.27107945      1          0
10            20             21         2  0.41590198      1          0
11            22             23         1  0.65030480      1          0
12            24             25         1  0.75012902      1          0
13            26             27         1  0.65162040      1          0
14            28             29         1  0.90614298      1          0
15            30             31         2  0.97781414      1          0
16            32             33         1  0.52957405      1          0
17            34             35         2  0.17666898      1          0
18             0              0         0  0.00000000     -1          2
19            36             37         1  0.35069307      1          0
20            38             39         1  0.45335528      1          0
21            40             41         2  0.62312523      1          0
22            42             43         1  0.62522638      1          0
23            44             45         1  0.94990659      1          0
24            46             47         1  0.19014080      1          0
25            48             49         1  0.84017191      1          0
26            50             51         2  0.98842857      1          0
27            52             53         2  0.97959053      1          0
28             0              0         0  0.00000000     -1          1
29             0              0         0  0.00000000     -1          1
30            54             55         1  0.96517206      1          0
31             0              0         0  0.00000000     -1          1
32            56             57         1  0.06658446      1          0
33            58             59         1  0.53527320      1          0
34             0              0         0  0.00000000     -1          2
35             0              0         0  0.00000000     -1          1
36             0              0         0  0.00000000     -1          1
37             0              0         0  0.00000000     -1          1
38            60             61         1  0.23369184      1          0
39             0              0         0  0.00000000     -1          1
40            62             63         1  0.09495637      1          0
41             0              0         0  0.00000000     -1          1
42             0              0         0  0.00000000     -1          1
43             0              0         0  0.00000000     -1          1
44             0              0         0  0.00000000     -1          1
45             0              0         0  0.00000000     -1          1
46             0              0         0  0.00000000     -1          2
47             0              0         0  0.00000000     -1          2
48             0              0         0  0.00000000     -1          1
49             0              0         0  0.00000000     -1          2
50             0              0         0  0.00000000     -1          2
51             0              0         0  0.00000000     -1          2
52             0              0         0  0.00000000     -1          2
53             0              0         0  0.00000000     -1          2
54             0              0         0  0.00000000     -1          2
55             0              0         0  0.00000000     -1          1
56             0              0         0  0.00000000     -1          1
57             0              0         0  0.00000000     -1          1
58             0              0         0  0.00000000     -1          2
59             0              0         0  0.00000000     -1          1
60             0              0         0  0.00000000     -1          2
61             0              0         0  0.00000000     -1          2
62             0              0         0  0.00000000     -1          2
63             0              0         0  0.00000000     -1          2
