   left daughter right daughter split var split point status prediction
1              2              3         2   0.5630659      1          0
2              4              5         2   0.2853608      1          0
3              6              7         1   0.7019197      1          0
4              8              9         1   0.9880493      1          0
5             10             11         1   0.4717115      1          0
6             12             13         2   0.7810891      1          0
7             14             15         1   0.8832437      1          0
8             16             17         1   0.1729702      1          0
9              0              0         0   0.0000000     -1          2
10            18             19         2   0.5609876      1          0
11            20             21         1   0.8323509      1          0
12            22             23         2   0.6363079      1          0
13            24             25         1   0.1504425      1          0
14            26             27         2   0.7928592      1          0
15            28             29         1   0.9324855      1          0
16            30             31         2   0.1830225      1          0
17            32             33         2   0.2346472      1          0
18            34             35         2   0.2890118      1          0
19             0              0         0   0.0000000     -1          1
20            36             37         2   0.3956797      1          0
21            38             39         2   0.3139056      1          0
22            40             41         1   0.5517730      1          0
23            42             43         2   0.7614944      1          0
24            44             45         2   0.9043618      1          0
25            46             47         2   0.8832194      1          0
26            48             49         1   0.7568435      1          0
27            50             51         1   0.7791771      1          0
28            52             53         1   0.8887397      1          0
29            54             55         2   0.7382602      1          0
30            56             57         2   0.1794839      1          0
31             0              0         0   0.0000000     -1          1
32            58             59         1   0.8766249      1          0
33            60             61         2   0.2420501      1          0
34             0              0         0   0.0000000     -1          1
35            62             63         2   0.4826397      1          0
36             0              0         0   0.0000000     -1          1
37             0              0         0   0.0000000     -1          1
38             0              0         0   0.0000000     -1          1
39             0              0         0   0.0000000     -1          1
40             0              0         0   0.0000000     -1          2
41             0              0         0   0.0000000     -1          1
42             0              0         0   0.0000000     -1          2
43             0              0         0   0.0000000     -1          2
44             0              0         0   0.0000000     -1          2
45             0              0         0   0.0000000     -1          2
46             0              0         0   0.0000000     -1          2
47             0              0         0   0.0000000     -1          2
48             0              0         0   0.0000000     -1          1
49             0              0         0   0.0000000     -1          1
50             0              0         0   0.0000000     -1          2
51             0              0         0   0.0000000     -1          2
52             0              0         0   0.0000000     -1          1
53             0              0         0   0.0000000     -1          1
54             0              0         0   0.0000000     -1          1
55             0              0         0   0.0000000     -1          2
56             0              0         0   0.0000000     -1          1
57             0              0         0   0.0000000     -1          2
58             0              0         0   0.0000000     -1          1
59             0              0         0   0.0000000     -1          1
60             0              0         0   0.0000000     -1          2
61             0              0         0   0.0000000     -1          1
62             0              0         0   0.0000000     -1          2
63             0              0         0   0.0000000     -1          2
