   left daughter right daughter split var split point status prediction
1              2              3         2  0.28918775      1          0
2              4              5         2  0.03610572      1          0
3              6              7         1  0.54250135      1          0
4              8              9         1  0.87119240      1          0
5             10             11         2  0.05976265      1          0
6             12             13         2  0.80364923      1          0
7             14             15         1  0.97238245      1          0
8             16             17         1  0.19478045      1          0
9              0              0         0  0.00000000     -1          2
10             0              0         0  0.00000000     -1          1
11            18             19         2  0.06005889      1          0
12            20             21         1  0.03182581      1          0
13            22             23         2  0.82146052      1          0
14            24             25         1  0.96356581      1          0
15            26             27         1  0.98734238      1          0
16             0              0         0  0.00000000     -1          1
17            28             29         2  0.03404344      1          0
18             0              0         0  0.00000000     -1          2
19            30             31         2  0.23117325      1          0
20             0              0         0  0.00000000     -1          2
21            32             33         1  0.37010217      1          0
22             0              0         0  0.00000000     -1          1
23            34             35         1  0.15044251      1          0
24            36             37         2  0.78284424      1          0
25             0              0         0  0.00000000     -1          2
26             0              0         0  0.00000000     -1          1
27             0              0         0  0.00000000     -1          2
28             0              0         0  0.00000000     -1          1
29             0              0         0  0.00000000     -1          2
30            38             39         1  0.91798036      1          0
31            40             41         2  0.23996674      1          0
32            42             43         2  0.62669438      1          0
33            44             45         1  0.41028374      1          0
34             0              0         0  0.00000000     -1          2
35            46             47         2  0.87697567      1          0
36            48             49         1  0.67792706      1          0
37            50             51         1  0.94399647      1          0
38            52             53         2  0.18226021      1          0
39             0              0         0  0.00000000     -1          1
40             0              0         0  0.00000000     -1          2
41            54             55         2  0.26159362      1          0
42            56             57         1  0.18173659      1          0
43             0              0         0  0.00000000     -1          2
44            58             59         2  0.61658983      1          0
45            60             61         1  0.51552474      1          0
46            62             63         2  0.86966031      1          0
47             0              0         0  0.00000000     -1          2
48             0              0         0  0.00000000     -1          1
49             0              0         0  0.00000000     -1          1
50             0              0         0  0.00000000     -1          2
51             0              0         0  0.00000000     -1          1
52             0              0         0  0.00000000     -1          1
53             0              0         0  0.00000000     -1          1
54             0              0         0  0.00000000     -1          1
55             0              0         0  0.00000000     -1          1
56             0              0         0  0.00000000     -1          2
57             0              0         0  0.00000000     -1          2
58             0              0         0  0.00000000     -1          2
59             0              0         0  0.00000000     -1          2
60             0              0         0  0.00000000     -1          2
61             0              0         0  0.00000000     -1          2
62             0              0         0  0.00000000     -1          2
63             0              0         0  0.00000000     -1          1
