   left daughter right daughter split var split point status prediction
1              2              3         1 0.559057320      1          0
2              4              5         1 0.043870988      1          0
3              6              7         1 0.946101817      1          0
4              8              9         2 0.315498121      1          0
5             10             11         2 0.265634265      1          0
6             12             13         2 0.715930262      1          0
7             14             15         2 0.906751757      1          0
8              0              0         0 0.000000000     -1          1
9             16             17         2 0.898604558      1          0
10            18             19         2 0.072981396      1          0
11            20             21         2 0.417822924      1          0
12            22             23         2 0.007923727      1          0
13            24             25         1 0.571781941      1          0
14            26             27         1 0.947350612      1          0
15             0              0         0 0.000000000     -1          2
16            28             29         2 0.398424792      1          0
17             0              0         0 0.000000000     -1          2
18            30             31         1 0.344755244      1          0
19            32             33         1 0.527079726      1          0
20            34             35         2 0.379460077      1          0
21            36             37         1 0.507602696      1          0
22             0              0         0 0.000000000     -1          2
23            38             39         2 0.602863429      1          0
24             0              0         0 0.000000000     -1          1
25            40             41         2 0.833496973      1          0
26             0              0         0 0.000000000     -1          2
27            42             43         2 0.365426383      1          0
28             0              0         0 0.000000000     -1          2
29             0              0         0 0.000000000     -1          2
30            44             45         1 0.308070461      1          0
31             0              0         0 0.000000000     -1          1
32            46             47         1 0.075541760      1          0
33             0              0         0 0.000000000     -1          2
34            48             49         2 0.279473476      1          0
35            50             51         2 0.408342298      1          0
36            52             53         2 0.623125226      1          0
37            54             55         2 0.579449885      1          0
38            56             57         1 0.650304798      1          0
39             0              0         0 0.000000000     -1          1
40            58             59         2 0.828678549      1          0
41            60             61         1 0.781239049      1          0
42            62             63         2 0.338080222      1          0
43             0              0         0 0.000000000     -1          1
44             0              0         0 0.000000000     -1          1
45             0              0         0 0.000000000     -1          2
46             0              0         0 0.000000000     -1          1
47             0              0         0 0.000000000     -1          1
48             0              0         0 0.000000000     -1          1
49             0              0         0 0.000000000     -1          2
50             0              0         0 0.000000000     -1          1
51             0              0         0 0.000000000     -1          1
52             0              0         0 0.000000000     -1          2
53             0              0         0 0.000000000     -1          2
54             0              0         0 0.000000000     -1          1
55             0              0         0 0.000000000     -1          2
56             0              0         0 0.000000000     -1          1
57             0              0         0 0.000000000     -1          1
58             0              0         0 0.000000000     -1          2
59             0              0         0 0.000000000     -1          1
60             0              0         0 0.000000000     -1          2
61             0              0         0 0.000000000     -1          2
62             0              0         0 0.000000000     -1          1
63             0              0         0 0.000000000     -1          2
