   left daughter right daughter split var split point status prediction
1              2              3         2  0.63722946      1          0
2              4              5         1  0.48348541      1          0
3              6              7         1  0.76057752      1          0
4              8              9         2  0.28887554      1          0
5             10             11         2  0.01136690      1          0
6             12             13         2  0.88459621      1          0
7             14             15         1  0.82735855      1          0
8             16             17         2  0.25728443      1          0
9             18             19         2  0.62312523      1          0
10             0              0         0  0.00000000     -1          2
11            20             21         2  0.50191132      1          0
12            22             23         2  0.86295458      1          0
13            24             25         1  0.49400197      1          0
14            26             27         2  0.81343809      1          0
15            28             29         1  0.86160891      1          0
16            30             31         2  0.08536612      1          0
17             0              0         0  0.00000000     -1          1
18            32             33         1  0.03208339      1          0
19             0              0         0  0.00000000     -1          1
20            34             35         2  0.16640596      1          0
21            36             37         2  0.50578861      1          0
22            38             39         1  0.15356767      1          0
23            40             41         1  0.58168227      1          0
24            42             43         2  0.91000780      1          0
25             0              0         0  0.00000000     -1          2
26             0              0         0  0.00000000     -1          1
27             0              0         0  0.00000000     -1          2
28             0              0         0  0.00000000     -1          2
29            44             45         1  0.97238245      1          0
30            46             47         1  0.47529233      1          0
31            48             49         1  0.12001961      1          0
32             0              0         0  0.00000000     -1          1
33            50             51         1  0.37470149      1          0
34            52             53         2  0.16561694      1          0
35            54             55         2  0.41620931      1          0
36             0              0         0  0.00000000     -1          2
37            56             57         1  0.55857776      1          0
38             0              0         0  0.00000000     -1          2
39            58             59         1  0.15493990      1          0
40             0              0         0  0.00000000     -1          1
41             0              0         0  0.00000000     -1          2
42             0              0         0  0.00000000     -1          2
43            60             61         1  0.30660220      1          0
44            62             63         2  0.79232935      1          0
45             0              0         0  0.00000000     -1          1
46             0              0         0  0.00000000     -1          1
47             0              0         0  0.00000000     -1          2
48             0              0         0  0.00000000     -1          1
49             0              0         0  0.00000000     -1          1
50             0              0         0  0.00000000     -1          2
51             0              0         0  0.00000000     -1          2
52             0              0         0  0.00000000     -1          1
53             0              0         0  0.00000000     -1          2
54             0              0         0  0.00000000     -1          1
55             0              0         0  0.00000000     -1          1
56             0              0         0  0.00000000     -1          2
57             0              0         0  0.00000000     -1          1
58             0              0         0  0.00000000     -1          1
59             0              0         0  0.00000000     -1          2
60             0              0         0  0.00000000     -1          2
61             0              0         0  0.00000000     -1          2
62             0              0         0  0.00000000     -1          1
63             0              0         0  0.00000000     -1          2
