   left daughter right daughter split var split point status prediction
1              2              3         1  0.59665652      1          0
2              4              5         1  0.27576440      1          0
3              6              7         1  0.71339859      1          0
4              8              9         2  0.28887554      1          0
5             10             11         2  0.27947348      1          0
6             12             13         1  0.71060503      1          0
7             14             15         1  0.83464429      1          0
8             16             17         1  0.24715856      1          0
9             18             19         2  0.94025049      1          0
10            20             21         1  0.59491812      1          0
11            22             23         1  0.28116498      1          0
12            24             25         2  0.68774971      1          0
13             0              0         0  0.00000000     -1          2
14            26             27         1  0.80057020      1          0
15            28             29         1  0.84095003      1          0
16            30             31         2  0.19131191      1          0
17             0              0         0  0.00000000     -1          2
18            32             33         2  0.41590198      1          0
19            34             35         2  0.94358037      1          0
20            36             37         2  0.08369692      1          0
21             0              0         0  0.00000000     -1          2
22             0              0         0  0.00000000     -1          1
23            38             39         2  0.57198173      1          0
24            40             41         2  0.49752104      1          0
25            42             43         1  0.66570227      1          0
26            44             45         2  0.72641665      1          0
27             0              0         0  0.00000000     -1          1
28             0              0         0  0.00000000     -1          2
29            46             47         2  0.78209015      1          0
30            48             49         1  0.19478045      1          0
31             0              0         0  0.00000000     -1          1
32            50             51         1  0.23369184      1          0
33            52             53         1  0.19050176      1          0
34             0              0         0  0.00000000     -1          1
35            54             55         2  0.97233933      1          0
36            56             57         1  0.42538091      1          0
37            58             59         2  0.23117325      1          0
38            60             61         2  0.56772576      1          0
39            62             63         1  0.49217282      1          0
40             0              0         0  0.00000000     -1          1
41             0              0         0  0.00000000     -1          1
42             0              0         0  0.00000000     -1          2
43             0              0         0  0.00000000     -1          2
44             0              0         0  0.00000000     -1          1
45             0              0         0  0.00000000     -1          2
46             0              0         0  0.00000000     -1          1
47             0              0         0  0.00000000     -1          2
48             0              0         0  0.00000000     -1          1
49             0              0         0  0.00000000     -1          1
50             0              0         0  0.00000000     -1          2
51             0              0         0  0.00000000     -1          1
52             0              0         0  0.00000000     -1          2
53             0              0         0  0.00000000     -1          2
54             0              0         0  0.00000000     -1          2
55             0              0         0  0.00000000     -1          2
56             0              0         0  0.00000000     -1          1
57             0              0         0  0.00000000     -1          1
58             0              0         0  0.00000000     -1          1
59             0              0         0  0.00000000     -1          1
60             0              0         0  0.00000000     -1          2
61             0              0         0  0.00000000     -1          1
62             0              0         0  0.00000000     -1          2
63             0              0         0  0.00000000     -1          2
