   left daughter right daughter split var split point status prediction
1              2              3         2 0.434144215      1          0
2              4              5         1 0.393699895      1          0
3              6              7         1 0.551554203      1          0
4              8              9         1 0.116224297      1          0
5             10             11         2 0.008392443      1          0
6             12             13         1 0.309295566      1          0
7             14             15         2 0.784167153      1          0
8             16             17         1 0.011198560      1          0
9             18             19         1 0.256991327      1          0
10             0              0         0 0.000000000     -1          2
11            20             21         1 0.943736427      1          0
12            22             23         1 0.190501761      1          0
13            24             25         2 0.442372599      1          0
14            26             27         2 0.716629543      1          0
15            28             29         1 0.965172056      1          0
16             0              0         0 0.000000000     -1          2
17            30             31         2 0.380275664      1          0
18            32             33         1 0.247158563      1          0
19            34             35         2 0.216954340      1          0
20            36             37         2 0.120397386      1          0
21            38             39         2 0.365426383      1          0
22            40             41         1 0.190140804      1          0
23            42             43         1 0.285447417      1          0
24             0              0         0 0.000000000     -1          1
25            44             45         2 0.869660310      1          0
26            46             47         1 0.749439189      1          0
27            48             49         2 0.725499500      1          0
28            50             51         1 0.811088111      1          0
29             0              0         0 0.000000000     -1          1
30            52             53         1 0.064252605      1          0
31             0              0         0 0.000000000     -1          2
32            54             55         2 0.283457775      1          0
33             0              0         0 0.000000000     -1          2
34            56             57         2 0.072981396      1          0
35            58             59         2 0.406764450      1          0
36            60             61         2 0.116926838      1          0
37            62             63         2 0.416209314      1          0
38             0              0         0 0.000000000     -1          1
39             0              0         0 0.000000000     -1          1
40             0              0         0 0.000000000     -1          2
41             0              0         0 0.000000000     -1          1
42             0              0         0 0.000000000     -1          2
43             0              0         0 0.000000000     -1          2
44             0              0         0 0.000000000     -1          2
45             0              0         0 0.000000000     -1          2
46             0              0         0 0.000000000     -1          1
47             0              0         0 0.000000000     -1          1
48             0              0         0 0.000000000     -1          2
49             0              0         0 0.000000000     -1          1
50             0              0         0 0.000000000     -1          2
51             0              0         0 0.000000000     -1          2
52             0              0         0 0.000000000     -1          1
53             0              0         0 0.000000000     -1          1
54             0              0         0 0.000000000     -1          1
55             0              0         0 0.000000000     -1          2
56             0              0         0 0.000000000     -1          1
57             0              0         0 0.000000000     -1          1
58             0              0         0 0.000000000     -1          2
59             0              0         0 0.000000000     -1          1
60             0              0         0 0.000000000     -1          1
61             0              0         0 0.000000000     -1          2
62             0              0         0 0.000000000     -1          1
63             0              0         0 0.000000000     -1          1
