   left daughter right daughter split var split point status prediction
1              2              3         1   0.5155247      1          0
2              4              5         2   0.2888755      1          0
3              6              7         1   0.7205589      1          0
4              8              9         2   0.2656343      1          0
5             10             11         1   0.3072996      1          0
6             12             13         1   0.7199625      1          0
7             14             15         2   0.7833137      1          0
8             16             17         1   0.1243144      1          0
9              0              0         0   0.0000000     -1          1
10            18             19         2   0.9829090      1          0
11            20             21         1   0.3307356      1          0
12            22             23         2   0.6362000      1          0
13             0              0         0   0.0000000     -1          2
14            24             25         1   0.9284691      1          0
15            26             27         1   0.9741398      1          0
16             0              0         0   0.0000000     -1          1
17            28             29         2   0.1366637      1          0
18            30             31         2   0.3794601      1          0
19             0              0         0   0.0000000     -1          1
20             0              0         0   0.0000000     -1          2
21            32             33         2   0.7651126      1          0
22            34             35         1   0.5551356      1          0
23            36             37         1   0.5379154      1          0
24            38             39         2   0.3621279      1          0
25            40             41         1   0.9285052      1          0
26            42             43         2   0.8071214      1          0
27             0              0         0   0.0000000     -1          1
28            44             45         2   0.0846756      1          0
29            46             47         2   0.1463054      1          0
30             0              0         0   0.0000000     -1          2
31            48             49         2   0.3839176      1          0
32            50             51         2   0.7606447      1          0
33            52             53         1   0.4091766      1          0
34             0              0         0   0.0000000     -1          1
35            54             55         2   0.0689063      1          0
36             0              0         0   0.0000000     -1          2
37            56             57         1   0.7097608      1          0
38            58             59         2   0.1925769      1          0
39            60             61         2   0.3664216      1          0
40             0              0         0   0.0000000     -1          2
41            62             63         2   0.6222287      1          0
42             0              0         0   0.0000000     -1          2
43             0              0         0   0.0000000     -1          2
44             0              0         0   0.0000000     -1          1
45             0              0         0   0.0000000     -1          1
46             0              0         0   0.0000000     -1          2
47             0              0         0   0.0000000     -1          1
48             0              0         0   0.0000000     -1          1
49             0              0         0   0.0000000     -1          2
50             0              0         0   0.0000000     -1          2
51             0              0         0   0.0000000     -1          1
52             0              0         0   0.0000000     -1          2
53             0              0         0   0.0000000     -1          2
54             0              0         0   0.0000000     -1          1
55             0              0         0   0.0000000     -1          1
56             0              0         0   0.0000000     -1          2
57             0              0         0   0.0000000     -1          2
58             0              0         0   0.0000000     -1          1
59             0              0         0   0.0000000     -1          1
60             0              0         0   0.0000000     -1          2
61             0              0         0   0.0000000     -1          1
62             0              0         0   0.0000000     -1          1
63             0              0         0   0.0000000     -1          2
