   left daughter right daughter split var split point status prediction
1              2              3         1  0.57401497      1          0
2              4              5         2  0.27845740      1          0
3              6              7         1  0.68512249      1          0
4              8              9         2  0.23217103      1          0
5             10             11         2  0.62669438      1          0
6             12             13         2  0.68774971      1          0
7             14             15         1  0.98804929      1          0
8             16             17         2  0.23117325      1          0
9              0              0         0  0.00000000     -1          1
10            18             19         2  0.62312523      1          0
11            20             21         1  0.15593954      1          0
12            22             23         1  0.63122460      1          0
13            24             25         1  0.66533702      1          0
14            26             27         2  0.80747183      1          0
15             0              0         0  0.00000000     -1          2
16            28             29         2  0.18226021      1          0
17             0              0         0  0.00000000     -1          2
18            30             31         1  0.50635528      1          0
19             0              0         0  0.00000000     -1          1
20             0              0         0  0.00000000     -1          2
21            32             33         2  0.76050802      1          0
22            34             35         1  0.59746612      1          0
23            36             37         1  0.65030480      1          0
24             0              0         0  0.00000000     -1          2
25             0              0         0  0.00000000     -1          2
26            38             39         1  0.72050468      1          0
27            40             41         2  0.94206766      1          0
28            42             43         2  0.18030405      1          0
29             0              0         0  0.00000000     -1          1
30            44             45         1  0.03724641      1          0
31             0              0         0  0.00000000     -1          1
32             0              0         0  0.00000000     -1          2
33            46             47         1  0.17539882      1          0
34             0              0         0  0.00000000     -1          1
35            48             49         1  0.62522638      1          0
36            50             51         1  0.64147934      1          0
37            52             53         2  0.49086929      1          0
38            54             55         2  0.54136412      1          0
39            56             57         2  0.78416715      1          0
40            58             59         2  0.81109975      1          0
41             0              0         0  0.00000000     -1          2
42            60             61         1  0.55127186      1          0
43             0              0         0  0.00000000     -1          2
44             0              0         0  0.00000000     -1          2
45            62             63         1  0.07506934      1          0
46             0              0         0  0.00000000     -1          1
47             0              0         0  0.00000000     -1          2
48             0              0         0  0.00000000     -1          1
49             0              0         0  0.00000000     -1          1
50             0              0         0  0.00000000     -1          1
51             0              0         0  0.00000000     -1          2
52             0              0         0  0.00000000     -1          1
53             0              0         0  0.00000000     -1          1
54             0              0         0  0.00000000     -1          1
55             0              0         0  0.00000000     -1          2
56             0              0         0  0.00000000     -1          1
57             0              0         0  0.00000000     -1          1
58             0              0         0  0.00000000     -1          2
59             0              0         0  0.00000000     -1          2
60             0              0         0  0.00000000     -1          1
61             0              0         0  0.00000000     -1          2
62             0              0         0  0.00000000     -1          2
63             0              0         0  0.00000000     -1          2
