   left daughter right daughter split var split point status prediction
1              2              3         2  0.32799997      1          0
2              4              5         2  0.25753149      1          0
3              6              7         2  0.66158456      1          0
4              8              9         1  0.97389437      1          0
5             10             11         2  0.25902566      1          0
6             12             13         1  0.53993199      1          0
7             14             15         1  0.88440192      1          0
8             16             17         2  0.08873138      1          0
9              0              0         0  0.00000000     -1          1
10             0              0         0  0.00000000     -1          2
11            18             19         2  0.32176371      1          0
12            20             21         2  0.48263965      1          0
13            22             23         1  0.62975087      1          0
14            24             25         1  0.15250290      1          0
15            26             27         1  0.93387603      1          0
16            28             29         2  0.07354053      1          0
17            30             31         2  0.13329150      1          0
18            32             33         1  0.42897922      1          0
19             0              0         0  0.00000000     -1          1
20            34             35         1  0.45335528      1          0
21            36             37         2  0.61923948      1          0
22             0              0         0  0.00000000     -1          1
23            38             39         1  0.69503447      1          0
24            40             41         1  0.02872342      1          0
25            42             43         2  0.95917939      1          0
26             0              0         0  0.00000000     -1          1
27            44             45         2  0.90675176      1          0
28            46             47         2  0.02095107      1          0
29            48             49         2  0.08797791      1          0
30             0              0         0  0.00000000     -1          1
31            50             51         2  0.13488552      1          0
32            52             53         2  0.27845740      1          0
33            54             55         2  0.26295828      1          0
34            56             57         2  0.47305836      1          0
35             0              0         0  0.00000000     -1          1
36            58             59         1  0.09712423      1          0
37             0              0         0  0.00000000     -1          2
38            60             61         1  0.68434039      1          0
39            62             63         2  0.62361985      1          0
40             0              0         0  0.00000000     -1          2
41             0              0         0  0.00000000     -1          2
42             0              0         0  0.00000000     -1          2
43             0              0         0  0.00000000     -1          2
44             0              0         0  0.00000000     -1          1
45             0              0         0  0.00000000     -1          2
46             0              0         0  0.00000000     -1          1
47             0              0         0  0.00000000     -1          1
48             0              0         0  0.00000000     -1          1
49             0              0         0  0.00000000     -1          2
50             0              0         0  0.00000000     -1          2
51             0              0         0  0.00000000     -1          1
52             0              0         0  0.00000000     -1          2
53             0              0         0  0.00000000     -1          2
54             0              0         0  0.00000000     -1          1
55             0              0         0  0.00000000     -1          1
56             0              0         0  0.00000000     -1          2
57             0              0         0  0.00000000     -1          1
58             0              0         0  0.00000000     -1          2
59             0              0         0  0.00000000     -1          2
60             0              0         0  0.00000000     -1          1
61             0              0         0  0.00000000     -1          2
62             0              0         0  0.00000000     -1          1
63             0              0         0  0.00000000     -1          1
