   left daughter right daughter split var split point status prediction
1              2              3         1  0.50644889      1          0
2              4              5         2  0.27501144      1          0
3              6              7         2  0.79285920      1          0
4              8              9         1  0.06189227      1          0
5             10             11         1  0.03791428      1          0
6             12             13         2  0.58676018      1          0
7             14             15         1  0.88562136      1          0
8              0              0         0  0.00000000     -1          1
9             16             17         1  0.06781867      1          0
10            18             19         1  0.02579409      1          0
11            20             21         1  0.15356767      1          0
12            22             23         2  0.06926655      1          0
13            24             25         1  0.68735222      1          0
14            26             27         1  0.78123905      1          0
15            28             29         2  0.87726241      1          0
16             0              0         0  0.00000000     -1          2
17            30             31         1  0.13037393      1          0
18            32             33         1  0.01469115      1          0
19             0              0         0  0.00000000     -1          1
20            34             35         2  0.28608457      1          0
21            36             37         1  0.19352403      1          0
22             0              0         0  0.00000000     -1          1
23            38             39         2  0.07558318      1          0
24            40             41         2  0.77740467      1          0
25            42             43         2  0.78216026      1          0
26            44             45         1  0.75810842      1          0
27             0              0         0  0.00000000     -1          2
28             0              0         0  0.00000000     -1          1
29             0              0         0  0.00000000     -1          2
30             0              0         0  0.00000000     -1          1
31            46             47         1  0.14146223      1          0
32             0              0         0  0.00000000     -1          2
33             0              0         0  0.00000000     -1          2
34             0              0         0  0.00000000     -1          1
35            48             49         1  0.09495637      1          0
36            50             51         2  0.78690104      1          0
37            52             53         2  0.48263965      1          0
38             0              0         0  0.00000000     -1          2
39            54             55         1  0.92311871      1          0
40            56             57         2  0.70480021      1          0
41             0              0         0  0.00000000     -1          1
42            58             59         2  0.73826018      1          0
43             0              0         0  0.00000000     -1          1
44            60             61         2  0.97959053      1          0
45             0              0         0  0.00000000     -1          1
46             0              0         0  0.00000000     -1          2
47            62             63         1  0.33343049      1          0
48             0              0         0  0.00000000     -1          2
49             0              0         0  0.00000000     -1          2
50             0              0         0  0.00000000     -1          2
51             0              0         0  0.00000000     -1          1
52             0              0         0  0.00000000     -1          2
53             0              0         0  0.00000000     -1          2
54             0              0         0  0.00000000     -1          1
55             0              0         0  0.00000000     -1          1
56             0              0         0  0.00000000     -1          2
57             0              0         0  0.00000000     -1          2
58             0              0         0  0.00000000     -1          1
59             0              0         0  0.00000000     -1          1
60             0              0         0  0.00000000     -1          2
61             0              0         0  0.00000000     -1          1
62             0              0         0  0.00000000     -1          1
63             0              0         0  0.00000000     -1          1
