   left daughter right daughter split var split point status prediction
1              2              3         1  0.53911582      1          0
2              4              5         1  0.04202588      1          0
3              6              7         2  0.78331367      1          0
4              8              9         2  0.29974958      1          0
5             10             11         1  0.37003182      1          0
6             12             13         1  0.72536248      1          0
7             14             15         2  0.99932908      1          0
8              0              0         0  0.00000000     -1          1
9             16             17         1  0.02686936      1          0
10            18             19         1  0.35868998      1          0
11            20             21         2  0.44435131      1          0
12            22             23         1  0.72428676      1          0
13            24             25         1  0.92784654      1          0
14            26             27         2  0.89554923      1          0
15             0              0         0  0.00000000     -1          1
16             0              0         0  0.00000000     -1          2
17             0              0         0  0.00000000     -1          1
18            28             29         2  0.25639134      1          0
19             0              0         0  0.00000000     -1          2
20            30             31         2  0.31641006      1          0
21            32             33         1  0.37190257      1          0
22            34             35         2  0.65599202      1          0
23             0              0         0  0.00000000     -1          2
24            36             37         2  0.50120587      1          0
25            38             39         2  0.01385007      1          0
26            40             41         2  0.89177038      1          0
27            42             43         2  0.94453944      1          0
28            44             45         2  0.07387056      1          0
29            46             47         2  0.80242367      1          0
30            48             49         2  0.08186757      1          0
31             0              0         0  0.00000000     -1          1
32             0              0         0  0.00000000     -1          1
33            50             51         1  0.39433115      1          0
34            52             53         2  0.53620881      1          0
35             0              0         0  0.00000000     -1          2
36            54             55         2  0.41797943      1          0
37            56             57         1  0.80393883      1          0
38             0              0         0  0.00000000     -1          2
39            58             59         2  0.26909776      1          0
40            60             61         1  0.91183029      1          0
41             0              0         0  0.00000000     -1          1
42             0              0         0  0.00000000     -1          2
43            62             63         1  0.71848188      1          0
44             0              0         0  0.00000000     -1          1
45             0              0         0  0.00000000     -1          1
46             0              0         0  0.00000000     -1          2
47             0              0         0  0.00000000     -1          2
48             0              0         0  0.00000000     -1          1
49             0              0         0  0.00000000     -1          1
50             0              0         0  0.00000000     -1          2
51             0              0         0  0.00000000     -1          2
52             0              0         0  0.00000000     -1          1
53             0              0         0  0.00000000     -1          1
54             0              0         0  0.00000000     -1          1
55             0              0         0  0.00000000     -1          1
56             0              0         0  0.00000000     -1          1
57             0              0         0  0.00000000     -1          1
58             0              0         0  0.00000000     -1          1
59             0              0         0  0.00000000     -1          1
60             0              0         0  0.00000000     -1          2
61             0              0         0  0.00000000     -1          2
62             0              0         0  0.00000000     -1          2
63             0              0         0  0.00000000     -1          2
