   left daughter right daughter split var split point status prediction
1              2              3         1 0.561158072      1          0
2              4              5         1 0.322477145      1          0
3              6              7         2 0.736990966      1          0
4              8              9         1 0.205392740      1          0
5             10             11         1 0.336984999      1          0
6             12             13         2 0.008131311      1          0
7             14             15         2 0.999329078      1          0
8             16             17         1 0.170683875      1          0
9             18             19         2 0.214053536      1          0
10            20             21         1 0.332671769      1          0
11            22             23         2 0.284829122      1          0
12             0              0         0 0.000000000     -1          2
13            24             25         2 0.478886150      1          0
14            26             27         2 0.906077569      1          0
15             0              0         0 0.000000000     -1          1
16            28             29         2 0.297143675      1          0
17            30             31         2 0.255500103      1          0
18             0              0         0 0.000000000     -1          1
19            32             33         1 0.233691838      1          0
20             0              0         0 0.000000000     -1          1
21             0              0         0 0.000000000     -1          1
22            34             35         2 0.263188121      1          0
23            36             37         2 0.637679741      1          0
24            38             39         2 0.147337746      1          0
25            40             41         1 0.598969057      1          0
26            42             43         2 0.872035810      1          0
27            44             45         1 0.892244498      1          0
28            46             47         2 0.183022464      1          0
29            48             49         1 0.030653771      1          0
30             0              0         0 0.000000000     -1          1
31            50             51         1 0.193524029      1          0
32             0              0         0 0.000000000     -1          2
33            52             53         2 0.413279272      1          0
34            54             55         1 0.342066105      1          0
35             0              0         0 0.000000000     -1          1
36            56             57         2 0.613575537      1          0
37            58             59         1 0.453836677      1          0
38            60             61         1 0.635038620      1          0
39            62             63         1 0.577682598      1          0
40             0              0         0 0.000000000     -1          2
41             0              0         0 0.000000000     -1          1
42             0              0         0 0.000000000     -1          2
43             0              0         0 0.000000000     -1          1
44             0              0         0 0.000000000     -1          2
45             0              0         0 0.000000000     -1          2
46             0              0         0 0.000000000     -1          1
47             0              0         0 0.000000000     -1          1
48             0              0         0 0.000000000     -1          2
49             0              0         0 0.000000000     -1          2
50             0              0         0 0.000000000     -1          2
51             0              0         0 0.000000000     -1          2
52             0              0         0 0.000000000     -1          2
53             0              0         0 0.000000000     -1          2
54             0              0         0 0.000000000     -1          2
55             0              0         0 0.000000000     -1          1
56             0              0         0 0.000000000     -1          2
57             0              0         0 0.000000000     -1          1
58             0              0         0 0.000000000     -1          2
59             0              0         0 0.000000000     -1          2
60             0              0         0 0.000000000     -1          1
61             0              0         0 0.000000000     -1          1
62             0              0         0 0.000000000     -1          2
63             0              0         0 0.000000000     -1          1
