   left daughter right daughter split var split point status prediction
1              2              3         2  0.63722946      1          0
2              4              5         2  0.29439246      1          0
3              6              7         1  0.96497269      1          0
4              8              9         1  0.91798036      1          0
5             10             11         2  0.62044379      1          0
6             12             13         1  0.15150327      1          0
7              0              0         0  0.00000000     -1          1
8             14             15         2  0.28540972      1          0
9             16             17         1  0.94657244      1          0
10            18             19         1  0.51574037      1          0
11             0              0         0  0.00000000     -1          1
12             0              0         0  0.00000000     -1          2
13            20             21         1  0.17539882      1          0
14            22             23         2  0.23996674      1          0
15             0              0         0  0.00000000     -1          1
16             0              0         0  0.00000000     -1          2
17            24             25         2  0.01380185      1          0
18            26             27         2  0.57884171      1          0
19            28             29         2  0.59074179      1          0
20             0              0         0  0.00000000     -1          1
21            30             31         1  0.76114285      1          0
22            32             33         2  0.23606976      1          0
23            34             35         2  0.27332793      1          0
24             0              0         0  0.00000000     -1          2
25            36             37         2  0.15900068      1          0
26            38             39         1  0.47456929      1          0
27             0              0         0  0.00000000     -1          2
28            40             41         1  0.62522638      1          0
29            42             43         2  0.60138301      1          0
30            44             45         1  0.71247685      1          0
31            46             47         1  0.82929868      1          0
32            48             49         2  0.23007214      1          0
33             0              0         0  0.00000000     -1          2
34             0              0         0  0.00000000     -1          1
35             0              0         0  0.00000000     -1          1
36             0              0         0  0.00000000     -1          1
37             0              0         0  0.00000000     -1          1
38            50             51         2  0.47318967      1          0
39             0              0         0  0.00000000     -1          2
40             0              0         0  0.00000000     -1          1
41            52             53         1  0.62619215      1          0
42             0              0         0  0.00000000     -1          1
43             0              0         0  0.00000000     -1          1
44            54             55         2  0.68163902      1          0
45             0              0         0  0.00000000     -1          2
46             0              0         0  0.00000000     -1          1
47            56             57         1  0.88456732      1          0
48            58             59         2  0.08945403      1          0
49             0              0         0  0.00000000     -1          1
50            60             61         2  0.41183886      1          0
51            62             63         1  0.08906325      1          0
52             0              0         0  0.00000000     -1          2
53             0              0         0  0.00000000     -1          1
54             0              0         0  0.00000000     -1          2
55             0              0         0  0.00000000     -1          2
56             0              0         0  0.00000000     -1          2
57             0              0         0  0.00000000     -1          2
58             0              0         0  0.00000000     -1          1
59             0              0         0  0.00000000     -1          1
60             0              0         0  0.00000000     -1          2
61             0              0         0  0.00000000     -1          2
62             0              0         0  0.00000000     -1          2
63             0              0         0  0.00000000     -1          2
