   left daughter right daughter split var split point status prediction
1              2              3         1  0.55905732      1          0
2              4              5         1  0.04145824      1          0
3              6              7         2  0.68847286      1          0
4              8              9         1  0.03279943      1          0
5             10             11         2  0.27845740      1          0
6             12             13         1  0.96117117      1          0
7             14             15         1  0.88887570      1          0
8             16             17         1  0.02857797      1          0
9              0              0         0  0.00000000     -1          1
10            18             19         1  0.55458616      1          0
11            20             21         2  0.57884171      1          0
12            22             23         1  0.63578034      1          0
13            24             25         2  0.01380185      1          0
14            26             27         1  0.57178194      1          0
15            28             29         1  0.90870934      1          0
16            30             31         2  0.56467220      1          0
17             0              0         0  0.00000000     -1          2
18            32             33         2  0.08456346      1          0
19             0              0         0  0.00000000     -1          2
20            34             35         1  0.50403899      1          0
21            36             37         2  0.97241285      1          0
22            38             39         2  0.57983084      1          0
23            40             41         1  0.83069153      1          0
24             0              0         0  0.00000000     -1          2
25            42             43         2  0.62361985      1          0
26             0              0         0  0.00000000     -1          1
27            44             45         1  0.70636443      1          0
28             0              0         0  0.00000000     -1          1
29            46             47         1  0.94531816      1          0
30             0              0         0  0.00000000     -1          1
31             0              0         0  0.00000000     -1          2
32            48             49         1  0.19478045      1          0
33            50             51         1  0.52957405      1          0
34            52             53         1  0.12224421      1          0
35             0              0         0  0.00000000     -1          1
36            54             55         2  0.62229785      1          0
37             0              0         0  0.00000000     -1          2
38            56             57         1  0.63310093      1          0
39             0              0         0  0.00000000     -1          1
40            58             59         1  0.82750452      1          0
41             0              0         0  0.00000000     -1          1
42            60             61         1  0.99068208      1          0
43             0              0         0  0.00000000     -1          2
44            62             63         1  0.66570227      1          0
45             0              0         0  0.00000000     -1          2
46             0              0         0  0.00000000     -1          2
47             0              0         0  0.00000000     -1          1
48             0              0         0  0.00000000     -1          2
49             0              0         0  0.00000000     -1          1
50             0              0         0  0.00000000     -1          1
51             0              0         0  0.00000000     -1          1
52             0              0         0  0.00000000     -1          2
53             0              0         0  0.00000000     -1          2
54             0              0         0  0.00000000     -1          2
55             0              0         0  0.00000000     -1          2
56             0              0         0  0.00000000     -1          1
57             0              0         0  0.00000000     -1          2
58             0              0         0  0.00000000     -1          1
59             0              0         0  0.00000000     -1          2
60             0              0         0  0.00000000     -1          1
61             0              0         0  0.00000000     -1          1
62             0              0         0  0.00000000     -1          2
63             0              0         0  0.00000000     -1          2
