   left daughter right daughter split var split point status prediction
1              2              3         1 0.515524740      1          0
2              4              5         2 0.275011438      1          0
3              6              7         1 0.684959510      1          0
4              8              9         2 0.257284431      1          0
5             10             11         2 0.988428568      1          0
6             12             13         2 0.575407813      1          0
7             14             15         2 0.792859200      1          0
8             16             17         2 0.183022464      1          0
9              0              0         0 0.000000000     -1          1
10            18             19         1 0.029914765      1          0
11             0              0         0 0.000000000     -1          1
12            20             21         2 0.503956227      1          0
13            22             23         2 0.711426009      1          0
14            24             25         2 0.007923727      1          0
15            26             27         2 0.999329078      1          0
16            28             29         2 0.180304046      1          0
17            30             31         2 0.231173250      1          0
18            32             33         2 0.564672196      1          0
19            34             35         2 0.760644694      1          0
20            36             37         1 0.624742007      1          0
21             0              0         0 0.000000000     -1          1
22            38             39         2 0.680036611      1          0
23            40             41         2 0.891565468      1          0
24             0              0         0 0.000000000     -1          2
25            42             43         1 0.967135729      1          0
26            44             45         2 0.972709315      1          0
27             0              0         0 0.000000000     -1          1
28            46             47         1 0.064532974      1          0
29             0              0         0 0.000000000     -1          2
30             0              0         0 0.000000000     -1          1
31             0              0         0 0.000000000     -1          1
32             0              0         0 0.000000000     -1          1
33             0              0         0 0.000000000     -1          2
34            48             49         1 0.180520556      1          0
35            50             51         1 0.150442505      1          0
36            52             53         1 0.574188107      1          0
37            54             55         2 0.412118871      1          0
38             0              0         0 0.000000000     -1          2
39             0              0         0 0.000000000     -1          1
40            56             57         1 0.651620400      1          0
41             0              0         0 0.000000000     -1          2
42            58             59         2 0.673609859      1          0
43            60             61         1 0.972382446      1          0
44            62             63         2 0.811099753      1          0
45             0              0         0 0.000000000     -1          2
46             0              0         0 0.000000000     -1          1
47             0              0         0 0.000000000     -1          1
48             0              0         0 0.000000000     -1          2
49             0              0         0 0.000000000     -1          2
50             0              0         0 0.000000000     -1          2
51             0              0         0 0.000000000     -1          2
52             0              0         0 0.000000000     -1          1
53             0              0         0 0.000000000     -1          1
54             0              0         0 0.000000000     -1          1
55             0              0         0 0.000000000     -1          1
56             0              0         0 0.000000000     -1          2
57             0              0         0 0.000000000     -1          2
58             0              0         0 0.000000000     -1          1
59             0              0         0 0.000000000     -1          1
60             0              0         0 0.000000000     -1          2
61             0              0         0 0.000000000     -1          1
62             0              0         0 0.000000000     -1          2
63             0              0         0 0.000000000     -1          2
