   left daughter right daughter split var split point status prediction
1              2              3         1  0.57840705      1          0
2              4              5         1  0.50690929      1          0
3              6              7         1  0.74943919      1          0
4              8              9         2  0.26563426      1          0
5             10             11         1  0.57178194      1          0
6             12             13         2  0.64482354      1          0
7             14             15         2  0.78331367      1          0
8             16             17         2  0.08536612      1          0
9             18             19         1  0.15593954      1          0
10            20             21         1  0.55857776      1          0
11             0              0         0  0.00000000     -1          2
12            22             23         1  0.59647736      1          0
13            24             25         1  0.71247685      1          0
14            26             27         2  0.01262457      1          0
15            28             29         1  0.96962369      1          0
16            30             31         2  0.07249009      1          0
17            32             33         1  0.30692571      1          0
18            34             35         1  0.02872342      1          0
19            36             37         2  0.41590198      1          0
20            38             39         2  0.51230872      1          0
21             0              0         0  0.00000000     -1          1
22             0              0         0  0.00000000     -1          1
23            40             41         1  0.72050468      1          0
24            42             43         1  0.70976083      1          0
25             0              0         0  0.00000000     -1          2
26             0              0         0  0.00000000     -1          2
27            44             45         2  0.53989845      1          0
28            46             47         2  0.96939189      1          0
29             0              0         0  0.00000000     -1          1
30            48             49         2  0.02095107      1          0
31             0              0         0  0.00000000     -1          2
32            50             51         1  0.07699066      1          0
33            52             53         2  0.23117325      1          0
34            54             55         1  0.02579409      1          0
35            56             57         1  0.07879781      1          0
36            58             59         2  0.37315666      1          0
37            60             61         1  0.15719227      1          0
38            62             63         2  0.15460731      1          0
39             0              0         0  0.00000000     -1          2
40             0              0         0  0.00000000     -1          1
41             0              0         0  0.00000000     -1          1
42             0              0         0  0.00000000     -1          2
43             0              0         0  0.00000000     -1          1
44             0              0         0  0.00000000     -1          1
45             0              0         0  0.00000000     -1          1
46             0              0         0  0.00000000     -1          2
47             0              0         0  0.00000000     -1          2
48             0              0         0  0.00000000     -1          1
49             0              0         0  0.00000000     -1          1
50             0              0         0  0.00000000     -1          1
51             0              0         0  0.00000000     -1          1
52             0              0         0  0.00000000     -1          1
53             0              0         0  0.00000000     -1          2
54             0              0         0  0.00000000     -1          2
55             0              0         0  0.00000000     -1          1
56             0              0         0  0.00000000     -1          2
57             0              0         0  0.00000000     -1          2
58             0              0         0  0.00000000     -1          2
59             0              0         0  0.00000000     -1          1
60             0              0         0  0.00000000     -1          1
61             0              0         0  0.00000000     -1          2
62             0              0         0  0.00000000     -1          1
63             0              0         0  0.00000000     -1          1
