   left daughter right daughter split var split point status prediction
1              2              3         2 0.542586917      1          0
2              4              5         1 0.425805228      1          0
3              6              7         2 0.736976119      1          0
4              8              9         1 0.097618334      1          0
5             10             11         2 0.008131311      1          0
6             12             13         1 0.603872688      1          0
7             14             15         2 0.972412854      1          0
8             16             17         2 0.373608870      1          0
9             18             19         1 0.260483797      1          0
10             0              0         0 0.000000000     -1          2
11            20             21         2 0.357658290      1          0
12            22             23         2 0.686058475      1          0
13            24             25         1 0.750129021      1          0
14            26             27         1 0.883503534      1          0
15            28             29         1 0.716022405      1          0
16            30             31         1 0.044906447      1          0
17             0              0         0 0.000000000     -1          2
18            32             33         2 0.268108475      1          0
19            34             35         1 0.422762187      1          0
20            36             37         2 0.091163780      1          0
21            38             39         2 0.360210654      1          0
22            40             41         2 0.626070891      1          0
23            42             43         1 0.377047475      1          0
24            44             45         1 0.748777174      1          0
25            46             47         1 0.891408582      1          0
26            48             49         1 0.329288577      1          0
27            50             51         2 0.908315157      1          0
28             0              0         0 0.000000000     -1          2
29             0              0         0 0.000000000     -1          1
30             0              0         0 0.000000000     -1          1
31            52             53         1 0.047382556      1          0
32            54             55         1 0.242457849      1          0
33            56             57         1 0.237820656      1          0
34            58             59         1 0.369568586      1          0
35             0              0         0 0.000000000     -1          2
36            60             61         1 0.733358709      1          0
37            62             63         1 0.950631968      1          0
38             0              0         0 0.000000000     -1          2
39             0              0         0 0.000000000     -1          1
40             0              0         0 0.000000000     -1          2
41             0              0         0 0.000000000     -1          2
42             0              0         0 0.000000000     -1          2
43             0              0         0 0.000000000     -1          2
44             0              0         0 0.000000000     -1          1
45             0              0         0 0.000000000     -1          2
46             0              0         0 0.000000000     -1          1
47             0              0         0 0.000000000     -1          1
48             0              0         0 0.000000000     -1          2
49             0              0         0 0.000000000     -1          2
50             0              0         0 0.000000000     -1          1
51             0              0         0 0.000000000     -1          2
52             0              0         0 0.000000000     -1          2
53             0              0         0 0.000000000     -1          1
54             0              0         0 0.000000000     -1          1
55             0              0         0 0.000000000     -1          2
56             0              0         0 0.000000000     -1          2
57             0              0         0 0.000000000     -1          2
58             0              0         0 0.000000000     -1          1
59             0              0         0 0.000000000     -1          1
60             0              0         0 0.000000000     -1          1
61             0              0         0 0.000000000     -1          1
62             0              0         0 0.000000000     -1          1
63             0              0         0 0.000000000     -1          1
