   left daughter right daughter split var split point status prediction
1              2              3         2  0.32834334      1          0
2              4              5         2  0.27947348      1          0
3              6              7         2  0.63630787      1          0
4              8              9         1  0.13268638      1          0
5             10             11         1  0.49278833      1          0
6             12             13         2  0.61517031      1          0
7             14             15         2  0.91000780      1          0
8              0              0         0  0.00000000     -1          1
9             16             17         1  0.14146223      1          0
10            18             19         2  0.30914361      1          0
11            20             21         2  0.31064995      1          0
12            22             23         1  0.51509490      1          0
13             0              0         0  0.00000000     -1          1
14            24             25         2  0.90798585      1          0
15            26             27         2  0.94073991      1          0
16             0              0         0  0.00000000     -1          2
17            28             29         2  0.19050164      1          0
18            30             31         1  0.11467845      1          0
19             0              0         0  0.00000000     -1          2
20             0              0         0  0.00000000     -1          1
21             0              0         0  0.00000000     -1          1
22            32             33         2  0.41327927      1          0
23            34             35         1  0.98185693      1          0
24            36             37         1  0.76093812      1          0
25             0              0         0  0.00000000     -1          1
26             0              0         0  0.00000000     -1          2
27            38             39         1  0.77605405      1          0
28            40             41         2  0.18862480      1          0
29            42             43         2  0.27433472      1          0
30             0              0         0  0.00000000     -1          1
31             0              0         0  0.00000000     -1          2
32            44             45         2  0.40792639      1          0
33            46             47         1  0.03208339      1          0
34            48             49         2  0.61135469      1          0
35             0              0         0  0.00000000     -1          2
36            50             51         1  0.48405946      1          0
37            52             53         2  0.78331367      1          0
38            54             55         2  0.94319168      1          0
39             0              0         0  0.00000000     -1          2
40            56             57         1  0.72106962      1          0
41             0              0         0  0.00000000     -1          2
42            58             59         1  0.36466893      1          0
43             0              0         0  0.00000000     -1          1
44            60             61         1  0.44143652      1          0
45             0              0         0  0.00000000     -1          1
46             0              0         0  0.00000000     -1          2
47            62             63         1  0.34907223      1          0
48             0              0         0  0.00000000     -1          1
49             0              0         0  0.00000000     -1          2
50             0              0         0  0.00000000     -1          2
51             0              0         0  0.00000000     -1          2
52             0              0         0  0.00000000     -1          1
53             0              0         0  0.00000000     -1          2
54             0              0         0  0.00000000     -1          1
55             0              0         0  0.00000000     -1          2
56             0              0         0  0.00000000     -1          1
57             0              0         0  0.00000000     -1          1
58             0              0         0  0.00000000     -1          1
59             0              0         0  0.00000000     -1          1
60             0              0         0  0.00000000     -1          2
61             0              0         0  0.00000000     -1          1
62             0              0         0  0.00000000     -1          2
63             0              0         0  0.00000000     -1          2
