   left daughter right daughter split var split point status prediction
1              2              3         2  0.28988106      1          0
2              4              5         1  0.13037393      1          0
3              6              7         2  0.63722946      1          0
4              0              0         0  0.00000000     -1          1
5              8              9         2  0.03404344      1          0
6             10             11         1  0.51509490      1          0
7             12             13         2  0.83668299      1          0
8              0              0         0  0.00000000     -1          1
9             14             15         2  0.03680360      1          0
10            16             17         1  0.35371946      1          0
11            18             19         2  0.50303565      1          0
12            20             21         2  0.68220645      1          0
13            22             23         2  0.99932908      1          0
14             0              0         0  0.00000000     -1          2
15            24             25         1  0.17009442      1          0
16            26             27         1  0.18196940      1          0
17            28             29         2  0.57751712      1          0
18            30             31         2  0.36021065      1          0
19            32             33         1  0.60770860      1          0
20            34             35         2  0.64130982      1          0
21            36             37         2  0.71518490      1          0
22            38             39         2  0.97236226      1          0
23             0              0         0  0.00000000     -1          1
24             0              0         0  0.00000000     -1          2
25            40             41         2  0.26180287      1          0
26            42             43         2  0.56019472      1          0
27            44             45         2  0.32588507      1          0
28            46             47         2  0.48831672      1          0
29             0              0         0  0.00000000     -1          1
30            48             49         1  0.95063197      1          0
31            50             51         1  0.65511027      1          0
32             0              0         0  0.00000000     -1          2
33            52             53         2  0.50578861      1          0
34             0              0         0  0.00000000     -1          2
35            54             55         2  0.65682751      1          0
36            56             57         2  0.70943990      1          0
37            58             59         2  0.83562807      1          0
38            60             61         2  0.90184160      1          0
39            62             63         2  0.98103478      1          0
40             0              0         0  0.00000000     -1          1
41             0              0         0  0.00000000     -1          1
42             0              0         0  0.00000000     -1          2
43             0              0         0  0.00000000     -1          2
44             0              0         0  0.00000000     -1          2
45             0              0         0  0.00000000     -1          2
46             0              0         0  0.00000000     -1          2
47             0              0         0  0.00000000     -1          2
48             0              0         0  0.00000000     -1          1
49             0              0         0  0.00000000     -1          2
50             0              0         0  0.00000000     -1          1
51             0              0         0  0.00000000     -1          1
52             0              0         0  0.00000000     -1          2
53             0              0         0  0.00000000     -1          1
54             0              0         0  0.00000000     -1          2
55             0              0         0  0.00000000     -1          2
56             0              0         0  0.00000000     -1          2
57             0              0         0  0.00000000     -1          1
58             0              0         0  0.00000000     -1          2
59             0              0         0  0.00000000     -1          1
60             0              0         0  0.00000000     -1          2
61             0              0         0  0.00000000     -1          2
62             0              0         0  0.00000000     -1          1
63             0              0         0  0.00000000     -1          2
