   left daughter right daughter split var split point status prediction
1              2              3         2 0.637128008      1          0
2              4              5         2 0.278457395      1          0
3              6              7         2 0.792329346      1          0
4              8              9         2 0.084991296      1          0
5             10             11         2 0.621834946      1          0
6             12             13         2 0.777596392      1          0
7             14             15         1 0.974139831      1          0
8             16             17         2 0.072676284      1          0
9             18             19         2 0.113294776      1          0
10            20             21         1 0.507805570      1          0
11             0              0         0 0.000000000     -1          1
12            22             23         1 0.756843491      1          0
13             0              0         0 0.000000000     -1          1
14            24             25         1 0.531552213      1          0
15             0              0         0 0.000000000     -1          1
16            26             27         1 0.194780446      1          0
17             0              0         0 0.000000000     -1          2
18             0              0         0 0.000000000     -1          1
19            28             29         1 0.987262958      1          0
20            30             31         1 0.040100539      1          0
21            32             33         1 0.595177678      1          0
22            34             35         1 0.307299564      1          0
23             0              0         0 0.000000000     -1          1
24            36             37         1 0.529392364      1          0
25            38             39         1 0.965172056      1          0
26             0              0         0 0.000000000     -1          1
27            40             41         2 0.008131311      1          0
28            42             43         1 0.133941800      1          0
29             0              0         0 0.000000000     -1          2
30             0              0         0 0.000000000     -1          2
31            44             45         1 0.478064199      1          0
32            46             47         2 0.585420440      1          0
33            48             49         1 0.981856925      1          0
34             0              0         0 0.000000000     -1          2
35            50             51         2 0.763570449      1          0
36            52             53         2 0.959039074      1          0
37             0              0         0 0.000000000     -1          1
38            54             55         1 0.655062348      1          0
39             0              0         0 0.000000000     -1          2
40             0              0         0 0.000000000     -1          1
41            56             57         1 0.430307798      1          0
42             0              0         0 0.000000000     -1          1
43            58             59         2 0.261802868      1          0
44            60             61         1 0.258144599      1          0
45             0              0         0 0.000000000     -1          2
46             0              0         0 0.000000000     -1          1
47             0              0         0 0.000000000     -1          2
48            62             63         1 0.900084377      1          0
49             0              0         0 0.000000000     -1          1
50             0              0         0 0.000000000     -1          2
51             0              0         0 0.000000000     -1          2
52             0              0         0 0.000000000     -1          2
53             0              0         0 0.000000000     -1          2
54             0              0         0 0.000000000     -1          2
55             0              0         0 0.000000000     -1          2
56             0              0         0 0.000000000     -1          1
57             0              0         0 0.000000000     -1          1
58             0              0         0 0.000000000     -1          1
59             0              0         0 0.000000000     -1          1
60             0              0         0 0.000000000     -1          2
61             0              0         0 0.000000000     -1          2
62             0              0         0 0.000000000     -1          1
63             0              0         0 0.000000000     -1          1
