   left daughter right daughter split var split point status prediction
1              2              3         2  0.63999525      1          0
2              4              5         1  0.48281676      1          0
3              6              7         2  0.91000780      1          0
4              8              9         1  0.11685539      1          0
5             10             11         1  0.92784654      1          0
6             12             13         2  0.87034844      1          0
7             14             15         1  0.18949187      1          0
8             16             17         1  0.07554176      1          0
9             18             19         2  0.27947348      1          0
10            20             21         1  0.57297267      1          0
11            22             23         1  0.92850522      1          0
12            24             25         2  0.81757037      1          0
13            26             27         1  0.12092082      1          0
14            28             29         1  0.14637346      1          0
15            30             31         1  0.96997386      1          0
16            32             33         2  0.29721073      1          0
17            34             35         1  0.08797286      1          0
18            36             37         2  0.08536612      1          0
19            38             39         2  0.61517031      1          0
20            40             41         1  0.57020213      1          0
21            42             43         1  0.88000062      1          0
22             0              0         0  0.00000000     -1          2
23            44             45         1  0.98391641      1          0
24            46             47         2  0.80364923      1          0
25            48             49         2  0.83738380      1          0
26             0              0         0  0.00000000     -1          1
27            50             51         2  0.88321938      1          0
28             0              0         0  0.00000000     -1          2
29             0              0         0  0.00000000     -1          1
30            52             53         1  0.77605405      1          0
31             0              0         0  0.00000000     -1          2
32            54             55         1  0.06425260      1          0
33            56             57         2  0.52580824      1          0
34             0              0         0  0.00000000     -1          1
35             0              0         0  0.00000000     -1          1
36            58             59         1  0.47529233      1          0
37            60             61         2  0.26563426      1          0
38            62             63         2  0.42186263      1          0
39             0              0         0  0.00000000     -1          1
40             0              0         0  0.00000000     -1          1
41             0              0         0  0.00000000     -1          2
42             0              0         0  0.00000000     -1          1
43             0              0         0  0.00000000     -1          1
44             0              0         0  0.00000000     -1          1
45             0              0         0  0.00000000     -1          1
46             0              0         0  0.00000000     -1          2
47             0              0         0  0.00000000     -1          1
48             0              0         0  0.00000000     -1          2
49             0              0         0  0.00000000     -1          2
50             0              0         0  0.00000000     -1          1
51             0              0         0  0.00000000     -1          2
52             0              0         0  0.00000000     -1          2
53             0              0         0  0.00000000     -1          2
54             0              0         0  0.00000000     -1          1
55             0              0         0  0.00000000     -1          2
56             0              0         0  0.00000000     -1          2
57             0              0         0  0.00000000     -1          2
58             0              0         0  0.00000000     -1          1
59             0              0         0  0.00000000     -1          2
60             0              0         0  0.00000000     -1          1
61             0              0         0  0.00000000     -1          1
62             0              0         0  0.00000000     -1          2
63             0              0         0  0.00000000     -1          2
