   left daughter right daughter split var split point status prediction
1              2              3         2  0.56306594      1          0
2              4              5         2  0.27947348      1          0
3              6              7         1  0.60431505      1          0
4              8              9         1  0.96515767      1          0
5             10             11         2  0.56098763      1          0
6             12             13         1  0.30915567      1          0
7             14             15         1  0.97238245      1          0
8             16             17         2  0.08499130      1          0
9              0              0         0  0.00000000     -1          2
10            18             19         2  0.52324386      1          0
11             0              0         0  0.00000000     -1          1
12            20             21         1  0.02946242      1          0
13            22             23         2  0.57886702      1          0
14            24             25         2  0.79937082      1          0
15             0              0         0  0.00000000     -1          1
16            26             27         1  0.21738580      1          0
17            28             29         2  0.18052446      1          0
18            30             31         1  0.46836309      1          0
19            32             33         2  0.52933685      1          0
20             0              0         0  0.00000000     -1          2
21            34             35         1  0.15593954      1          0
22             0              0         0  0.00000000     -1          2
23            36             37         2  0.69292036      1          0
24            38             39         2  0.73726958      1          0
25            40             41         2  0.83359473      1          0
26             0              0         0  0.00000000     -1          1
27            42             43         2  0.07267628      1          0
28            44             45         2  0.13418256      1          0
29            46             47         2  0.18228151      1          0
30            48             49         2  0.47247054      1          0
31            50             51         1  0.68496959      1          0
32             0              0         0  0.00000000     -1          2
33            52             53         1  0.53700542      1          0
34             0              0         0  0.00000000     -1          2
35            54             55         1  0.15672732      1          0
36            56             57         2  0.63630787      1          0
37            58             59         2  0.70386258      1          0
38            60             61         2  0.71517592      1          0
39            62             63         2  0.74521452      1          0
40             0              0         0  0.00000000     -1          2
41             0              0         0  0.00000000     -1          2
42             0              0         0  0.00000000     -1          1
43             0              0         0  0.00000000     -1          2
44             0              0         0  0.00000000     -1          1
45             0              0         0  0.00000000     -1          1
46             0              0         0  0.00000000     -1          2
47             0              0         0  0.00000000     -1          1
48             0              0         0  0.00000000     -1          2
49             0              0         0  0.00000000     -1          2
50             0              0         0  0.00000000     -1          1
51             0              0         0  0.00000000     -1          1
52             0              0         0  0.00000000     -1          2
53             0              0         0  0.00000000     -1          1
54             0              0         0  0.00000000     -1          1
55             0              0         0  0.00000000     -1          2
56             0              0         0  0.00000000     -1          2
57             0              0         0  0.00000000     -1          2
58             0              0         0  0.00000000     -1          1
59             0              0         0  0.00000000     -1          2
60             0              0         0  0.00000000     -1          1
61             0              0         0  0.00000000     -1          1
62             0              0         0  0.00000000     -1          2
63             0              0         0  0.00000000     -1          1
