   left daughter right daughter split var split point status prediction
1              2              3         2 0.357658290      1          0
2              4              5         1 0.435271247      1          0
3              6              7         2 0.811099753      1          0
4              8              9         2 0.288808479      1          0
5             10             11         2 0.008131311      1          0
6             12             13         2 0.563040348      1          0
7             14             15         2 0.902063882      1          0
8             16             17         2 0.079460749      1          0
9             18             19         2 0.353530802      1          0
10             0              0         0 0.000000000     -1          2
11            20             21         1 0.720476010      1          0
12            22             23         2 0.373156659      1          0
13            24             25         1 0.558577765      1          0
14            26             27         2 0.870348443      1          0
15            28             29         2 0.940739915      1          0
16            30             31         2 0.074697562      1          0
17            32             33         1 0.391803222      1          0
18             0              0         0 0.000000000     -1          2
19             0              0         0 0.000000000     -1          1
20            34             35         1 0.705724200      1          0
21            36             37         2 0.267038809      1          0
22             0              0         0 0.000000000     -1          2
23            38             39         1 0.476545051      1          0
24            40             41         1 0.378039429      1          0
25            42             43         1 0.760577522      1          0
26            44             45         1 0.558482414      1          0
27            46             47         2 0.874094469      1          0
28             0              0         0 0.000000000     -1          2
29            48             49         1 0.348485964      1          0
30            50             51         1 0.197093131      1          0
31             0              0         0 0.000000000     -1          2
32            52             53         2 0.179106402      1          0
33             0              0         0 0.000000000     -1          1
34            54             55         2 0.175701429      1          0
35             0              0         0 0.000000000     -1          1
36            56             57         1 0.942702740      1          0
37             0              0         0 0.000000000     -1          1
38            58             59         1 0.032083393      1          0
39            60             61         2 0.477083231      1          0
40            62             63         2 0.803649232      1          0
41             0              0         0 0.000000000     -1          2
42             0              0         0 0.000000000     -1          1
43             0              0         0 0.000000000     -1          1
44             0              0         0 0.000000000     -1          2
45             0              0         0 0.000000000     -1          2
46             0              0         0 0.000000000     -1          1
47             0              0         0 0.000000000     -1          2
48             0              0         0 0.000000000     -1          2
49             0              0         0 0.000000000     -1          2
50             0              0         0 0.000000000     -1          2
51             0              0         0 0.000000000     -1          1
52             0              0         0 0.000000000     -1          1
53             0              0         0 0.000000000     -1          1
54             0              0         0 0.000000000     -1          1
55             0              0         0 0.000000000     -1          1
56             0              0         0 0.000000000     -1          1
57             0              0         0 0.000000000     -1          1
58             0              0         0 0.000000000     -1          1
59             0              0         0 0.000000000     -1          2
60             0              0         0 0.000000000     -1          1
61             0              0         0 0.000000000     -1          1
62             0              0         0 0.000000000     -1          2
63             0              0         0 0.000000000     -1          1
