   left daughter right daughter split var split point status prediction
1              2              3         2  0.63722946      1          0
2              4              5         2  0.32905664      1          0
3              6              7         1  0.70788901      1          0
4              8              9         2  0.25819293      1          0
5             10             11         1  0.51509490      1          0
6             12             13         1  0.30929557      1          0
7             14             15         1  0.97387517      1          0
8             16             17         1  0.98157592      1          0
9             18             19         2  0.27085372      1          0
10            20             21         2  0.62425608      1          0
11            22             23         1  0.57240901      1          0
12            24             25         2  0.80242367      1          0
13            26             27         2  0.81033607      1          0
14            28             29         2  0.80712144      1          0
15             0              0         0  0.00000000     -1          1
16            30             31         2  0.08945403      1          0
17             0              0         0  0.00000000     -1          2
18             0              0         0  0.00000000     -1          2
19            32             33         1  0.42049375      1          0
20            34             35         1  0.28544742      1          0
21             0              0         0  0.00000000     -1          1
22             0              0         0  0.00000000     -1          1
23            36             37         2  0.47888615      1          0
24             0              0         0  0.00000000     -1          2
25            38             39         2  0.80691135      1          0
26            40             41         2  0.68605848      1          0
27            42             43         1  0.35272224      1          0
28            44             45         2  0.72671877      1          0
29            46             47         1  0.96517206      1          0
30            48             49         2  0.07354053      1          0
31            50             51         1  0.83551919      1          0
32            52             53         2  0.27845740      1          0
33             0              0         0  0.00000000     -1          1
34            54             55         1  0.03208339      1          0
35            56             57         2  0.56965838      1          0
36            58             59         1  0.62913116      1          0
37            60             61         1  0.80393883      1          0
38             0              0         0  0.00000000     -1          1
39            62             63         1  0.14626087      1          0
40             0              0         0  0.00000000     -1          2
41             0              0         0  0.00000000     -1          2
42             0              0         0  0.00000000     -1          1
43             0              0         0  0.00000000     -1          2
44             0              0         0  0.00000000     -1          1
45             0              0         0  0.00000000     -1          1
46             0              0         0  0.00000000     -1          2
47             0              0         0  0.00000000     -1          2
48             0              0         0  0.00000000     -1          1
49             0              0         0  0.00000000     -1          2
50             0              0         0  0.00000000     -1          1
51             0              0         0  0.00000000     -1          1
52             0              0         0  0.00000000     -1          1
53             0              0         0  0.00000000     -1          2
54             0              0         0  0.00000000     -1          2
55             0              0         0  0.00000000     -1          2
56             0              0         0  0.00000000     -1          2
57             0              0         0  0.00000000     -1          2
58             0              0         0  0.00000000     -1          1
59             0              0         0  0.00000000     -1          1
60             0              0         0  0.00000000     -1          1
61             0              0         0  0.00000000     -1          1
62             0              0         0  0.00000000     -1          2
63             0              0         0  0.00000000     -1          2
