   left daughter right daughter split var split point status prediction
1              2              3         2 0.290882231      1          0
2              4              5         1 0.996415429      1          0
3              6              7         2 0.699892215      1          0
4              8              9         2 0.192640673      1          0
5              0              0         0 0.000000000     -1          2
6             10             11         2 0.693085859      1          0
7             12             13         1 0.455814192      1          0
8             14             15         2 0.008692156      1          0
9             16             17         2 0.194856854      1          0
10            18             19         2 0.437133016      1          0
11             0              0         0 0.000000000     -1          1
12            20             21         1 0.203434861      1          0
13            22             23         1 0.479810715      1          0
14             0              0         0 0.000000000     -1          1
15            24             25         1 0.478166740      1          0
16             0              0         0 0.000000000     -1          2
17            26             27         2 0.214598240      1          0
18            28             29         2 0.425155139      1          0
19            30             31         1 0.514822962      1          0
20            32             33         2 0.878283137      1          0
21            34             35         1 0.393498881      1          0
22             0              0         0 0.000000000     -1          1
23            36             37         1 0.571222640      1          0
24             0              0         0 0.000000000     -1          1
25            38             39         2 0.135545554      1          0
26             0              0         0 0.000000000     -1          1
27            40             41         1 0.160768275      1          0
28            42             43         2 0.315476308      1          0
29             0              0         0 0.000000000     -1          1
30            44             45         1 0.123863172      1          0
31            46             47         1 0.922822093      1          0
32            48             49         1 0.186175368      1          0
33            50             51         2 0.927901251      1          0
34            52             53         1 0.336268311      1          0
35            54             55         1 0.401517594      1          0
36            56             57         2 0.925634124      1          0
37            58             59         1 0.788758865      1          0
38            60             61         2 0.130147112      1          0
39            62             63         1 0.567589945      1          0
40             0              0         0 0.000000000     -1          1
41             0              0         0 0.000000000     -1          1
42             0              0         0 0.000000000     -1          2
43             0              0         0 0.000000000     -1          1
44             0              0         0 0.000000000     -1          2
45             0              0         0 0.000000000     -1          2
46             0              0         0 0.000000000     -1          1
47             0              0         0 0.000000000     -1          1
48             0              0         0 0.000000000     -1          2
49             0              0         0 0.000000000     -1          1
50             0              0         0 0.000000000     -1          2
51             0              0         0 0.000000000     -1          2
52             0              0         0 0.000000000     -1          2
53             0              0         0 0.000000000     -1          2
54             0              0         0 0.000000000     -1          1
55             0              0         0 0.000000000     -1          2
56             0              0         0 0.000000000     -1          2
57             0              0         0 0.000000000     -1          2
58             0              0         0 0.000000000     -1          2
59             0              0         0 0.000000000     -1          2
60             0              0         0 0.000000000     -1          1
61             0              0         0 0.000000000     -1          2
62             0              0         0 0.000000000     -1          2
63             0              0         0 0.000000000     -1          1
