   left daughter right daughter split var split point status prediction
1              2              3         2 0.303219101      1          0
2              4              5         1 0.994750055      1          0
3              6              7         1 0.521185859      1          0
4              8              9         1 0.128254348      1          0
5              0              0         0 0.000000000     -1          2
6             10             11         2 0.952851127      1          0
7             12             13         1 0.968594779      1          0
8             14             15         1 0.075600701      1          0
9             16             17         2 0.181377230      1          0
10            18             19         2 0.949998041      1          0
11             0              0         0 0.000000000     -1          2
12            20             21         1 0.898183745      1          0
13            22             23         2 0.793716653      1          0
14             0              0         0 0.000000000     -1          1
15            24             25         2 0.289289129      1          0
16            26             27         2 0.005628558      1          0
17            28             29         1 0.176968987      1          0
18            30             31         2 0.911278453      1          0
19             0              0         0 0.000000000     -1          1
20            32             33         1 0.890190813      1          0
21            34             35         1 0.924167314      1          0
22             0              0         0 0.000000000     -1          1
23             0              0         0 0.000000000     -1          2
24             0              0         0 0.000000000     -1          1
25             0              0         0 0.000000000     -1          2
26             0              0         0 0.000000000     -1          2
27            36             37         1 0.855201614      1          0
28             0              0         0 0.000000000     -1          2
29            38             39         1 0.385950949      1          0
30            40             41         2 0.540394725      1          0
31            42             43         2 0.914745304      1          0
32            44             45         2 0.721965677      1          0
33             0              0         0 0.000000000     -1          2
34            46             47         2 0.790188195      1          0
35            48             49         2 0.745474546      1          0
36            50             51         1 0.710616806      1          0
37             0              0         0 0.000000000     -1          1
38            52             53         2 0.198609386      1          0
39            54             55         2 0.183632866      1          0
40            56             57         1 0.012055017      1          0
41            58             59         1 0.194874849      1          0
42             0              0         0 0.000000000     -1          1
43            60             61         2 0.925798677      1          0
44            62             63         1 0.770332559      1          0
45             0              0         0 0.000000000     -1          2
46             0              0         0 0.000000000     -1          1
47             0              0         0 0.000000000     -1          1
48             0              0         0 0.000000000     -1          1
49             0              0         0 0.000000000     -1          2
50             0              0         0 0.000000000     -1          1
51             0              0         0 0.000000000     -1          1
52             0              0         0 0.000000000     -1          2
53             0              0         0 0.000000000     -1          1
54             0              0         0 0.000000000     -1          2
55             0              0         0 0.000000000     -1          1
56             0              0         0 0.000000000     -1          1
57             0              0         0 0.000000000     -1          2
58             0              0         0 0.000000000     -1          2
59             0              0         0 0.000000000     -1          2
60             0              0         0 0.000000000     -1          2
61             0              0         0 0.000000000     -1          2
62             0              0         0 0.000000000     -1          1
63             0              0         0 0.000000000     -1          1
