   left daughter right daughter split var split point status prediction
1              2              3         2   0.4284823      1          0
2              4              5         1   0.3109109      1          0
3              6              7         1   0.5301364      1          0
4              8              9         2   0.2844706      1          0
5             10             11         1   0.9908732      1          0
6             12             13         1   0.4522815      1          0
7             14             15         1   0.7558519      1          0
8             16             17         1   0.2910114      1          0
9             18             19         2   0.3876381      1          0
10            20             21         2   0.1588003      1          0
11             0              0         0   0.0000000     -1          2
12            22             23         1   0.2726555      1          0
13            24             25         1   0.4710963      1          0
14            26             27         2   0.7165952      1          0
15            28             29         1   0.7869506      1          0
16            30             31         2   0.1911228      1          0
17             0              0         0   0.0000000     -1          2
18            32             33         2   0.2922490      1          0
19             0              0         0   0.0000000     -1          2
20            34             35         1   0.7118200      1          0
21            36             37         1   0.4735809      1          0
22            38             39         2   0.5145967      1          0
23            40             41         1   0.3828823      1          0
24             0              0         0   0.0000000     -1          1
25            42             43         1   0.4945353      1          0
26            44             45         2   0.6277500      1          0
27            46             47         1   0.5335278      1          0
28             0              0         0   0.0000000     -1          1
29            48             49         2   0.7618346      1          0
30            50             51         2   0.1164670      1          0
31            52             53         2   0.1968160      1          0
32             0              0         0   0.0000000     -1          1
33            54             55         2   0.3639534      1          0
34            56             57         2   0.1287801      1          0
35            58             59         2   0.1072605      1          0
36            60             61         2   0.2553240      1          0
37            62             63         1   0.6609697      1          0
38             0              0         0   0.0000000     -1          2
39             0              0         0   0.0000000     -1          2
40             0              0         0   0.0000000     -1          2
41             0              0         0   0.0000000     -1          2
42             0              0         0   0.0000000     -1          2
43             0              0         0   0.0000000     -1          2
44             0              0         0   0.0000000     -1          1
45             0              0         0   0.0000000     -1          1
46             0              0         0   0.0000000     -1          1
47             0              0         0   0.0000000     -1          2
48             0              0         0   0.0000000     -1          1
49             0              0         0   0.0000000     -1          2
50             0              0         0   0.0000000     -1          1
51             0              0         0   0.0000000     -1          1
52             0              0         0   0.0000000     -1          2
53             0              0         0   0.0000000     -1          1
54             0              0         0   0.0000000     -1          2
55             0              0         0   0.0000000     -1          2
56             0              0         0   0.0000000     -1          1
57             0              0         0   0.0000000     -1          1
58             0              0         0   0.0000000     -1          1
59             0              0         0   0.0000000     -1          1
60             0              0         0   0.0000000     -1          1
61             0              0         0   0.0000000     -1          2
62             0              0         0   0.0000000     -1          1
63             0              0         0   0.0000000     -1          1
