   left daughter right daughter split var split point status prediction
1              2              3         2 0.284365992      1          0
2              4              5         1 0.946044583      1          0
3              6              7         2 0.763504775      1          0
4              8              9         2 0.008010464      1          0
5             10             11         2 0.085841646      1          0
6             12             13         2 0.746288834      1          0
7             14             15         2 0.952579511      1          0
8              0              0         0 0.000000000     -1          1
9             16             17         2 0.187019858      1          0
10             0              0         0 0.000000000     -1          1
11             0              0         0 0.000000000     -1          2
12            18             19         2 0.724093636      1          0
13             0              0         0 0.000000000     -1          1
14            20             21         2 0.949998041      1          0
15            22             23         1 0.885088846      1          0
16            24             25         2 0.047948439      1          0
17            26             27         2 0.203921937      1          0
18            28             29         1 0.522087755      1          0
19             0              0         0 0.000000000     -1          2
20            30             31         2 0.803645276      1          0
21             0              0         0 0.000000000     -1          1
22             0              0         0 0.000000000     -1          2
23             0              0         0 0.000000000     -1          2
24            32             33         1 0.761152759      1          0
25            34             35         1 0.479161271      1          0
26            36             37         1 0.463134455      1          0
27            38             39         2 0.248820789      1          0
28            40             41         1 0.199870718      1          0
29            42             43         1 0.922526309      1          0
30             0              0         0 0.000000000     -1          2
31            44             45         2 0.806638954      1          0
32            46             47         2 0.046265748      1          0
33             0              0         0 0.000000000     -1          1
34             0              0         0 0.000000000     -1          1
35            48             49         1 0.487932582      1          0
36             0              0         0 0.000000000     -1          2
37             0              0         0 0.000000000     -1          1
38            50             51         2 0.222916183      1          0
39            52             53         1 0.343815029      1          0
40            54             55         1 0.140541087      1          0
41            56             57         1 0.205373135      1          0
42            58             59         1 0.591981823      1          0
43            60             61         2 0.549945821      1          0
44             0              0         0 0.000000000     -1          1
45            62             63         1 0.712371383      1          0
46             0              0         0 0.000000000     -1          1
47             0              0         0 0.000000000     -1          2
48             0              0         0 0.000000000     -1          2
49             0              0         0 0.000000000     -1          1
50             0              0         0 0.000000000     -1          1
51             0              0         0 0.000000000     -1          1
52             0              0         0 0.000000000     -1          2
53             0              0         0 0.000000000     -1          1
54             0              0         0 0.000000000     -1          2
55             0              0         0 0.000000000     -1          2
56             0              0         0 0.000000000     -1          1
57             0              0         0 0.000000000     -1          2
58             0              0         0 0.000000000     -1          1
59             0              0         0 0.000000000     -1          1
60             0              0         0 0.000000000     -1          2
61             0              0         0 0.000000000     -1          1
62             0              0         0 0.000000000     -1          2
63             0              0         0 0.000000000     -1          2
