   left daughter right daughter split var split point status prediction
1              2              3         2   0.2488208      1          0
2              4              5         1   0.9460446      1          0
3              6              7         2   0.7575988      1          0
4              8              9         1   0.1247547      1          0
5              0              0         0   0.0000000     -1          1
6             10             11         1   0.4774247      1          0
7             12             13         2   0.9528511      1          0
8              0              0         0   0.0000000     -1          1
9             14             15         1   0.1559369      1          0
10            16             17         1   0.3305218      1          0
11            18             19         2   0.2549072      1          0
12            20             21         1   0.5616596      1          0
13            22             23         2   0.9781624      1          0
14             0              0         0   0.0000000     -1          2
15            24             25         1   0.8709989      1          0
16            26             27         1   0.1490585      1          0
17            28             29         2   0.2553240      1          0
18             0              0         0   0.0000000     -1          2
19            30             31         1   0.9378750      1          0
20            32             33         1   0.4576390      1          0
21            34             35         1   0.7122790      1          0
22             0              0         0   0.0000000     -1          2
23            36             37         1   0.9046394      1          0
24            38             39         1   0.8504516      1          0
25             0              0         0   0.0000000     -1          1
26            40             41         2   0.2892891      1          0
27            42             43         1   0.2382314      1          0
28             0              0         0   0.0000000     -1          1
29            44             45         1   0.3327601      1          0
30            46             47         2   0.7056277      1          0
31            48             49         2   0.5569144      1          0
32            50             51         2   0.9519583      1          0
33             0              0         0   0.0000000     -1          1
34            52             53         2   0.8494245      1          0
35             0              0         0   0.0000000     -1          2
36             0              0         0   0.0000000     -1          2
37             0              0         0   0.0000000     -1          1
38            54             55         2   0.2209419      1          0
39             0              0         0   0.0000000     -1          2
40             0              0         0   0.0000000     -1          1
41            56             57         2   0.4832121      1          0
42            58             59         2   0.2692379      1          0
43             0              0         0   0.0000000     -1          2
44             0              0         0   0.0000000     -1          1
45            60             61         2   0.6057494      1          0
46            62             63         1   0.4956115      1          0
47             0              0         0   0.0000000     -1          1
48             0              0         0   0.0000000     -1          2
49             0              0         0   0.0000000     -1          1
50             0              0         0   0.0000000     -1          2
51             0              0         0   0.0000000     -1          1
52             0              0         0   0.0000000     -1          2
53             0              0         0   0.0000000     -1          2
54             0              0         0   0.0000000     -1          1
55             0              0         0   0.0000000     -1          1
56             0              0         0   0.0000000     -1          2
57             0              0         0   0.0000000     -1          2
58             0              0         0   0.0000000     -1          2
59             0              0         0   0.0000000     -1          2
60             0              0         0   0.0000000     -1          2
61             0              0         0   0.0000000     -1          2
62             0              0         0   0.0000000     -1          2
63             0              0         0   0.0000000     -1          1
