   left daughter right daughter split var split point status prediction
1              2              3         2 0.303219101      1          0
2              4              5         1 0.994750055      1          0
3              6              7         2 0.761882231      1          0
4              8              9         2 0.003912377      1          0
5              0              0         0 0.000000000     -1          2
6             10             11         1 0.499134468      1          0
7             12             13         1 0.253936351      1          0
8              0              0         0 0.000000000     -1          2
9             14             15         1 0.214511670      1          0
10            16             17         1 0.004027372      1          0
11            18             19         1 0.599289926      1          0
12            20             21         2 0.922718587      1          0
13            22             23         1 0.712371383      1          0
14            24             25         1 0.128549368      1          0
15            26             27         1 0.225661890      1          0
16             0              0         0 0.000000000     -1          1
17            28             29         2 0.523219523      1          0
18            30             31         1 0.596028326      1          0
19            32             33         1 0.894791874      1          0
20            34             35         1 0.195934758      1          0
21             0              0         0 0.000000000     -1          2
22            36             37         1 0.702242726      1          0
23            38             39         2 0.978162440      1          0
24            40             41         2 0.289289129      1          0
25             0              0         0 0.000000000     -1          1
26             0              0         0 0.000000000     -1          2
27            42             43         1 0.308422163      1          0
28            44             45         1 0.245621958      1          0
29            46             47         1 0.130425922      1          0
30            48             49         2 0.552269920      1          0
31             0              0         0 0.000000000     -1          2
32            50             51         1 0.747328317      1          0
33            52             53         1 0.898183745      1          0
34            54             55         2 0.918112035      1          0
35             0              0         0 0.000000000     -1          1
36            56             57         1 0.393333779      1          0
37             0              0         0 0.000000000     -1          1
38             0              0         0 0.000000000     -1          2
39             0              0         0 0.000000000     -1          2
40             0              0         0 0.000000000     -1          1
41             0              0         0 0.000000000     -1          2
42            58             59         2 0.272240174      1          0
43            60             61         1 0.911276913      1          0
44            62             63         2 0.372832155      1          0
45             0              0         0 0.000000000     -1          2
46             0              0         0 0.000000000     -1          2
47             0              0         0 0.000000000     -1          2
48             0              0         0 0.000000000     -1          1
49             0              0         0 0.000000000     -1          2
50             0              0         0 0.000000000     -1          1
51             0              0         0 0.000000000     -1          1
52             0              0         0 0.000000000     -1          2
53             0              0         0 0.000000000     -1          1
54             0              0         0 0.000000000     -1          2
55             0              0         0 0.000000000     -1          1
56             0              0         0 0.000000000     -1          2
57             0              0         0 0.000000000     -1          2
58             0              0         0 0.000000000     -1          1
59             0              0         0 0.000000000     -1          2
60             0              0         0 0.000000000     -1          1
61             0              0         0 0.000000000     -1          1
62             0              0         0 0.000000000     -1          2
63             0              0         0 0.000000000     -1          2
