   left daughter right daughter split var split point status prediction
1              2              3         1 0.455814192      1          0
2              4              5         2 0.287546763      1          0
3              6              7         2 0.724093636      1          0
4              8              9         2 0.008692156      1          0
5             10             11         1 0.452989067      1          0
6             12             13         1 0.548039201      1          0
7             14             15         1 0.507776137      1          0
8              0              0         0 0.000000000     -1          2
9             16             17         1 0.257881231      1          0
10            18             19         1 0.002908936      1          0
11             0              0         0 0.000000000     -1          2
12            20             21         1 0.496075080      1          0
13            22             23         2 0.542980825      1          0
14             0              0         0 0.000000000     -1          1
15            24             25         1 0.569558592      1          0
16            26             27         2 0.191122830      1          0
17            28             29         2 0.255323963      1          0
18             0              0         0 0.000000000     -1          2
19            30             31         1 0.329633948      1          0
20            32             33         1 0.468005298      1          0
21            34             35         1 0.513126137      1          0
22            36             37         1 0.946857183      1          0
23            38             39         1 0.581010433      1          0
24            40             41         1 0.566470343      1          0
25            42             43         1 0.827615395      1          0
26             0              0         0 0.000000000     -1          1
27            44             45         2 0.196291417      1          0
28            46             47         2 0.222916183      1          0
29             0              0         0 0.000000000     -1          2
30            48             49         1 0.272655484      1          0
31            50             51         2 0.545368478      1          0
32             0              0         0 0.000000000     -1          1
33            52             53         2 0.435532286      1          0
34             0              0         0 0.000000000     -1          1
35            54             55         2 0.529212602      1          0
36            56             57         1 0.660969715      1          0
37            58             59         1 0.960601519      1          0
38             0              0         0 0.000000000     -1          1
39             0              0         0 0.000000000     -1          1
40            60             61         1 0.521449463      1          0
41             0              0         0 0.000000000     -1          1
42            62             63         1 0.712279049      1          0
43             0              0         0 0.000000000     -1          2
44             0              0         0 0.000000000     -1          2
45             0              0         0 0.000000000     -1          1
46             0              0         0 0.000000000     -1          1
47             0              0         0 0.000000000     -1          1
48             0              0         0 0.000000000     -1          2
49             0              0         0 0.000000000     -1          2
50             0              0         0 0.000000000     -1          2
51             0              0         0 0.000000000     -1          2
52             0              0         0 0.000000000     -1          1
53             0              0         0 0.000000000     -1          2
54             0              0         0 0.000000000     -1          1
55             0              0         0 0.000000000     -1          2
56             0              0         0 0.000000000     -1          1
57             0              0         0 0.000000000     -1          1
58             0              0         0 0.000000000     -1          2
59             0              0         0 0.000000000     -1          1
60             0              0         0 0.000000000     -1          2
61             0              0         0 0.000000000     -1          2
62             0              0         0 0.000000000     -1          2
63             0              0         0 0.000000000     -1          2
