   left daughter right daughter split var split point status prediction
1              2              3         2 0.300370955      1          0
2              4              5         1 0.994750055      1          0
3              6              7         2 0.763142043      1          0
4              8              9         2 0.214598240      1          0
5              0              0         0 0.000000000     -1          2
6             10             11         2 0.546814575      1          0
7             12             13         1 0.524304078      1          0
8             14             15         1 0.128549368      1          0
9             16             17         2 0.222916183      1          0
10            18             19         2 0.315476308      1          0
11            20             21         1 0.600522277      1          0
12            22             23         2 0.951247762      1          0
13            24             25         1 0.610357242      1          0
14             0              0         0 0.000000000     -1          1
15            26             27         1 0.155936916      1          0
16             0              0         0 0.000000000     -1          2
17            28             29         1 0.183672499      1          0
18             0              0         0 0.000000000     -1          2
19            30             31         2 0.510670596      1          0
20            32             33         2 0.593185026      1          0
21            34             35         1 0.705237177      1          0
22            36             37         2 0.949998041      1          0
23             0              0         0 0.000000000     -1          2
24             0              0         0 0.000000000     -1          2
25            38             39         2 0.974581950      1          0
26             0              0         0 0.000000000     -1          2
27            40             41         2 0.004118478      1          0
28             0              0         0 0.000000000     -1          1
29            42             43         2 0.231858898      1          0
30            44             45         2 0.446093259      1          0
31            46             47         1 0.269513037      1          0
32             0              0         0 0.000000000     -1          2
33            48             49         1 0.202662219      1          0
34             0              0         0 0.000000000     -1          1
35            50             51         1 0.898183745      1          0
36            52             53         2 0.921239029      1          0
37             0              0         0 0.000000000     -1          1
38            54             55         1 0.613519454      1          0
39             0              0         0 0.000000000     -1          2
40             0              0         0 0.000000000     -1          1
41            56             57         1 0.300112667      1          0
42             0              0         0 0.000000000     -1          1
43            58             59         1 0.416312291      1          0
44            60             61         2 0.443564761      1          0
45            62             63         2 0.471461653      1          0
46             0              0         0 0.000000000     -1          2
47             0              0         0 0.000000000     -1          1
48             0              0         0 0.000000000     -1          2
49             0              0         0 0.000000000     -1          2
50             0              0         0 0.000000000     -1          1
51             0              0         0 0.000000000     -1          1
52             0              0         0 0.000000000     -1          2
53             0              0         0 0.000000000     -1          2
54             0              0         0 0.000000000     -1          1
55             0              0         0 0.000000000     -1          2
56             0              0         0 0.000000000     -1          1
57             0              0         0 0.000000000     -1          1
58             0              0         0 0.000000000     -1          2
59             0              0         0 0.000000000     -1          1
60             0              0         0 0.000000000     -1          1
61             0              0         0 0.000000000     -1          1
62             0              0         0 0.000000000     -1          2
63             0              0         0 0.000000000     -1          1
