   left daughter right daughter split var split point status prediction
1              2              3         2 0.303219101      1          0
2              4              5         1 0.990873172      1          0
3              6              7         2 0.761882231      1          0
4              8              9         1 0.214511670      1          0
5              0              0         0 0.000000000     -1          2
6             10             11         1 0.496167981      1          0
7             12             13         1 0.569558592      1          0
8              0              0         0 0.000000000     -1          1
9             14             15         1 0.377296002      1          0
10            16             17         1 0.037858137      1          0
11            18             19         1 0.579237530      1          0
12            20             21         2 0.936628955      1          0
13            22             23         2 0.978162440      1          0
14            24             25         2 0.221192683      1          0
15            26             27         1 0.692390475      1          0
16             0              0         0 0.000000000     -1          2
17            28             29         2 0.749891973      1          0
18            30             31         2 0.528840842      1          0
19            32             33         1 0.708699510      1          0
20            34             35         1 0.186175368      1          0
21             0              0         0 0.000000000     -1          2
22             0              0         0 0.000000000     -1          2
23             0              0         0 0.000000000     -1          2
24            36             37         1 0.362125079      1          0
25             0              0         0 0.000000000     -1          2
26            38             39         2 0.003912377      1          0
27            40             41         1 0.768187040      1          0
28            42             43         2 0.480560900      1          0
29             0              0         0 0.000000000     -1          1
30             0              0         0 0.000000000     -1          1
31             0              0         0 0.000000000     -1          2
32            44             45         1 0.706509077      1          0
33            46             47         1 0.786950619      1          0
34            48             49         1 0.052018141      1          0
35            50             51         1 0.265202211      1          0
36            52             53         1 0.257881231      1          0
37             0              0         0 0.000000000     -1          2
38             0              0         0 0.000000000     -1          2
39            54             55         2 0.038752472      1          0
40             0              0         0 0.000000000     -1          1
41            56             57         1 0.780872174      1          0
42            58             59         1 0.471715137      1          0
43            60             61         1 0.457620950      1          0
44            62             63         2 0.655956828      1          0
45             0              0         0 0.000000000     -1          2
46             0              0         0 0.000000000     -1          1
47             0              0         0 0.000000000     -1          1
48             0              0         0 0.000000000     -1          1
49             0              0         0 0.000000000     -1          2
50             0              0         0 0.000000000     -1          1
51             0              0         0 0.000000000     -1          2
52             0              0         0 0.000000000     -1          1
53             0              0         0 0.000000000     -1          1
54             0              0         0 0.000000000     -1          1
55             0              0         0 0.000000000     -1          1
56             0              0         0 0.000000000     -1          1
57             0              0         0 0.000000000     -1          1
58             0              0         0 0.000000000     -1          2
59             0              0         0 0.000000000     -1          1
60             0              0         0 0.000000000     -1          2
61             0              0         0 0.000000000     -1          2
62             0              0         0 0.000000000     -1          1
63             0              0         0 0.000000000     -1          2
