   left daughter right daughter split var split point status prediction
1              2              3         1  0.49343735      1          0
2              4              5         2  0.30138992      1          0
3              6              7         2  0.75759879      1          0
4              8              9         1  0.12854937      1          0
5             10             11         1  0.32834642      1          0
6             12             13         2  0.72409364      1          0
7             14             15         1  0.52144946      1          0
8             16             17         1  0.07985706      1          0
9             18             19         2  0.18701986      1          0
10            20             21         2  0.84999038      1          0
11            22             23         2  0.71175537      1          0
12            24             25         2  0.15135149      1          0
13            26             27         1  0.69569097      1          0
14             0              0         0  0.00000000     -1          1
15            28             29         2  0.87200548      1          0
16            30             31         2  0.26347035      1          0
17             0              0         0  0.00000000     -1          1
18            32             33         2  0.11802649      1          0
19            34             35         2  0.19868087      1          0
20            36             37         1  0.06085047      1          0
21            38             39         1  0.05743171      1          0
22            40             41         2  0.54484417      1          0
23            42             43         1  0.33300904      1          0
24            44             45         1  0.77449307      1          0
25            46             47         2  0.25753656      1          0
26             0              0         0  0.00000000     -1          2
27             0              0         0  0.00000000     -1          1
28            48             49         1  0.71227905      1          0
29             0              0         0  0.00000000     -1          2
30             0              0         0  0.00000000     -1          1
31             0              0         0  0.00000000     -1          1
32            50             51         2  0.11445785      1          0
33             0              0         0  0.00000000     -1          1
34             0              0         0  0.00000000     -1          2
35            52             53         1  0.37360146      1          0
36             0              0         0  0.00000000     -1          2
37            54             55         1  0.06343222      1          0
38             0              0         0  0.00000000     -1          2
39            56             57         2  0.85036451      1          0
40            58             59         1  0.33766600      1          0
41            60             61         1  0.38354645      1          0
42             0              0         0  0.00000000     -1          1
43            62             63         1  0.41756263      1          0
44             0              0         0  0.00000000     -1          1
45             0              0         0  0.00000000     -1          1
46             0              0         0  0.00000000     -1          1
47             0              0         0  0.00000000     -1          1
48             0              0         0  0.00000000     -1          2
49             0              0         0  0.00000000     -1          2
50             0              0         0  0.00000000     -1          1
51             0              0         0  0.00000000     -1          2
52             0              0         0  0.00000000     -1          2
53             0              0         0  0.00000000     -1          1
54             0              0         0  0.00000000     -1          1
55             0              0         0  0.00000000     -1          2
56             0              0         0  0.00000000     -1          1
57             0              0         0  0.00000000     -1          2
58             0              0         0  0.00000000     -1          1
59             0              0         0  0.00000000     -1          2
60             0              0         0  0.00000000     -1          2
61             0              0         0  0.00000000     -1          2
62             0              0         0  0.00000000     -1          2
63             0              0         0  0.00000000     -1          2
