   left daughter right daughter split var split point status prediction
1              2              3         1 0.550661972      1          0
2              4              5         2 0.284145706      1          0
3              6              7         1 0.869632693      1          0
4              8              9         2 0.261675519      1          0
5             10             11         1 0.521780915      1          0
6             12             13         1 0.609280934      1          0
7             14             15         1 0.996396203      1          0
8             16             17         1 0.527118767      1          0
9              0              0         0 0.000000000     -1          1
10            18             19         2 0.301389916      1          0
11            20             21         2 0.469718999      1          0
12            22             23         1 0.600402042      1          0
13            24             25         1 0.633274848      1          0
14            26             27         1 0.873144301      1          0
15             0              0         0 0.000000000     -1          2
16            28             29         2 0.010475637      1          0
17             0              0         0 0.000000000     -1          2
18             0              0         0 0.000000000     -1          2
19            30             31         2 0.803526130      1          0
20             0              0         0 0.000000000     -1          1
21             0              0         0 0.000000000     -1          2
22            32             33         1 0.561903981      1          0
23             0              0         0 0.000000000     -1          2
24             0              0         0 0.000000000     -1          1
25            34             35         1 0.635505518      1          0
26             0              0         0 0.000000000     -1          2
27            36             37         1 0.986189228      1          0
28             0              0         0 0.000000000     -1          1
29            38             39         2 0.187019858      1          0
30            40             41         1 0.005317933      1          0
31            42             43         1 0.057431707      1          0
32             0              0         0 0.000000000     -1          1
33            44             45         1 0.563617599      1          0
34             0              0         0 0.000000000     -1          2
35            46             47         1 0.855201614      1          0
36            48             49         2 0.750488432      1          0
37             0              0         0 0.000000000     -1          1
38            50             51         1 0.257881231      1          0
39            52             53         1 0.305532225      1          0
40             0              0         0 0.000000000     -1          1
41            54             55         1 0.329985894      1          0
42             0              0         0 0.000000000     -1          2
43            56             57         2 0.860954788      1          0
44             0              0         0 0.000000000     -1          2
45            58             59         1 0.567517043      1          0
46            60             61         2 0.725070376      1          0
47             0              0         0 0.000000000     -1          1
48            62             63         1 0.921570447      1          0
49             0              0         0 0.000000000     -1          2
50             0              0         0 0.000000000     -1          1
51             0              0         0 0.000000000     -1          1
52             0              0         0 0.000000000     -1          1
53             0              0         0 0.000000000     -1          1
54             0              0         0 0.000000000     -1          2
55             0              0         0 0.000000000     -1          2
56             0              0         0 0.000000000     -1          2
57             0              0         0 0.000000000     -1          2
58             0              0         0 0.000000000     -1          1
59             0              0         0 0.000000000     -1          1
60             0              0         0 0.000000000     -1          1
61             0              0         0 0.000000000     -1          2
62             0              0         0 0.000000000     -1          1
63             0              0         0 0.000000000     -1          1
