   left daughter right daughter split var split point status prediction
1              2              3         2 0.304315227      1          0
2              4              5         2 0.237547462      1          0
3              6              7         1 0.547360852      1          0
4              8              9         2 0.068125180      1          0
5             10             11         2 0.254426600      1          0
6             12             13         2 0.415829639      1          0
7             14             15         1 0.988741437      1          0
8             16             17         2 0.003912377      1          0
9             18             19         2 0.071134747      1          0
10             0              0         0 0.000000000     -1          2
11            20             21         2 0.276579757      1          0
12            22             23         1 0.475565230      1          0
13            24             25         1 0.453037116      1          0
14            26             27         1 0.765142277      1          0
15             0              0         0 0.000000000     -1          2
16             0              0         0 0.000000000     -1          1
17            28             29         1 0.540620581      1          0
18             0              0         0 0.000000000     -1          2
19            30             31         1 0.993821938      1          0
20             0              0         0 0.000000000     -1          1
21            32             33         2 0.278083964      1          0
22            34             35         2 0.387468476      1          0
23             0              0         0 0.000000000     -1          1
24            36             37         1 0.074562581      1          0
25            38             39         1 0.465386133      1          0
26            40             41         2 0.704288928      1          0
27            42             43         1 0.959485940      1          0
28            44             45         2 0.043277372      1          0
29             0              0         0 0.000000000     -1          1
30            46             47         2 0.154500819      1          0
31             0              0         0 0.000000000     -1          2
32             0              0         0 0.000000000     -1          2
33            48             49         1 0.475505865      1          0
34            50             51         2 0.372119367      1          0
35             0              0         0 0.000000000     -1          2
36             0              0         0 0.000000000     -1          2
37            52             53         1 0.080765363      1          0
38             0              0         0 0.000000000     -1          1
39            54             55         2 0.514600354      1          0
40            56             57         1 0.661086829      1          0
41            58             59         2 0.870698559      1          0
42            60             61         2 0.764879048      1          0
43             0              0         0 0.000000000     -1          1
44             0              0         0 0.000000000     -1          1
45            62             63         2 0.049337889      1          0
46             0              0         0 0.000000000     -1          1
47             0              0         0 0.000000000     -1          1
48             0              0         0 0.000000000     -1          2
49             0              0         0 0.000000000     -1          1
50             0              0         0 0.000000000     -1          2
51             0              0         0 0.000000000     -1          2
52             0              0         0 0.000000000     -1          1
53             0              0         0 0.000000000     -1          2
54             0              0         0 0.000000000     -1          1
55             0              0         0 0.000000000     -1          2
56             0              0         0 0.000000000     -1          1
57             0              0         0 0.000000000     -1          1
58             0              0         0 0.000000000     -1          2
59             0              0         0 0.000000000     -1          2
60             0              0         0 0.000000000     -1          1
61             0              0         0 0.000000000     -1          2
62             0              0         0 0.000000000     -1          2
63             0              0         0 0.000000000     -1          1
