   left daughter right daughter split var split point status prediction
1              2              3         1 0.495906519      1          0
2              4              5         1 0.113496854      1          0
3              6              7         2 0.765596781      1          0
4              8              9         2 0.295050349      1          0
5             10             11         1 0.175143954      1          0
6             12             13         2 0.724093636      1          0
7             14             15         2 0.925634124      1          0
8              0              0         0 0.000000000     -1          1
9             16             17         1 0.002908936      1          0
10            18             19         1 0.129942297      1          0
11            20             21         1 0.179029997      1          0
12            22             23         1 0.923498449      1          0
13            24             25         1 0.788758865      1          0
14            26             27         1 0.569995105      1          0
15             0              0         0 0.000000000     -1          2
16             0              0         0 0.000000000     -1          1
17            28             29         1 0.109405364      1          0
18             0              0         0 0.000000000     -1          2
19            30             31         1 0.149275848      1          0
20             0              0         0 0.000000000     -1          1
21            32             33         1 0.452471648      1          0
22            34             35         1 0.559853055      1          0
23            36             37         1 0.931967768      1          0
24             0              0         0 0.000000000     -1          2
25             0              0         0 0.000000000     -1          1
26             0              0         0 0.000000000     -1          1
27            38             39         1 0.712279049      1          0
28            40             41         1 0.075981759      1          0
29             0              0         0 0.000000000     -1          1
30             0              0         0 0.000000000     -1          2
31            42             43         1 0.152498971      1          0
32            44             45         2 0.258628764      1          0
33            46             47         1 0.483996326      1          0
34            48             49         1 0.506431788      1          0
35            50             51         2 0.018648323      1          0
36             0              0         0 0.000000000     -1          2
37            52             53         1 0.996968284      1          0
38            54             55         1 0.698837603      1          0
39             0              0         0 0.000000000     -1          2
40            56             57         1 0.075012331      1          0
41             0              0         0 0.000000000     -1          2
42             0              0         0 0.000000000     -1          1
43            58             59         1 0.166206896      1          0
44            60             61         2 0.192287317      1          0
45            62             63         2 0.545368478      1          0
46             0              0         0 0.000000000     -1          1
47             0              0         0 0.000000000     -1          2
48             0              0         0 0.000000000     -1          1
49             0              0         0 0.000000000     -1          1
50             0              0         0 0.000000000     -1          2
51             0              0         0 0.000000000     -1          1
52             0              0         0 0.000000000     -1          1
53             0              0         0 0.000000000     -1          2
54             0              0         0 0.000000000     -1          2
55             0              0         0 0.000000000     -1          1
56             0              0         0 0.000000000     -1          2
57             0              0         0 0.000000000     -1          1
58             0              0         0 0.000000000     -1          2
59             0              0         0 0.000000000     -1          2
60             0              0         0 0.000000000     -1          1
61             0              0         0 0.000000000     -1          1
62             0              0         0 0.000000000     -1          2
63             0              0         0 0.000000000     -1          2
