   left daughter right daughter split var split point status prediction
1              2              3         1  0.54736085      1          0
2              4              5         1  0.44542795      1          0
3              6              7         2  0.76183457      1          0
4              8              9         1  0.12082219      1          0
5             10             11         2  0.41628927      1          0
6             12             13         2  0.72751942      1          0
7             14             15         1  0.56165956      1          0
8             16             17         2  0.30277680      1          0
9             18             19         1  0.17514395      1          0
10            20             21         1  0.52711877      1          0
11            22             23         2  0.71175537      1          0
12            24             25         2  0.24223516      1          0
13             0              0         0  0.00000000     -1          1
14             0              0         0  0.00000000     -1          1
15            26             27         1  0.56999511      1          0
16            28             29         2  0.28516445      1          0
17            30             31         1  0.03496097      1          0
18            32             33         2  0.28054172      1          0
19            34             35         1  0.18288769      1          0
20            36             37         2  0.35294866      1          0
21             0              0         0  0.00000000     -1          2
22            38             39         1  0.51231417      1          0
23            40             41         1  0.47368065      1          0
24            42             43         1  0.99641543      1          0
25            44             45         1  0.92286781      1          0
26             0              0         0  0.00000000     -1          2
27            46             47         2  0.87076234      1          0
28             0              0         0  0.00000000     -1          1
29             0              0         0  0.00000000     -1          1
30             0              0         0  0.00000000     -1          2
31            48             49         2  0.59021308      1          0
32             0              0         0  0.00000000     -1          1
33            50             51         1  0.14121559      1          0
34             0              0         0  0.00000000     -1          1
35            52             53         1  0.35709809      1          0
36            54             55         2  0.13336160      1          0
37             0              0         0  0.00000000     -1          1
38             0              0         0  0.00000000     -1          2
39             0              0         0  0.00000000     -1          2
40             0              0         0  0.00000000     -1          2
41            56             57         2  0.90939526      1          0
42            58             59         2  0.21179972      1          0
43             0              0         0  0.00000000     -1          2
44            60             61         1  0.70691421      1          0
45            62             63         1  0.92511052      1          0
46             0              0         0  0.00000000     -1          2
47             0              0         0  0.00000000     -1          2
48             0              0         0  0.00000000     -1          2
49             0              0         0  0.00000000     -1          2
50             0              0         0  0.00000000     -1          2
51             0              0         0  0.00000000     -1          2
52             0              0         0  0.00000000     -1          2
53             0              0         0  0.00000000     -1          2
54             0              0         0  0.00000000     -1          1
55             0              0         0  0.00000000     -1          1
56             0              0         0  0.00000000     -1          2
57             0              0         0  0.00000000     -1          2
58             0              0         0  0.00000000     -1          1
59             0              0         0  0.00000000     -1          1
60             0              0         0  0.00000000     -1          1
61             0              0         0  0.00000000     -1          1
62             0              0         0  0.00000000     -1          2
63             0              0         0  0.00000000     -1          1
