   left daughter right daughter split var split point status prediction
1              2              3         1  0.49453525      1          0
2              4              5         1  0.04996262      1          0
3              6              7         1  0.99276157      1          0
4              8              9         2  0.51273067      1          0
5             10             11         2  0.24649169      1          0
6             12             13         1  0.58202749      1          0
7              0              0         0  0.00000000     -1          2
8             14             15         2  0.39417431      1          0
9              0              0         0  0.00000000     -1          2
10            16             17         1  0.25263370      1          0
11            18             19         2  0.29929596      1          0
12            20             21         2  0.52347843      1          0
13            22             23         2  0.75759879      1          0
14             0              0         0  0.00000000     -1          1
15             0              0         0  0.00000000     -1          1
16             0              0         0  0.00000000     -1          1
17            24             25         1  0.29710661      1          0
18            26             27         2  0.26567144      1          0
19            28             29         2  0.87233991      1          0
20            30             31         1  0.52789156      1          0
21            32             33         1  0.49509169      1          0
22            34             35         1  0.66023785      1          0
23            36             37         2  0.87076234      1          0
24             0              0         0  0.00000000     -1          2
25            38             39         1  0.39782990      1          0
26             0              0         0  0.00000000     -1          2
27             0              0         0  0.00000000     -1          1
28            40             41         2  0.84999038      1          0
29            42             43         1  0.29753356      1          0
30             0              0         0  0.00000000     -1          1
31            44             45         2  0.06343094      1          0
32             0              0         0  0.00000000     -1          1
33            46             47         2  0.80873754      1          0
34            48             49         1  0.59867832      1          0
35            50             51         2  0.21665931      1          0
36             0              0         0  0.00000000     -1          2
37            52             53         2  0.87200548      1          0
38            54             55         1  0.38910146      1          0
39            56             57         2  0.12855450      1          0
40            58             59         2  0.62072811      1          0
41             0              0         0  0.00000000     -1          2
42            60             61         2  0.93662896      1          0
43             0              0         0  0.00000000     -1          2
44             0              0         0  0.00000000     -1          2
45            62             63         2  0.46216619      1          0
46             0              0         0  0.00000000     -1          2
47             0              0         0  0.00000000     -1          2
48             0              0         0  0.00000000     -1          1
49             0              0         0  0.00000000     -1          1
50             0              0         0  0.00000000     -1          1
51             0              0         0  0.00000000     -1          1
52             0              0         0  0.00000000     -1          1
53             0              0         0  0.00000000     -1          2
54             0              0         0  0.00000000     -1          1
55             0              0         0  0.00000000     -1          2
56             0              0         0  0.00000000     -1          1
57             0              0         0  0.00000000     -1          1
58             0              0         0  0.00000000     -1          2
59             0              0         0  0.00000000     -1          2
60             0              0         0  0.00000000     -1          2
61             0              0         0  0.00000000     -1          2
62             0              0         0  0.00000000     -1          1
63             0              0         0  0.00000000     -1          2
