   left daughter right daughter split var split point status prediction
1              2              3         2  0.30037096      1          0
2              4              5         1  0.99475005      1          0
3              6              7         1  0.45303712      1          0
4              8              9         2  0.04522296      1          0
5              0              0         0  0.00000000     -1          2
6             10             11         2  0.37077363      1          0
7             12             13         2  0.75759879      1          0
8             14             15         1  0.78947775      1          0
9             16             17         1  0.65417236      1          0
10             0              0         0  0.00000000     -1          2
11            18             19         2  0.37283215      1          0
12            20             21         2  0.46129803      1          0
13            22             23         2  0.92812604      1          0
14            24             25         1  0.76115276      1          0
15             0              0         0  0.00000000     -1          1
16            26             27         2  0.18137723      1          0
17            28             29         2  0.08584165      1          0
18             0              0         0  0.00000000     -1          1
19            30             31         2  0.54039472      1          0
20            32             33         2  0.35086018      1          0
21            34             35         1  0.58071482      1          0
22            36             37         1  0.62578328      1          0
23            38             39         1  0.47741818      1          0
24            40             41         1  0.28291618      1          0
25             0              0         0  0.00000000     -1          2
26            42             43         1  0.27821175      1          0
27            44             45         2  0.19606787      1          0
28             0              0         0  0.00000000     -1          1
29            46             47         2  0.09126352      1          0
30            48             49         2  0.50911495      1          0
31            50             51         1  0.33855372      1          0
32             0              0         0  0.00000000     -1          1
33            52             53         1  0.95826654      1          0
34            54             55         2  0.70786866      1          0
35            56             57         1  0.92252631      1          0
36            58             59         1  0.45581419      1          0
37            60             61         1  0.97929803      1          0
38             0              0         0  0.00000000     -1          2
39            62             63         1  0.90463943      1          0
40             0              0         0  0.00000000     -1          1
41             0              0         0  0.00000000     -1          1
42             0              0         0  0.00000000     -1          1
43             0              0         0  0.00000000     -1          1
44             0              0         0  0.00000000     -1          1
45             0              0         0  0.00000000     -1          1
46             0              0         0  0.00000000     -1          2
47             0              0         0  0.00000000     -1          1
48             0              0         0  0.00000000     -1          2
49             0              0         0  0.00000000     -1          2
50             0              0         0  0.00000000     -1          2
51             0              0         0  0.00000000     -1          2
52             0              0         0  0.00000000     -1          1
53             0              0         0  0.00000000     -1          2
54             0              0         0  0.00000000     -1          2
55             0              0         0  0.00000000     -1          1
56             0              0         0  0.00000000     -1          1
57             0              0         0  0.00000000     -1          1
58             0              0         0  0.00000000     -1          2
59             0              0         0  0.00000000     -1          1
60             0              0         0  0.00000000     -1          2
61             0              0         0  0.00000000     -1          1
62             0              0         0  0.00000000     -1          2
63             0              0         0  0.00000000     -1          2
