   left daughter right daughter split var split point status prediction
1              2              3         1 0.495906519      1          0
2              4              5         2 0.261675519      1          0
3              6              7         1 0.950763299      1          0
4              8              9         1 0.252303788      1          0
5             10             11         2 0.545864114      1          0
6             12             13         1 0.694195832      1          0
7             14             15         1 0.961978619      1          0
8             16             17         2 0.192699410      1          0
9             18             19         1 0.268219330      1          0
10            20             21         1 0.040284596      1          0
11            22             23         1 0.187479857      1          0
12            24             25         2 0.547316796      1          0
13            26             27         1 0.708294572      1          0
14             0              0         0 0.000000000     -1          2
15            28             29         2 0.760913174      1          0
16             0              0         0 0.000000000     -1          1
17             0              0         0 0.000000000     -1          1
18             0              0         0 0.000000000     -1          2
19            30             31         2 0.008692156      1          0
20             0              0         0 0.000000000     -1          1
21            32             33         2 0.509114948      1          0
22            34             35         1 0.098700738      1          0
23            36             37         1 0.189810455      1          0
24            38             39         1 0.659815042      1          0
25            40             41         1 0.624208911      1          0
26             0              0         0 0.000000000     -1          1
27            42             43         2 0.757598792      1          0
28            44             45         1 0.996415429      1          0
29             0              0         0 0.000000000     -1          2
30             0              0         0 0.000000000     -1          2
31            46             47         2 0.249695671      1          0
32            48             49         1 0.474221576      1          0
33            50             51         2 0.516122951      1          0
34             0              0         0 0.000000000     -1          2
35            52             53         2 0.590271934      1          0
36             0              0         0 0.000000000     -1          1
37            54             55         2 0.599223437      1          0
38            56             57         1 0.599289926      1          0
39            58             59         2 0.151559678      1          0
40            60             61         2 0.927993685      1          0
41            62             63         1 0.654660994      1          0
42             0              0         0 0.000000000     -1          1
43             0              0         0 0.000000000     -1          2
44             0              0         0 0.000000000     -1          1
45             0              0         0 0.000000000     -1          2
46             0              0         0 0.000000000     -1          1
47             0              0         0 0.000000000     -1          2
48             0              0         0 0.000000000     -1          2
49             0              0         0 0.000000000     -1          1
50             0              0         0 0.000000000     -1          1
51             0              0         0 0.000000000     -1          2
52             0              0         0 0.000000000     -1          2
53             0              0         0 0.000000000     -1          2
54             0              0         0 0.000000000     -1          2
55             0              0         0 0.000000000     -1          2
56             0              0         0 0.000000000     -1          1
57             0              0         0 0.000000000     -1          1
58             0              0         0 0.000000000     -1          1
59             0              0         0 0.000000000     -1          2
60             0              0         0 0.000000000     -1          2
61             0              0         0 0.000000000     -1          2
62             0              0         0 0.000000000     -1          2
63             0              0         0 0.000000000     -1          2
