   left daughter right daughter split var split point status prediction
1              2              3         2 0.304315227      1          0
2              4              5         2 0.276117883      1          0
3              6              7         2 0.761834574      1          0
4              8              9         2 0.003912377      1          0
5             10             11         1 0.497260557      1          0
6             12             13         2 0.747559026      1          0
7             14             15         2 0.801294506      1          0
8              0              0         0 0.000000000     -1          2
9             16             17         2 0.115870350      1          0
10             0              0         0 0.000000000     -1          2
11            18             19         1 0.691307557      1          0
12            20             21         1 0.496167981      1          0
13             0              0         0 0.000000000     -1          1
14             0              0         0 0.000000000     -1          2
15            22             23         1 0.567272205      1          0
16            24             25         2 0.032067251      1          0
17            26             27         2 0.132877185      1          0
18             0              0         0 0.000000000     -1          1
19             0              0         0 0.000000000     -1          1
20            28             29         1 0.271100302      1          0
21            30             31         2 0.727519419      1          0
22            32             33         1 0.555316403      1          0
23            34             35         1 0.923397770      1          0
24            36             37         2 0.008010464      1          0
25            38             39         2 0.035053027      1          0
26             0              0         0 0.000000000     -1          1
27            40             41         1 0.994750055      1          0
28            42             43         2 0.581246230      1          0
29            44             45         2 0.516378739      1          0
30            46             47         2 0.463261368      1          0
31             0              0         0 0.000000000     -1          2
32            48             49         2 0.805723904      1          0
33             0              0         0 0.000000000     -1          1
34            50             51         1 0.712371383      1          0
35             0              0         0 0.000000000     -1          2
36             0              0         0 0.000000000     -1          1
37             0              0         0 0.000000000     -1          1
38             0              0         0 0.000000000     -1          2
39            52             53         1 0.256320330      1          0
40            54             55         1 0.128254348      1          0
41             0              0         0 0.000000000     -1          2
42            56             57         1 0.040284596      1          0
43             0              0         0 0.000000000     -1          2
44            58             59         1 0.277695233      1          0
45            60             61         1 0.421034494      1          0
46            62             63         1 0.931118957      1          0
47             0              0         0 0.000000000     -1          1
48             0              0         0 0.000000000     -1          1
49             0              0         0 0.000000000     -1          2
50             0              0         0 0.000000000     -1          2
51             0              0         0 0.000000000     -1          2
52             0              0         0 0.000000000     -1          1
53             0              0         0 0.000000000     -1          1
54             0              0         0 0.000000000     -1          1
55             0              0         0 0.000000000     -1          1
56             0              0         0 0.000000000     -1          2
57             0              0         0 0.000000000     -1          2
58             0              0         0 0.000000000     -1          1
59             0              0         0 0.000000000     -1          2
60             0              0         0 0.000000000     -1          2
61             0              0         0 0.000000000     -1          2
62             0              0         0 0.000000000     -1          1
63             0              0         0 0.000000000     -1          1
