   left daughter right daughter split var split point status prediction
1              2              3         2 0.677764142      1          0
2              4              5         2 0.248820789      1          0
3              6              7         2 0.761882231      1          0
4              8              9         1 0.257881231      1          0
5             10             11         1 0.496763764      1          0
6             12             13         2 0.747559026      1          0
7             14             15         1 0.571222640      1          0
8              0              0         0 0.000000000     -1          1
9             16             17         2 0.008010464      1          0
10            18             19         2 0.301812673      1          0
11            20             21         2 0.253660860      1          0
12            22             23         1 0.673416588      1          0
13             0              0         0 0.000000000     -1          1
14            24             25         1 0.455814192      1          0
15             0              0         0 0.000000000     -1          2
16             0              0         0 0.000000000     -1          2
17            26             27         1 0.280463947      1          0
18            28             29         2 0.278083964      1          0
19            30             31         2 0.480560900      1          0
20             0              0         0 0.000000000     -1          2
21            32             33         1 0.548238201      1          0
22            34             35         2 0.715415409      1          0
23             0              0         0 0.000000000     -1          1
24            36             37         2 0.921239029      1          0
25            38             39         1 0.477418178      1          0
26             0              0         0 0.000000000     -1          2
27            40             41         1 0.996726380      1          0
28            42             43         1 0.245622780      1          0
29             0              0         0 0.000000000     -1          1
30            44             45         2 0.408983329      1          0
31            46             47         2 0.545864114      1          0
32            48             49         1 0.540010029      1          0
33            50             51         2 0.659496857      1          0
34             0              0         0 0.000000000     -1          2
35            52             53         2 0.715643330      1          0
36            54             55         2 0.920586986      1          0
37             0              0         0 0.000000000     -1          2
38             0              0         0 0.000000000     -1          1
39            56             57         1 0.567713383      1          0
40            58             59         2 0.158052530      1          0
41             0              0         0 0.000000000     -1          2
42             0              0         0 0.000000000     -1          1
43             0              0         0 0.000000000     -1          2
44            60             61         2 0.403341232      1          0
45             0              0         0 0.000000000     -1          2
46            62             63         1 0.468683937      1          0
47             0              0         0 0.000000000     -1          2
48             0              0         0 0.000000000     -1          1
49             0              0         0 0.000000000     -1          2
50             0              0         0 0.000000000     -1          1
51             0              0         0 0.000000000     -1          1
52             0              0         0 0.000000000     -1          1
53             0              0         0 0.000000000     -1          2
54             0              0         0 0.000000000     -1          2
55             0              0         0 0.000000000     -1          1
56             0              0         0 0.000000000     -1          2
57             0              0         0 0.000000000     -1          1
58             0              0         0 0.000000000     -1          1
59             0              0         0 0.000000000     -1          1
60             0              0         0 0.000000000     -1          2
61             0              0         0 0.000000000     -1          1
62             0              0         0 0.000000000     -1          1
63             0              0         0 0.000000000     -1          2
