   left daughter right daughter split var split point status prediction
1              2              3         2   0.2992960      1          0
2              4              5         1   0.9908732      1          0
3              6              7         2   0.7618346      1          0
4              8              9         1   0.1282543      1          0
5              0              0         0   0.0000000     -1          2
6             10             11         1   0.4982393      1          0
7             12             13         2   0.9528511      1          0
8              0              0         0   0.0000000     -1          1
9             14             15         2   0.1693862      1          0
10            16             17         1   0.1974762      1          0
11            18             19         1   0.6063278      1          0
12            20             21         1   0.6230116      1          0
13             0              0         0   0.0000000     -1          2
14            22             23         2   0.1315818      1          0
15            24             25         1   0.8628444      1          0
16            26             27         1   0.1413089      1          0
17            28             29         2   0.7175492      1          0
18            30             31         1   0.5606435      1          0
19            32             33         2   0.6999821      1          0
20            34             35         2   0.9519183      1          0
21            36             37         1   0.7122790      1          0
22            38             39         2   0.1292572      1          0
23             0              0         0   0.0000000     -1          1
24            40             41         1   0.3233800      1          0
25             0              0         0   0.0000000     -1          2
26            42             43         2   0.5097317      1          0
27             0              0         0   0.0000000     -1          2
28            44             45         2   0.6457055      1          0
29             0              0         0   0.0000000     -1          1
30            46             47         2   0.5345750      1          0
31             0              0         0   0.0000000     -1          2
32            48             49         2   0.3124079      1          0
33            50             51         1   0.7568028      1          0
34            52             53         1   0.6103572      1          0
35             0              0         0   0.0000000     -1          1
36             0              0         0   0.0000000     -1          2
37             0              0         0   0.0000000     -1          2
38            54             55         1   0.5283806      1          0
39             0              0         0   0.0000000     -1          2
40            56             57         1   0.2511413      1          0
41            58             59         1   0.7594230      1          0
42            60             61         1   0.0457160      1          0
43            62             63         1   0.1405411      1          0
44             0              0         0   0.0000000     -1          2
45             0              0         0   0.0000000     -1          2
46             0              0         0   0.0000000     -1          1
47             0              0         0   0.0000000     -1          2
48             0              0         0   0.0000000     -1          2
49             0              0         0   0.0000000     -1          1
50             0              0         0   0.0000000     -1          2
51             0              0         0   0.0000000     -1          1
52             0              0         0   0.0000000     -1          2
53             0              0         0   0.0000000     -1          1
54             0              0         0   0.0000000     -1          1
55             0              0         0   0.0000000     -1          1
56             0              0         0   0.0000000     -1          1
57             0              0         0   0.0000000     -1          2
58             0              0         0   0.0000000     -1          1
59             0              0         0   0.0000000     -1          1
60             0              0         0   0.0000000     -1          2
61             0              0         0   0.0000000     -1          2
62             0              0         0   0.0000000     -1          2
63             0              0         0   0.0000000     -1          1
