   left daughter right daughter split var split point status prediction
1              2              3         2 0.290882231      1          0
2              4              5         2 0.180603776      1          0
3              6              7         1 0.547360852      1          0
4              8              9         2 0.008010464      1          0
5             10             11         2 0.183664757      1          0
6             12             13         1 0.453037116      1          0
7             14             15         1 0.973572414      1          0
8              0              0         0 0.000000000     -1          2
9             16             17         1 0.992849497      1          0
10             0              0         0 0.000000000     -1          2
11            18             19         2 0.196067866      1          0
12            20             21         2 0.372119367      1          0
13            22             23         2 0.453577237      1          0
14            24             25         2 0.762048261      1          0
15            26             27         2 0.863724040      1          0
16            28             29         2 0.154978158      1          0
17             0              0         0 0.000000000     -1          2
18            30             31         1 0.687515338      1          0
19            32             33         1 0.991845613      1          0
20             0              0         0 0.000000000     -1          2
21            34             35         2 0.407528831      1          0
22             0              0         0 0.000000000     -1          1
23            36             37         1 0.453632689      1          0
24            38             39         1 0.957391962      1          0
25            40             41         1 0.623011555      1          0
26             0              0         0 0.000000000     -1          1
27             0              0         0 0.000000000     -1          2
28            42             43         2 0.154500819      1          0
29             0              0         0 0.000000000     -1          1
30             0              0         0 0.000000000     -1          2
31             0              0         0 0.000000000     -1          1
32            44             45         1 0.197657480      1          0
33             0              0         0 0.000000000     -1          2
34            46             47         2 0.403282506      1          0
35            48             49         1 0.349480023      1          0
36             0              0         0 0.000000000     -1          1
37            50             51         1 0.471825597      1          0
38            52             53         2 0.503310180      1          0
39             0              0         0 0.000000000     -1          2
40            54             55         1 0.610357242      1          0
41             0              0         0 0.000000000     -1          2
42            56             57         1 0.478166740      1          0
43             0              0         0 0.000000000     -1          2
44             0              0         0 0.000000000     -1          1
45            58             59         1 0.309738971      1          0
46             0              0         0 0.000000000     -1          2
47             0              0         0 0.000000000     -1          1
48            60             61         1 0.329985894      1          0
49            62             63         2 0.545368478      1          0
50             0              0         0 0.000000000     -1          2
51             0              0         0 0.000000000     -1          2
52             0              0         0 0.000000000     -1          1
53             0              0         0 0.000000000     -1          1
54             0              0         0 0.000000000     -1          2
55             0              0         0 0.000000000     -1          1
56             0              0         0 0.000000000     -1          1
57             0              0         0 0.000000000     -1          1
58             0              0         0 0.000000000     -1          2
59             0              0         0 0.000000000     -1          1
60             0              0         0 0.000000000     -1          2
61             0              0         0 0.000000000     -1          1
62             0              0         0 0.000000000     -1          2
63             0              0         0 0.000000000     -1          2
