   left daughter right daughter split var split point status prediction
1              2              3         1   0.4767989      1          0
2              4              5         1   0.1299423      1          0
3              6              7         1   0.5747451      1          0
4              8              9         1   0.1083647      1          0
5             10             11         1   0.1756616      1          0
6             12             13         2   0.4697190      1          0
7             14             15         2   0.7575988      1          0
8             16             17         2   0.2892891      1          0
9             18             19         2   0.5624759      1          0
10            20             21         2   0.2432172      1          0
11            22             23         1   0.1786048      1          0
12            24             25         1   0.5278916      1          0
13            26             27         2   0.9165887      1          0
14            28             29         1   0.9952863      1          0
15            30             31         1   0.7188819      1          0
16             0              0         0   0.0000000     -1          1
17            32             33         2   0.3082460      1          0
18             0              0         0   0.0000000     -1          1
19             0              0         0   0.0000000     -1          2
20             0              0         0   0.0000000     -1          2
21            34             35         1   0.1412156      1          0
22             0              0         0   0.0000000     -1          1
23            36             37         1   0.4187859      1          0
24            38             39         1   0.4809447      1          0
25            40             41         1   0.5298068      1          0
26            42             43         1   0.5473609      1          0
27             0              0         0   0.0000000     -1          2
28            44             45         1   0.8958421      1          0
29             0              0         0   0.0000000     -1          2
30            46             47         1   0.7101153      1          0
31             0              0         0   0.0000000     -1          2
32             0              0         0   0.0000000     -1          2
33            48             49         2   0.8608509      1          0
34             0              0         0   0.0000000     -1          2
35             0              0         0   0.0000000     -1          2
36            50             51         2   0.2595711      1          0
37            52             53         2   0.3237603      1          0
38             0              0         0   0.0000000     -1          1
39             0              0         0   0.0000000     -1          1
40             0              0         0   0.0000000     -1          2
41            54             55         2   0.2189217      1          0
42            56             57         2   0.8901263      1          0
43             0              0         0   0.0000000     -1          2
44            58             59         1   0.8384059      1          0
45            60             61         2   0.6980522      1          0
46             0              0         0   0.0000000     -1          2
47             0              0         0   0.0000000     -1          1
48            62             63         2   0.5943899      1          0
49             0              0         0   0.0000000     -1          2
50             0              0         0   0.0000000     -1          1
51             0              0         0   0.0000000     -1          2
52             0              0         0   0.0000000     -1          1
53             0              0         0   0.0000000     -1          2
54             0              0         0   0.0000000     -1          2
55             0              0         0   0.0000000     -1          1
56             0              0         0   0.0000000     -1          2
57             0              0         0   0.0000000     -1          1
58             0              0         0   0.0000000     -1          1
59             0              0         0   0.0000000     -1          1
60             0              0         0   0.0000000     -1          1
61             0              0         0   0.0000000     -1          2
62             0              0         0   0.0000000     -1          2
63             0              0         0   0.0000000     -1          2
