   left daughter right daughter split var split point status prediction
1              2              3         1  0.49453525      1          0
2              4              5         2  0.30277680      1          0
3              6              7         2  0.72409364      1          0
4              8              9         1  0.12854937      1          0
5             10             11         1  0.18747986      1          0
6             12             13         1  0.99696828      1          0
7             14             15         1  0.49884998      1          0
8             16             17         2  0.28896427      1          0
9             18             19         1  0.37729600      1          0
10            20             21         1  0.05201814      1          0
11            22             23         2  0.31772043      1          0
12            24             25         2  0.52179320      1          0
13             0              0         0  0.00000000     -1          2
14             0              0         0  0.00000000     -1          1
15            26             27         2  0.75555656      1          0
16             0              0         0  0.00000000     -1          1
17             0              0         0  0.00000000     -1          1
18            28             29         1  0.14206940      1          0
19            30             31         1  0.47916127      1          0
20            32             33         2  0.39417431      1          0
21            34             35         2  0.58445706      1          0
22             0              0         0  0.00000000     -1          1
23            36             37         2  0.40752883      1          0
24            38             39         2  0.01982702      1          0
25            40             41         2  0.58100609      1          0
26             0              0         0  0.00000000     -1          2
27            42             43         2  0.92452567      1          0
28             0              0         0  0.00000000     -1          2
29            44             45         1  0.35989147      1          0
30            46             47         2  0.28479906      1          0
31             0              0         0  0.00000000     -1          1
32             0              0         0  0.00000000     -1          1
33            48             49         2  0.90677741      1          0
34            50             51         1  0.06137662      1          0
35             0              0         0  0.00000000     -1          2
36            52             53         1  0.28904213      1          0
37            54             55         2  0.48056090      1          0
38             0              0         0  0.00000000     -1          1
39            56             57         1  0.99475005      1          0
40            58             59         2  0.54747004      1          0
41            60             61         1  0.66416163      1          0
42            62             63         1  0.57786251      1          0
43             0              0         0  0.00000000     -1          2
44             0              0         0  0.00000000     -1          1
45             0              0         0  0.00000000     -1          2
46             0              0         0  0.00000000     -1          1
47             0              0         0  0.00000000     -1          1
48             0              0         0  0.00000000     -1          2
49             0              0         0  0.00000000     -1          2
50             0              0         0  0.00000000     -1          2
51             0              0         0  0.00000000     -1          2
52             0              0         0  0.00000000     -1          1
53             0              0         0  0.00000000     -1          2
54             0              0         0  0.00000000     -1          2
55             0              0         0  0.00000000     -1          2
56             0              0         0  0.00000000     -1          1
57             0              0         0  0.00000000     -1          2
58             0              0         0  0.00000000     -1          1
59             0              0         0  0.00000000     -1          2
60             0              0         0  0.00000000     -1          1
61             0              0         0  0.00000000     -1          1
62             0              0         0  0.00000000     -1          2
63             0              0         0  0.00000000     -1          2
