   left daughter right daughter split var split point status prediction
1              2              3         1  0.49453525      1          0
2              4              5         2  0.30181267      1          0
3              6              7         2  0.75486930      1          0
4              8              9         1  0.21451167      1          0
5             10             11         2  0.95218056      1          0
6             12             13         2  0.46178411      1          0
7             14             15         1  0.49884998      1          0
8             16             17         2  0.24858216      1          0
9             18             19         1  0.37633060      1          0
10            20             21         2  0.94999804      1          0
11             0              0         0  0.00000000     -1          2
12            22             23         1  0.99641543      1          0
13            24             25         2  0.55321479      1          0
14             0              0         0  0.00000000     -1          1
15            26             27         1  0.56955859      1          0
16             0              0         0  0.00000000     -1          1
17             0              0         0  0.00000000     -1          1
18            28             29         1  0.21597890      1          0
19            30             31         1  0.47916127      1          0
20            32             33         2  0.48996201      1          0
21             0              0         0  0.00000000     -1          1
22            34             35         1  0.93844100      1          0
23             0              0         0  0.00000000     -1          2
24            36             37         2  0.50025329      1          0
25            38             39         1  0.54423337      1          0
26            40             41         2  0.84901253      1          0
27            42             43         1  0.97848848      1          0
28             0              0         0  0.00000000     -1          2
29            44             45         1  0.25230379      1          0
30            46             47         1  0.41721861      1          0
31             0              0         0  0.00000000     -1          1
32            48             49         1  0.06137662      1          0
33            50             51         2  0.54586411      1          0
34            52             53         1  0.87099892      1          0
35            54             55         2  0.23085719      1          0
36            56             57         2  0.47626266      1          0
37            58             59         2  0.51143619      1          0
38             0              0         0  0.00000000     -1          2
39            60             61         2  0.72409364      1          0
40             0              0         0  0.00000000     -1          1
41            62             63         2  0.93831614      1          0
42             0              0         0  0.00000000     -1          2
43             0              0         0  0.00000000     -1          2
44             0              0         0  0.00000000     -1          1
45             0              0         0  0.00000000     -1          1
46             0              0         0  0.00000000     -1          1
47             0              0         0  0.00000000     -1          1
48             0              0         0  0.00000000     -1          2
49             0              0         0  0.00000000     -1          2
50             0              0         0  0.00000000     -1          2
51             0              0         0  0.00000000     -1          2
52             0              0         0  0.00000000     -1          1
53             0              0         0  0.00000000     -1          1
54             0              0         0  0.00000000     -1          1
55             0              0         0  0.00000000     -1          1
56             0              0         0  0.00000000     -1          2
57             0              0         0  0.00000000     -1          1
58             0              0         0  0.00000000     -1          2
59             0              0         0  0.00000000     -1          2
60             0              0         0  0.00000000     -1          1
61             0              0         0  0.00000000     -1          1
62             0              0         0  0.00000000     -1          2
63             0              0         0  0.00000000     -1          2
