   left daughter right daughter split var split point status prediction
1              2              3         1  0.49374421      1          0
2              4              5         1  0.06137662      1          0
3              6              7         1  0.99129723      1          0
4              8              9         1  0.01115062      1          0
5             10             11         1  0.19593476      1          0
6             12             13         2  0.76183457      1          0
7              0              0         0  0.00000000     -1          2
8             14             15         2  0.51273067      1          0
9             16             17         2  0.39159891      1          0
10            18             19         1  0.13040399      1          0
11            20             21         2  0.25532396      1          0
12            22             23         2  0.69998210      1          0
13            24             25         2  0.92452567      1          0
14             0              0         0  0.00000000     -1          1
15             0              0         0  0.00000000     -1          2
16             0              0         0  0.00000000     -1          1
17            26             27         2  0.84882744      1          0
18            28             29         2  0.28928913      1          0
19            30             31         1  0.17514395      1          0
20            32             33         1  0.47916127      1          0
21            34             35         1  0.20502732      1          0
22            36             37         1  0.78086471      1          0
23            38             39         1  0.74195196      1          0
24            40             41         1  0.56997960      1          0
25             0              0         0  0.00000000     -1          2
26             0              0         0  0.00000000     -1          2
27             0              0         0  0.00000000     -1          2
28             0              0         0  0.00000000     -1          1
29            42             43         2  0.54357866      1          0
30            44             45         1  0.14121559      1          0
31            46             47         2  0.25469657      1          0
32            48             49         1  0.39782990      1          0
33             0              0         0  0.00000000     -1          2
34             0              0         0  0.00000000     -1          1
35            50             51         2  0.32308142      1          0
36            52             53         2  0.55894897      1          0
37            54             55         2  0.56356719      1          0
38             0              0         0  0.00000000     -1          2
39            56             57         2  0.70971144      1          0
40             0              0         0  0.00000000     -1          1
41            58             59         1  0.71227905      1          0
42            60             61         2  0.52038984      1          0
43             0              0         0  0.00000000     -1          2
44             0              0         0  0.00000000     -1          2
45             0              0         0  0.00000000     -1          2
46             0              0         0  0.00000000     -1          1
47             0              0         0  0.00000000     -1          2
48            62             63         2  0.01047564      1          0
49             0              0         0  0.00000000     -1          1
50             0              0         0  0.00000000     -1          2
51             0              0         0  0.00000000     -1          2
52             0              0         0  0.00000000     -1          1
53             0              0         0  0.00000000     -1          1
54             0              0         0  0.00000000     -1          1
55             0              0         0  0.00000000     -1          1
56             0              0         0  0.00000000     -1          2
57             0              0         0  0.00000000     -1          1
58             0              0         0  0.00000000     -1          2
59             0              0         0  0.00000000     -1          2
60             0              0         0  0.00000000     -1          2
61             0              0         0  0.00000000     -1          1
62             0              0         0  0.00000000     -1          2
63             0              0         0  0.00000000     -1          1
