   left daughter right daughter split var split point status prediction
1              2              3         2  0.30431523      1          0
2              4              5         2  0.21459824      1          0
3              6              7         2  0.65408182      1          0
4              8              9         2  0.04328234      1          0
5             10             11         1  0.99475005      1          0
6             12             13         2  0.64568101      1          0
7             14             15         2  0.76188223      1          0
8             16             17         1  0.76924177      1          0
9             18             19         1  0.95035731      1          0
10            20             21         2  0.21884616      1          0
11             0              0         0  0.00000000     -1          2
12            22             23         1  0.50280333      1          0
13             0              0         0  0.00000000     -1          1
14            24             25         1  0.72695745      1          0
15            26             27         1  0.57122264      1          0
16             0              0         0  0.00000000     -1          1
17             0              0         0  0.00000000     -1          1
18            28             29         1  0.25788123      1          0
19             0              0         0  0.00000000     -1          2
20             0              0         0  0.00000000     -1          2
21            30             31         1  0.41940646      1          0
22            32             33         2  0.37211937      1          0
23            34             35         2  0.51599166      1          0
24            36             37         2  0.71754917      1          0
25            38             39         2  0.72409364      1          0
26            40             41         1  0.45877441      1          0
27            42             43         2  0.86466921      1          0
28             0              0         0  0.00000000     -1          1
29            44             45         1  0.26821933      1          0
30            46             47         1  0.41179078      1          0
31            48             49         2  0.28276523      1          0
32            50             51         1  0.46985562      1          0
33            52             53         2  0.40586788      1          0
34            54             55         2  0.38619666      1          0
35            56             57         1  0.56550546      1          0
36             0              0         0  0.00000000     -1          2
37            58             59         2  0.71836657      1          0
38             0              0         0  0.00000000     -1          1
39             0              0         0  0.00000000     -1          1
40            60             61         2  0.80352613      1          0
41            62             63         2  0.92563412      1          0
42             0              0         0  0.00000000     -1          2
43             0              0         0  0.00000000     -1          2
44             0              0         0  0.00000000     -1          2
45             0              0         0  0.00000000     -1          1
46             0              0         0  0.00000000     -1          1
47             0              0         0  0.00000000     -1          2
48             0              0         0  0.00000000     -1          1
49             0              0         0  0.00000000     -1          1
50             0              0         0  0.00000000     -1          2
51             0              0         0  0.00000000     -1          1
52             0              0         0  0.00000000     -1          2
53             0              0         0  0.00000000     -1          2
54             0              0         0  0.00000000     -1          1
55             0              0         0  0.00000000     -1          1
56             0              0         0  0.00000000     -1          2
57             0              0         0  0.00000000     -1          1
58             0              0         0  0.00000000     -1          1
59             0              0         0  0.00000000     -1          2
60             0              0         0  0.00000000     -1          2
61             0              0         0  0.00000000     -1          2
62             0              0         0  0.00000000     -1          1
63             0              0         0  0.00000000     -1          2
