    left daughter right daughter split var split point status prediction
1               2              3         2  0.46629495      1          0
2               4              5         1  0.48869461      1          0
3               6              7         1  0.63458896      1          0
4               8              9         2  0.26179690      1          0
5              10             11         1  0.82762542      1          0
6              12             13         1  0.56208933      1          0
7              14             15         2  0.77123695      1          0
8              16             17         1  0.04443177      1          0
9              18             19         2  0.42807604      1          0
10             20             21         1  0.52234271      1          0
11             22             23         2  0.25268696      1          0
12             24             25         1  0.40254320      1          0
13             26             27         2  0.65725042      1          0
14             28             29         1  0.64993247      1          0
15             30             31         2  0.84428990      1          0
16             32             33         2  0.17384231      1          0
17             34             35         1  0.13218806      1          0
18             36             37         2  0.42423962      1          0
19              0              0         0  0.00000000     -1          2
20              0              0         0  0.00000000     -1          1
21             38             39         1  0.66064393      1          0
22             40             41         2  0.18090699      1          0
23             42             43         2  0.34394473      1          0
24             44             45         2  0.68610016      1          0
25             46             47         1  0.51349925      1          0
26              0              0         0  0.00000000     -1          1
27             48             49         1  0.56694234      1          0
28              0              0         0  0.00000000     -1          2
29             50             51         1  0.70351816      1          0
30              0              0         0  0.00000000     -1          2
31             52             53         1  0.93050238      1          0
32              0              0         0  0.00000000     -1          1
33              0              0         0  0.00000000     -1          2
34              0              0         0  0.00000000     -1          1
35             54             55         1  0.14022801      1          0
36             56             57         2  0.39220168      1          0
37              0              0         0  0.00000000     -1          1
38             58             59         1  0.65739869      1          0
39              0              0         0  0.00000000     -1          1
40              0              0         0  0.00000000     -1          1
41             60             61         1  0.89624471      1          0
42              0              0         0  0.00000000     -1          2
43              0              0         0  0.00000000     -1          1
44             62             63         1  0.19443188      1          0
45             64             65         1  0.38531407      1          0
46              0              0         0  0.00000000     -1          2
47             66             67         2  0.50695465      1          0
48              0              0         0  0.00000000     -1          1
49              0              0         0  0.00000000     -1          2
50              0              0         0  0.00000000     -1          1
51             68             69         1  0.71353408      1          0
52             70             71         2  0.93258720      1          0
53              0              0         0  0.00000000     -1          2
54              0              0         0  0.00000000     -1          2
55             72             73         1  0.39746016      1          0
56             74             75         2  0.39126474      1          0
57              0              0         0  0.00000000     -1          2
58              0              0         0  0.00000000     -1          1
59              0              0         0  0.00000000     -1          2
60              0              0         0  0.00000000     -1          1
61              0              0         0  0.00000000     -1          1
62             76             77         1  0.19319851      1          0
63              0              0         0  0.00000000     -1          2
64             78             79         2  0.68938302      1          0
65              0              0         0  0.00000000     -1          1
66              0              0         0  0.00000000     -1          1
67              0              0         0  0.00000000     -1          2
68              0              0         0  0.00000000     -1          2
69             80             81         2  0.63344828      1          0
70              0              0         0  0.00000000     -1          2
71              0              0         0  0.00000000     -1          2
72             82             83         2  0.20583061      1          0
73              0              0         0  0.00000000     -1          1
74             84             85         2  0.35722094      1          0
75              0              0         0  0.00000000     -1          1
76             86             87         2  0.53134386      1          0
77              0              0         0  0.00000000     -1          1
78              0              0         0  0.00000000     -1          1
79             88             89         2  0.75139211      1          0
80             90             91         1  0.87177154      1          0
81             92             93         2  0.63754419      1          0
82             94             95         2  0.12464215      1          0
83              0              0         0  0.00000000     -1          1
84             96             97         1  0.18079640      1          0
85              0              0         0  0.00000000     -1          2
86              0              0         0  0.00000000     -1          2
87              0              0         0  0.00000000     -1          2
88              0              0         0  0.00000000     -1          2
89             98             99         1  0.30790704      1          0
90            100            101         1  0.86013247      1          0
91              0              0         0  0.00000000     -1          1
92              0              0         0  0.00000000     -1          2
93            102            103         1  0.98133158      1          0
94              0              0         0  0.00000000     -1          1
95            104            105         1  0.20077670      1          0
96              0              0         0  0.00000000     -1          1
97            106            107         1  0.42606143      1          0
98            108            109         1  0.01813430      1          0
99            110            111         1  0.31327044      1          0
100           112            113         2  0.59244659      1          0
101             0              0         0  0.00000000     -1          2
102           114            115         1  0.89616594      1          0
103             0              0         0  0.00000000     -1          2
104             0              0         0  0.00000000     -1          2
105             0              0         0  0.00000000     -1          1
106             0              0         0  0.00000000     -1          2
107             0              0         0  0.00000000     -1          1
108             0              0         0  0.00000000     -1          2
109           116            117         1  0.19211588      1          0
110             0              0         0  0.00000000     -1          1
111           118            119         1  0.32508621      1          0
112             0              0         0  0.00000000     -1          1
113             0              0         0  0.00000000     -1          1
114           120            121         2  0.68200642      1          0
115             0              0         0  0.00000000     -1          1
116           122            123         1  0.06521521      1          0
117           124            125         2  0.75905494      1          0
118             0              0         0  0.00000000     -1          2
119             0              0         0  0.00000000     -1          2
120             0              0         0  0.00000000     -1          1
121             0              0         0  0.00000000     -1          2
122             0              0         0  0.00000000     -1          2
123             0              0         0  0.00000000     -1          2
124             0              0         0  0.00000000     -1          1
125           126            127         1  0.20603896      1          0
126             0              0         0  0.00000000     -1          2
127             0              0         0  0.00000000     -1          2
