    left daughter right daughter split var split point status prediction
1               2              3         2  0.61619468      1          0
2               4              5         2  0.25426731      1          0
3               6              7         1  0.76855056      1          0
4               8              9         2  0.10271341      1          0
5              10             11         1  0.50138239      1          0
6              12             13         2  0.91016561      1          0
7              14             15         2  0.77823813      1          0
8              16             17         1  0.14063487      1          0
9              18             19         2  0.10448332      1          0
10             20             21         1  0.15352488      1          0
11             22             23         2  0.25807515      1          0
12             24             25         1  0.15511437      1          0
13             26             27         1  0.40113623      1          0
14             28             29         2  0.69628236      1          0
15             30             31         1  0.88802089      1          0
16              0              0         0  0.00000000     -1          1
17              0              0         0  0.00000000     -1          1
18              0              0         0  0.00000000     -1          2
19             32             33         2  0.21483723      1          0
20             34             35         1  0.15092946      1          0
21             36             37         2  0.35333929      1          0
22              0              0         0  0.00000000     -1          2
23             38             39         1  0.55615356      1          0
24              0              0         0  0.00000000     -1          2
25             40             41         2  0.85881582      1          0
26             42             43         2  0.96133316      1          0
27              0              0         0  0.00000000     -1          2
28              0              0         0  0.00000000     -1          1
29              0              0         0  0.00000000     -1          1
30             44             45         2  0.92097381      1          0
31             46             47         1  0.93452786      1          0
32             48             49         1  0.64062232      1          0
33              0              0         0  0.00000000     -1          1
34             50             51         2  0.30318193      1          0
35              0              0         0  0.00000000     -1          1
36             52             53         1  0.42606143      1          0
37             54             55         1  0.26695573      1          0
38             56             57         2  0.50695465      1          0
39             58             59         1  0.99180999      1          0
40             60             61         1  0.24153189      1          0
41             62             63         2  0.88137533      1          0
42             64             65         2  0.95479525      1          0
43              0              0         0  0.00000000     -1          2
44              0              0         0  0.00000000     -1          2
45              0              0         0  0.00000000     -1          2
46              0              0         0  0.00000000     -1          2
47              0              0         0  0.00000000     -1          2
48             66             67         1  0.03682608      1          0
49             68             69         2  0.18465973      1          0
50              0              0         0  0.00000000     -1          1
51             70             71         1  0.10408984      1          0
52             72             73         1  0.20827513      1          0
53              0              0         0  0.00000000     -1          1
54             74             75         1  0.25366383      1          0
55              0              0         0  0.00000000     -1          2
56             76             77         2  0.28572893      1          0
57              0              0         0  0.00000000     -1          2
58             78             79         1  0.67409863      1          0
59              0              0         0  0.00000000     -1          1
60             80             81         2  0.68610016      1          0
61             82             83         2  0.69733845      1          0
62              0              0         0  0.00000000     -1          1
63             84             85         2  0.90810209      1          0
64             86             87         2  0.92877316      1          0
65              0              0         0  0.00000000     -1          1
66              0              0         0  0.00000000     -1          1
67             88             89         2  0.21254652      1          0
68             90             91         1  0.68335506      1          0
69              0              0         0  0.00000000     -1          1
70              0              0         0  0.00000000     -1          2
71              0              0         0  0.00000000     -1          2
72              0              0         0  0.00000000     -1          2
73              0              0         0  0.00000000     -1          2
74              0              0         0  0.00000000     -1          2
75              0              0         0  0.00000000     -1          1
76              0              0         0  0.00000000     -1          1
77              0              0         0  0.00000000     -1          1
78              0              0         0  0.00000000     -1          1
79             92             93         2  0.33200574      1          0
80              0              0         0  0.00000000     -1          2
81              0              0         0  0.00000000     -1          2
82             94             95         2  0.69722827      1          0
83             96             97         1  0.53077653      1          0
84             98             99         1  0.26828878      1          0
85              0              0         0  0.00000000     -1          1
86              0              0         0  0.00000000     -1          2
87              0              0         0  0.00000000     -1          2
88            100            101         2  0.12817905      1          0
89              0              0         0  0.00000000     -1          2
90              0              0         0  0.00000000     -1          2
91              0              0         0  0.00000000     -1          1
92            102            103         1  0.86384234      1          0
93            104            105         1  0.67643791      1          0
94            106            107         2  0.68807420      1          0
95              0              0         0  0.00000000     -1          1
96            108            109         2  0.77102050      1          0
97              0              0         0  0.00000000     -1          2
98              0              0         0  0.00000000     -1          1
99            110            111         2  0.90299294      1          0
100             0              0         0  0.00000000     -1          1
101           112            113         2  0.17407516      1          0
102             0              0         0  0.00000000     -1          1
103             0              0         0  0.00000000     -1          2
104             0              0         0  0.00000000     -1          2
105           114            115         2  0.55777850      1          0
106           116            117         2  0.68601386      1          0
107             0              0         0  0.00000000     -1          2
108           118            119         2  0.76709762      1          0
109             0              0         0  0.00000000     -1          2
110             0              0         0  0.00000000     -1          2
111             0              0         0  0.00000000     -1          2
112             0              0         0  0.00000000     -1          1
113           120            121         1  0.51843802      1          0
114           122            123         2  0.48239103      1          0
115           124            125         1  0.87483974      1          0
116           126            127         1  0.50591852      1          0
117             0              0         0  0.00000000     -1          1
118             0              0         0  0.00000000     -1          2
119             0              0         0  0.00000000     -1          1
120             0              0         0  0.00000000     -1          1
121             0              0         0  0.00000000     -1          1
122             0              0         0  0.00000000     -1          1
123             0              0         0  0.00000000     -1          1
124             0              0         0  0.00000000     -1          1
125             0              0         0  0.00000000     -1          1
126             0              0         0  0.00000000     -1          2
127             0              0         0  0.00000000     -1          1
