    left daughter right daughter split var split point status prediction
1               2              3         1  0.61355730      1          0
2               4              5         2  0.26484215      1          0
3               6              7         1  0.97693473      1          0
4               8              9         2  0.17366239      1          0
5              10             11         1  0.50769634      1          0
6              12             13         1  0.80723523      1          0
7              14             15         1  0.98776927      1          0
8              16             17         2  0.10271341      1          0
9              18             19         1  0.03773991      1          0
10             20             21         2  0.85552859      1          0
11             22             23         1  0.54389881      1          0
12             24             25         1  0.77334244      1          0
13             26             27         2  0.77895325      1          0
14              0              0         0  0.00000000     -1          1
15              0              0         0  0.00000000     -1          1
16              0              0         0  0.00000000     -1          1
17             28             29         2  0.10548422      1          0
18              0              0         0  0.00000000     -1          2
19             30             31         2  0.17474301      1          0
20             32             33         2  0.36438157      1          0
21             34             35         1  0.48208301      1          0
22             36             37         1  0.54140777      1          0
23             38             39         2  0.65248430      1          0
24             40             41         1  0.77062205      1          0
25             42             43         2  0.83345736      1          0
26             44             45         2  0.25311995      1          0
27             46             47         2  0.84557938      1          0
28              0              0         0  0.00000000     -1          2
29             48             49         2  0.12817905      1          0
30              0              0         0  0.00000000     -1          2
31             50             51         1  0.04865310      1          0
32             52             53         2  0.33133775      1          0
33             54             55         2  0.77260959      1          0
34             56             57         1  0.20603896      1          0
35              0              0         0  0.00000000     -1          1
36             58             59         1  0.53881842      1          0
37              0              0         0  0.00000000     -1          1
38             60             61         1  0.57446530      1          0
39              0              0         0  0.00000000     -1          2
40             62             63         2  0.69222584      1          0
41              0              0         0  0.00000000     -1          2
42             64             65         1  0.79417637      1          0
43              0              0         0  0.00000000     -1          2
44             66             67         2  0.17591315      1          0
45             68             69         2  0.26920130      1          0
46              0              0         0  0.00000000     -1          2
47             70             71         1  0.93050238      1          0
48              0              0         0  0.00000000     -1          1
49              0              0         0  0.00000000     -1          1
50              0              0         0  0.00000000     -1          1
51             72             73         1  0.25458030      1          0
52             74             75         2  0.28258439      1          0
53              0              0         0  0.00000000     -1          1
54             76             77         1  0.26849590      1          0
55              0              0         0  0.00000000     -1          2
56             78             79         1  0.17384758      1          0
57             80             81         1  0.30498959      1          0
58             82             83         2  0.50904640      1          0
59              0              0         0  0.00000000     -1          2
60              0              0         0  0.00000000     -1          1
61              0              0         0  0.00000000     -1          1
62             84             85         2  0.65838446      1          0
63             86             87         1  0.76266046      1          0
64             88             89         2  0.66874643      1          0
65              0              0         0  0.00000000     -1          1
66              0              0         0  0.00000000     -1          1
67              0              0         0  0.00000000     -1          1
68              0              0         0  0.00000000     -1          2
69             90             91         1  0.87833659      1          0
70              0              0         0  0.00000000     -1          2
71              0              0         0  0.00000000     -1          2
72              0              0         0  0.00000000     -1          1
73              0              0         0  0.00000000     -1          1
74              0              0         0  0.00000000     -1          2
75             92             93         2  0.29311626      1          0
76             94             95         1  0.25254590      1          0
77             96             97         2  0.76709762      1          0
78              0              0         0  0.00000000     -1          2
79              0              0         0  0.00000000     -1          1
80              0              0         0  0.00000000     -1          2
81             98             99         1  0.31262243      1          0
82              0              0         0  0.00000000     -1          1
83              0              0         0  0.00000000     -1          2
84            100            101         1  0.70820319      1          0
85              0              0         0  0.00000000     -1          1
86            102            103         1  0.71375519      1          0
87              0              0         0  0.00000000     -1          1
88            104            105         2  0.18217113      1          0
89              0              0         0  0.00000000     -1          2
90            106            107         1  0.87155551      1          0
91            108            109         2  0.29930406      1          0
92              0              0         0  0.00000000     -1          2
93              0              0         0  0.00000000     -1          2
94            110            111         1  0.19211588      1          0
95              0              0         0  0.00000000     -1          1
96            112            113         2  0.69481532      1          0
97              0              0         0  0.00000000     -1          1
98              0              0         0  0.00000000     -1          1
99            114            115         2  0.90999573      1          0
100           116            117         1  0.70502565      1          0
101             0              0         0  0.00000000     -1          1
102             0              0         0  0.00000000     -1          2
103             0              0         0  0.00000000     -1          2
104             0              0         0  0.00000000     -1          1
105             0              0         0  0.00000000     -1          1
106           118            119         1  0.83357581      1          0
107             0              0         0  0.00000000     -1          2
108             0              0         0  0.00000000     -1          2
109             0              0         0  0.00000000     -1          1
110           120            121         1  0.08076747      1          0
111           122            123         2  0.63554081      1          0
112             0              0         0  0.00000000     -1          2
113             0              0         0  0.00000000     -1          2
114             0              0         0  0.00000000     -1          2
115           124            125         2  0.96405129      1          0
116           126            127         1  0.64908438      1          0
117             0              0         0  0.00000000     -1          2
118             0              0         0  0.00000000     -1          1
119             0              0         0  0.00000000     -1          1
120             0              0         0  0.00000000     -1          2
121             0              0         0  0.00000000     -1          2
122             0              0         0  0.00000000     -1          2
123             0              0         0  0.00000000     -1          2
124             0              0         0  0.00000000     -1          2
125             0              0         0  0.00000000     -1          2
126             0              0         0  0.00000000     -1          1
127             0              0         0  0.00000000     -1          1
