    left daughter right daughter split var split point status prediction
1               2              3         2  0.65248430      1          0
2               4              5         2  0.25426731      1          0
3               6              7         1  0.76266046      1          0
4               8              9         2  0.12598545      1          0
5              10             11         2  0.64039110      1          0
6              12             13         2  0.88799274      1          0
7              14             15         1  0.93022223      1          0
8              16             17         2  0.08364450      1          0
9              18             19         2  0.12765275      1          0
10             20             21         2  0.50442143      1          0
11             22             23         2  0.64705146      1          0
12             24             25         1  0.15145052      1          0
13             26             27         1  0.37393704      1          0
14             28             29         1  0.77156217      1          0
15             30             31         2  0.86074503      1          0
16              0              0         0  0.00000000     -1          1
17             32             33         1  0.25567532      1          0
18              0              0         0  0.00000000     -1          2
19             34             35         2  0.13051430      1          0
20             36             37         2  0.48654793      1          0
21             38             39         2  0.56170107      1          0
22              0              0         0  0.00000000     -1          1
23              0              0         0  0.00000000     -1          1
24             40             41         1  0.07118355      1          0
25             42             43         1  0.18436119      1          0
26              0              0         0  0.00000000     -1          2
27             44             45         2  0.91179836      1          0
28              0              0         0  0.00000000     -1          1
29             46             47         2  0.78625871      1          0
30              0              0         0  0.00000000     -1          1
31              0              0         0  0.00000000     -1          2
32              0              0         0  0.00000000     -1          1
33              0              0         0  0.00000000     -1          1
34              0              0         0  0.00000000     -1          1
35             48             49         1  0.04685402      1          0
36             50             51         2  0.46606673      1          0
37             52             53         2  0.49265246      1          0
38             54             55         1  0.55686276      1          0
39             56             57         1  0.59052048      1          0
40              0              0         0  0.00000000     -1          2
41             58             59         1  0.08897840      1          0
42              0              0         0  0.00000000     -1          1
43             60             61         1  0.67105822      1          0
44              0              0         0  0.00000000     -1          2
45             62             63         1  0.38572796      1          0
46              0              0         0  0.00000000     -1          1
47             64             65         1  0.80070211      1          0
48              0              0         0  0.00000000     -1          2
49             66             67         2  0.18465973      1          0
50             68             69         2  0.42676118      1          0
51              0              0         0  0.00000000     -1          2
52              0              0         0  0.00000000     -1          1
53              0              0         0  0.00000000     -1          1
54             70             71         1  0.15352488      1          0
55             72             73         2  0.55639421      1          0
56             74             75         2  0.63929386      1          0
57             76             77         1  0.77739581      1          0
58              0              0         0  0.00000000     -1          1
59              0              0         0  0.00000000     -1          2
60             78             79         2  0.85801015      1          0
61             80             81         2  0.72545737      1          0
62              0              0         0  0.00000000     -1          1
63              0              0         0  0.00000000     -1          2
64              0              0         0  0.00000000     -1          2
65              0              0         0  0.00000000     -1          2
66             82             83         1  0.63349197      1          0
67             84             85         1  0.39977797      1          0
68             86             87         1  0.46790285      1          0
69             88             89         1  0.54834749      1          0
70              0              0         0  0.00000000     -1          2
71              0              0         0  0.00000000     -1          2
72              0              0         0  0.00000000     -1          1
73              0              0         0  0.00000000     -1          2
74             90             91         1  0.51702051      1          0
75              0              0         0  0.00000000     -1          2
76             92             93         2  0.62798824      1          0
77              0              0         0  0.00000000     -1          1
78             94             95         1  0.39524938      1          0
79              0              0         0  0.00000000     -1          2
80              0              0         0  0.00000000     -1          1
81              0              0         0  0.00000000     -1          2
82              0              0         0  0.00000000     -1          1
83             96             97         2  0.17847773      1          0
84             98             99         1  0.34161624      1          0
85              0              0         0  0.00000000     -1          1
86            100            101         2  0.29447053      1          0
87            102            103         2  0.25636520      1          0
88            104            105         2  0.43125110      1          0
89            106            107         1  0.86805709      1          0
90            108            109         1  0.25211985      1          0
91              0              0         0  0.00000000     -1          2
92              0              0         0  0.00000000     -1          1
93              0              0         0  0.00000000     -1          2
94            110            111         2  0.80083118      1          0
95            112            113         2  0.74270599      1          0
96              0              0         0  0.00000000     -1          1
97              0              0         0  0.00000000     -1          2
98              0              0         0  0.00000000     -1          1
99              0              0         0  0.00000000     -1          2
100           114            115         2  0.29064920      1          0
101           116            117         2  0.34179373      1          0
102             0              0         0  0.00000000     -1          2
103           118            119         1  0.77091859      1          0
104             0              0         0  0.00000000     -1          1
105             0              0         0  0.00000000     -1          2
106             0              0         0  0.00000000     -1          1
107             0              0         0  0.00000000     -1          1
108             0              0         0  0.00000000     -1          2
109           120            121         2  0.58403434      1          0
110           122            123         1  0.38567310      1          0
111           124            125         2  0.82348702      1          0
112           126            127         1  0.53077653      1          0
113             0              0         0  0.00000000     -1          2
114             0              0         0  0.00000000     -1          2
115             0              0         0  0.00000000     -1          1
116             0              0         0  0.00000000     -1          2
117             0              0         0  0.00000000     -1          2
118             0              0         0  0.00000000     -1          1
119             0              0         0  0.00000000     -1          1
120             0              0         0  0.00000000     -1          2
121             0              0         0  0.00000000     -1          2
122             0              0         0  0.00000000     -1          2
123             0              0         0  0.00000000     -1          1
124             0              0         0  0.00000000     -1          2
125             0              0         0  0.00000000     -1          2
126             0              0         0  0.00000000     -1          2
127             0              0         0  0.00000000     -1          2
