    left daughter right daughter split var split point status prediction
1               2              3         1  0.61739484      1          0
2               4              5         1  0.46905369      1          0
3               6              7         2  0.75785138      1          0
4               8              9         1  0.45923204      1          0
5              10             11         1  0.61532472      1          0
6              12             13         2  0.68985881      1          0
7              14             15         2  0.93258720      1          0
8              16             17         1  0.07144634      1          0
9               0              0         0  0.00000000     -1          2
10             18             19         2  0.52790047      1          0
11              0              0         0  0.00000000     -1          2
12             20             21         2  0.17888332      1          0
13             22             23         1  0.68311881      1          0
14             24             25         2  0.86074503      1          0
15             26             27         1  0.79170454      1          0
16             28             29         1  0.04404307      1          0
17             30             31         2  0.26348369      1          0
18             32             33         2  0.41678998      1          0
19             34             35         2  0.65122505      1          0
20              0              0         0  0.00000000     -1          1
21             36             37         1  0.65880185      1          0
22              0              0         0  0.00000000     -1          2
23             38             39         1  0.91733346      1          0
24             40             41         1  0.89343236      1          0
25              0              0         0  0.00000000     -1          2
26              0              0         0  0.00000000     -1          2
27              0              0         0  0.00000000     -1          2
28             42             43         2  0.27711979      1          0
29             44             45         2  0.35776019      1          0
30             46             47         2  0.01249051      1          0
31             48             49         2  0.74628784      1          0
32             50             51         2  0.28572893      1          0
33              0              0         0  0.00000000     -1          1
34             52             53         1  0.58684840      1          0
35             54             55         1  0.53195328      1          0
36             56             57         2  0.19591178      1          0
37             58             59         2  0.18465973      1          0
38              0              0         0  0.00000000     -1          1
39              0              0         0  0.00000000     -1          1
40              0              0         0  0.00000000     -1          2
41              0              0         0  0.00000000     -1          1
42              0              0         0  0.00000000     -1          1
43             60             61         2  0.96128675      1          0
44              0              0         0  0.00000000     -1          1
45              0              0         0  0.00000000     -1          2
46              0              0         0  0.00000000     -1          1
47             62             63         1  0.39429777      1          0
48             64             65         1  0.26695573      1          0
49             66             67         2  0.77859326      1          0
50             68             69         2  0.28149233      1          0
51              0              0         0  0.00000000     -1          1
52              0              0         0  0.00000000     -1          2
53              0              0         0  0.00000000     -1          1
54             70             71         1  0.52410881      1          0
55              0              0         0  0.00000000     -1          2
56              0              0         0  0.00000000     -1          2
57              0              0         0  0.00000000     -1          1
58              0              0         0  0.00000000     -1          2
59             72             73         2  0.54402093      1          0
60              0              0         0  0.00000000     -1          2
61              0              0         0  0.00000000     -1          1
62             74             75         1  0.38474965      1          0
63              0              0         0  0.00000000     -1          1
64             76             77         1  0.25373519      1          0
65             78             79         2  0.34403359      1          0
66              0              0         0  0.00000000     -1          2
67             80             81         1  0.23761284      1          0
68             82             83         2  0.17349993      1          0
69              0              0         0  0.00000000     -1          2
70             84             85         2  0.84389298      1          0
71              0              0         0  0.00000000     -1          1
72             86             87         2  0.25311995      1          0
73             88             89         1  0.87177154      1          0
74             90             91         2  0.12765275      1          0
75              0              0         0  0.00000000     -1          2
76             92             93         2  0.42897478      1          0
77              0              0         0  0.00000000     -1          1
78              0              0         0  0.00000000     -1          2
79              0              0         0  0.00000000     -1          2
80             94             95         1  0.20292193      1          0
81             96             97         2  0.88436101      1          0
82              0              0         0  0.00000000     -1          1
83              0              0         0  0.00000000     -1          1
84              0              0         0  0.00000000     -1          2
85              0              0         0  0.00000000     -1          2
86              0              0         0  0.00000000     -1          1
87             98             99         1  0.86694890      1          0
88            100            101         2  0.56170107      1          0
89            102            103         2  0.55136200      1          0
90            104            105         1  0.25567532      1          0
91              0              0         0  0.00000000     -1          1
92            106            107         2  0.42676118      1          0
93            108            109         1  0.15050300      1          0
94            110            111         1  0.14771296      1          0
95              0              0         0  0.00000000     -1          1
96              0              0         0  0.00000000     -1          2
97            112            113         2  0.88862022      1          0
98              0              0         0  0.00000000     -1          1
99            114            115         2  0.34539698      1          0
100             0              0         0  0.00000000     -1          1
101           116            117         1  0.75874335      1          0
102             0              0         0  0.00000000     -1          2
103             0              0         0  0.00000000     -1          1
104             0              0         0  0.00000000     -1          1
105             0              0         0  0.00000000     -1          1
106           118            119         2  0.33840531      1          0
107             0              0         0  0.00000000     -1          1
108             0              0         0  0.00000000     -1          2
109           120            121         1  0.15139969      1          0
110             0              0         0  0.00000000     -1          2
111             0              0         0  0.00000000     -1          2
112             0              0         0  0.00000000     -1          1
113           122            123         1  0.42100552      1          0
114             0              0         0  0.00000000     -1          2
115           124            125         1  0.87613151      1          0
116           126            127         1  0.69775162      1          0
117             0              0         0  0.00000000     -1          1
118             0              0         0  0.00000000     -1          2
119             0              0         0  0.00000000     -1          2
120             0              0         0  0.00000000     -1          1
121             0              0         0  0.00000000     -1          2
122             0              0         0  0.00000000     -1          2
123             0              0         0  0.00000000     -1          2
124             0              0         0  0.00000000     -1          2
125             0              0         0  0.00000000     -1          1
126             0              0         0  0.00000000     -1          1
127             0              0         0  0.00000000     -1          1
