    left daughter right daughter split var split point status prediction
1               2              3         1  0.50715695      1          0
2               4              5         2  0.26179690      1          0
3               6              7         2  0.68782674      1          0
4               8              9         2  0.23271834      1          0
5              10             11         1  0.05400568      1          0
6              12             13         1  0.55607022      1          0
7              14             15         1  0.79831330      1          0
8              16             17         2  0.01249051      1          0
9               0              0         0  0.00000000     -1          1
10             18             19         2  0.95062865      1          0
11             20             21         1  0.05631393      1          0
12             22             23         1  0.55556276      1          0
13             24             25         2  0.64873348      1          0
14             26             27         1  0.51673303      1          0
15             28             29         2  0.78448302      1          0
16              0              0         0  0.00000000     -1          1
17             30             31         1  0.18375731      1          0
18              0              0         0  0.00000000     -1          2
19              0              0         0  0.00000000     -1          1
20              0              0         0  0.00000000     -1          1
21             32             33         2  0.87757591      1          0
22             34             35         1  0.51372736      1          0
23              0              0         0  0.00000000     -1          2
24             36             37         1  0.87143896      1          0
25              0              0         0  0.00000000     -1          1
26              0              0         0  0.00000000     -1          1
27             38             39         2  0.72794263      1          0
28              0              0         0  0.00000000     -1          1
29             40             41         1  0.80070211      1          0
30             42             43         2  0.12006294      1          0
31              0              0         0  0.00000000     -1          1
32             44             45         2  0.28572287      1          0
33             46             47         2  0.88137533      1          0
34              0              0         0  0.00000000     -1          1
35             48             49         2  0.64052668      1          0
36             50             51         2  0.47745682      1          0
37             52             53         1  0.87300465      1          0
38              0              0         0  0.00000000     -1          2
39             54             55         1  0.56822400      1          0
40              0              0         0  0.00000000     -1          1
41             56             57         1  0.89588630      1          0
42              0              0         0  0.00000000     -1          1
43             58             59         2  0.13056132      1          0
44              0              0         0  0.00000000     -1          2
45             60             61         1  0.08336205      1          0
46              0              0         0  0.00000000     -1          1
47             62             63         1  0.06458512      1          0
48             64             65         1  0.51891012      1          0
49              0              0         0  0.00000000     -1          2
50              0              0         0  0.00000000     -1          1
51             66             67         1  0.71099875      1          0
52              0              0         0  0.00000000     -1          2
53             68             69         1  0.90968417      1          0
54             70             71         1  0.56375920      1          0
55              0              0         0  0.00000000     -1          2
56              0              0         0  0.00000000     -1          2
57             72             73         2  0.87321960      1          0
58              0              0         0  0.00000000     -1          2
59              0              0         0  0.00000000     -1          1
60              0              0         0  0.00000000     -1          2
61             74             75         1  0.24000998      1          0
62              0              0         0  0.00000000     -1          1
63             76             77         2  0.97399808      1          0
64              0              0         0  0.00000000     -1          1
65             78             79         1  0.52234271      1          0
66             80             81         1  0.70478440      1          0
67              0              0         0  0.00000000     -1          1
68             82             83         1  0.90856533      1          0
69             84             85         2  0.53961804      1          0
70              0              0         0  0.00000000     -1          2
71              0              0         0  0.00000000     -1          1
72              0              0         0  0.00000000     -1          2
73              0              0         0  0.00000000     -1          2
74             86             87         2  0.85715237      1          0
75             88             89         1  0.24153189      1          0
76             90             91         1  0.30498959      1          0
77              0              0         0  0.00000000     -1          2
78              0              0         0  0.00000000     -1          2
79             92             93         1  0.53291745      1          0
80              0              0         0  0.00000000     -1          1
81              0              0         0  0.00000000     -1          2
82             94             95         2  0.44976262      1          0
83              0              0         0  0.00000000     -1          2
84              0              0         0  0.00000000     -1          1
85              0              0         0  0.00000000     -1          1
86             96             97         1  0.10809967      1          0
87              0              0         0  0.00000000     -1          2
88              0              0         0  0.00000000     -1          1
89             98             99         2  0.36438157      1          0
90            100            101         1  0.25821890      1          0
91            102            103         2  0.97073939      1          0
92              0              0         0  0.00000000     -1          1
93              0              0         0  0.00000000     -1          1
94              0              0         0  0.00000000     -1          1
95              0              0         0  0.00000000     -1          1
96              0              0         0  0.00000000     -1          2
97            104            105         1  0.15139969      1          0
98              0              0         0  0.00000000     -1          2
99            106            107         1  0.31149950      1          0
100           108            109         1  0.25413849      1          0
101             0              0         0  0.00000000     -1          2
102           110            111         1  0.43414373      1          0
103             0              0         0  0.00000000     -1          1
104           112            113         1  0.15092946      1          0
105             0              0         0  0.00000000     -1          2
106           114            115         2  0.79591426      1          0
107           116            117         1  0.39524938      1          0
108             0              0         0  0.00000000     -1          2
109             0              0         0  0.00000000     -1          1
110           118            119         2  0.93410828      1          0
111             0              0         0  0.00000000     -1          2
112             0              0         0  0.00000000     -1          2
113             0              0         0  0.00000000     -1          1
114           120            121         2  0.59593807      1          0
115             0              0         0  0.00000000     -1          2
116           122            123         2  0.72160429      1          0
117             0              0         0  0.00000000     -1          2
118             0              0         0  0.00000000     -1          1
119             0              0         0  0.00000000     -1          2
120             0              0         0  0.00000000     -1          2
121             0              0         0  0.00000000     -1          2
122             0              0         0  0.00000000     -1          2
123             0              0         0  0.00000000     -1          2
