    left daughter right daughter split var split point status prediction
1               2              3         2  0.64873348      1          0
2               4              5         1  0.48696113      1          0
3               6              7         1  0.91274895      1          0
4               8              9         2  0.25223267      1          0
5              10             11         2  0.12754354      1          0
6              12             13         1  0.67105822      1          0
7              14             15         1  0.97489557      1          0
8              16             17         2  0.21261469      1          0
9              18             19         2  0.29447053      1          0
10              0              0         0  0.00000000     -1          1
11             20             21         1  0.76896947      1          0
12             22             23         1  0.53377654      1          0
13             24             25         1  0.68006390      1          0
14             26             27         1  0.97055165      1          0
15              0              0         0  0.00000000     -1          2
16             28             29         2  0.01249051      1          0
17             30             31         1  0.36804538      1          0
18             32             33         2  0.25924501      1          0
19             34             35         2  0.43825618      1          0
20             36             37         2  0.18260279      1          0
21             38             39         2  0.45283310      1          0
22             40             41         2  0.85575783      1          0
23              0              0         0  0.00000000     -1          2
24              0              0         0  0.00000000     -1          1
25             42             43         1  0.87308126      1          0
26             44             45         2  0.78448302      1          0
27              0              0         0  0.00000000     -1          1
28              0              0         0  0.00000000     -1          1
29              0              0         0  0.00000000     -1          1
30             46             47         1  0.04761202      1          0
31              0              0         0  0.00000000     -1          1
32              0              0         0  0.00000000     -1          2
33              0              0         0  0.00000000     -1          2
34             48             49         2  0.42423962      1          0
35             50             51         2  0.63698980      1          0
36             52             53         2  0.18083195      1          0
37             54             55         1  0.55615356      1          0
38             56             57         1  0.90894435      1          0
39              0              0         0  0.00000000     -1          1
40             58             59         2  0.76227602      1          0
41             60             61         1  0.37393704      1          0
42             62             63         1  0.84490530      1          0
43              0              0         0  0.00000000     -1          2
44              0              0         0  0.00000000     -1          1
45              0              0         0  0.00000000     -1          2
46              0              0         0  0.00000000     -1          1
47              0              0         0  0.00000000     -1          1
48             64             65         2  0.33324148      1          0
49              0              0         0  0.00000000     -1          1
50             66             67         2  0.52252989      1          0
51              0              0         0  0.00000000     -1          2
52              0              0         0  0.00000000     -1          1
53              0              0         0  0.00000000     -1          2
54             68             69         2  0.49573027      1          0
55             70             71         2  0.54671995      1          0
56             72             73         1  0.86858280      1          0
57              0              0         0  0.00000000     -1          1
58             74             75         2  0.75951072      1          0
59             76             77         1  0.31593037      1          0
60             78             79         2  0.88862022      1          0
61             80             81         1  0.39703301      1          0
62             82             83         2  0.73176450      1          0
63              0              0         0  0.00000000     -1          1
64              0              0         0  0.00000000     -1          2
65             84             85         1  0.46790285      1          0
66              0              0         0  0.00000000     -1          2
67             86             87         1  0.27754024      1          0
68             88             89         2  0.29960661      1          0
69              0              0         0  0.00000000     -1          2
70              0              0         0  0.00000000     -1          1
71             90             91         1  0.67409863      1          0
72             92             93         1  0.78815144      1          0
73              0              0         0  0.00000000     -1          2
74             94             95         1  0.52604480      1          0
75              0              0         0  0.00000000     -1          1
76             96             97         1  0.29587004      1          0
77              0              0         0  0.00000000     -1          2
78              0              0         0  0.00000000     -1          2
79             98             99         2  0.94046772      1          0
80              0              0         0  0.00000000     -1          1
81            100            101         1  0.50387181      1          0
82              0              0         0  0.00000000     -1          2
83              0              0         0  0.00000000     -1          2
84            102            103         1  0.07329305      1          0
85              0              0         0  0.00000000     -1          1
86            104            105         1  0.25366383      1          0
87              0              0         0  0.00000000     -1          2
88              0              0         0  0.00000000     -1          1
89              0              0         0  0.00000000     -1          1
90              0              0         0  0.00000000     -1          1
91              0              0         0  0.00000000     -1          1
92              0              0         0  0.00000000     -1          1
93            106            107         1  0.82479105      1          0
94            108            109         2  0.75162155      1          0
95              0              0         0  0.00000000     -1          1
96            110            111         1  0.19861430      1          0
97              0              0         0  0.00000000     -1          1
98              0              0         0  0.00000000     -1          2
99            112            113         2  0.94349018      1          0
100           114            115         2  0.95619449      1          0
101             0              0         0  0.00000000     -1          2
102             0              0         0  0.00000000     -1          2
103           116            117         2  0.37068482      1          0
104           118            119         1  0.15187308      1          0
105             0              0         0  0.00000000     -1          1
106             0              0         0  0.00000000     -1          1
107             0              0         0  0.00000000     -1          1
108           120            121         1  0.39787497      1          0
109             0              0         0  0.00000000     -1          2
110             0              0         0  0.00000000     -1          2
111           122            123         2  0.81725277      1          0
112             0              0         0  0.00000000     -1          1
113             0              0         0  0.00000000     -1          2
114             0              0         0  0.00000000     -1          2
115             0              0         0  0.00000000     -1          2
116             0              0         0  0.00000000     -1          1
117             0              0         0  0.00000000     -1          2
118             0              0         0  0.00000000     -1          2
119             0              0         0  0.00000000     -1          2
120             0              0         0  0.00000000     -1          2
121           124            125         1  0.40407718      1          0
122             0              0         0  0.00000000     -1          2
123             0              0         0  0.00000000     -1          2
124             0              0         0  0.00000000     -1          1
125             0              0         0  0.00000000     -1          2
