    left daughter right daughter split var split point status prediction
1               2              3         2  0.65106779      1          0
2               4              5         2  0.25426731      1          0
3               6              7         2  0.77060322      1          0
4               8              9         1  0.04592463      1          0
5              10             11         2  0.47758615      1          0
6              12             13         2  0.76887302      1          0
7              14             15         2  0.84429498      1          0
8               0              0         0  0.00000000     -1          1
9              16             17         1  0.89240152      1          0
10             18             19         2  0.42361366      1          0
11             20             21         1  0.52746448      1          0
12             22             23         1  0.68681462      1          0
13              0              0         0  0.00000000     -1          1
14             24             25         1  0.31593037      1          0
15             26             27         2  0.89042315      1          0
16             28             29         2  0.17367047      1          0
17              0              0         0  0.00000000     -1          1
18             30             31         2  0.41382120      1          0
19             32             33         1  0.49259597      1          0
20             34             35         1  0.26695573      1          0
21             36             37         2  0.48239103      1          0
22             38             39         2  0.73973267      1          0
23             40             41         1  0.98133158      1          0
24             42             43         1  0.30790704      1          0
25              0              0         0  0.00000000     -1          2
26             44             45         2  0.88891192      1          0
27             46             47         2  0.97409350      1          0
28             48             49         2  0.08418470      1          0
29             50             51         2  0.18464502      1          0
30             52             53         2  0.25759947      1          0
31              0              0         0  0.00000000     -1          2
32             54             55         1  0.09234999      1          0
33              0              0         0  0.00000000     -1          1
34             56             57         2  0.58552950      1          0
35              0              0         0  0.00000000     -1          2
36              0              0         0  0.00000000     -1          2
37             58             59         1  0.58951099      1          0
38             60             61         2  0.68764434      1          0
39             62             63         1  0.38793330      1          0
40             64             65         1  0.76097323      1          0
41              0              0         0  0.00000000     -1          2
42             66             67         2  0.82447877      1          0
43              0              0         0  0.00000000     -1          1
44             68             69         1  0.22840948      1          0
45              0              0         0  0.00000000     -1          1
46             70             71         2  0.97157027      1          0
47              0              0         0  0.00000000     -1          2
48             72             73         2  0.08364450      1          0
49              0              0         0  0.00000000     -1          1
50              0              0         0  0.00000000     -1          2
51             74             75         1  0.39952776      1          0
52              0              0         0  0.00000000     -1          2
53             76             77         1  0.46267825      1          0
54              0              0         0  0.00000000     -1          1
55             78             79         1  0.23327029      1          0
56             80             81         1  0.24981973      1          0
57              0              0         0  0.00000000     -1          2
58              0              0         0  0.00000000     -1          1
59             82             83         1  0.98766175      1          0
60             84             85         1  0.24568770      1          0
61              0              0         0  0.00000000     -1          2
62              0              0         0  0.00000000     -1          2
63              0              0         0  0.00000000     -1          2
64              0              0         0  0.00000000     -1          2
65             86             87         1  0.89616594      1          0
66              0              0         0  0.00000000     -1          2
67              0              0         0  0.00000000     -1          2
68              0              0         0  0.00000000     -1          1
69             88             89         2  0.84766359      1          0
70             90             91         2  0.95479525      1          0
71              0              0         0  0.00000000     -1          1
72             92             93         2  0.01149275      1          0
73              0              0         0  0.00000000     -1          2
74             94             95         1  0.34161624      1          0
75              0              0         0  0.00000000     -1          1
76             96             97         2  0.28572287      1          0
77             98             99         1  0.91645716      1          0
78              0              0         0  0.00000000     -1          2
79              0              0         0  0.00000000     -1          2
80              0              0         0  0.00000000     -1          2
81              0              0         0  0.00000000     -1          1
82            100            101         2  0.63126017      1          0
83              0              0         0  0.00000000     -1          2
84              0              0         0  0.00000000     -1          2
85              0              0         0  0.00000000     -1          2
86              0              0         0  0.00000000     -1          1
87              0              0         0  0.00000000     -1          1
88              0              0         0  0.00000000     -1          1
89            102            103         2  0.85965820      1          0
90            104            105         2  0.93758604      1          0
91            106            107         1  0.49004311      1          0
92              0              0         0  0.00000000     -1          1
93              0              0         0  0.00000000     -1          1
94              0              0         0  0.00000000     -1          1
95              0              0         0  0.00000000     -1          2
96              0              0         0  0.00000000     -1          1
97            108            109         2  0.36985281      1          0
98            110            111         1  0.53291745      1          0
99              0              0         0  0.00000000     -1          1
100           112            113         2  0.55777850      1          0
101             0              0         0  0.00000000     -1          1
102             0              0         0  0.00000000     -1          2
103           114            115         2  0.88436101      1          0
104           116            117         1  0.07226695      1          0
105             0              0         0  0.00000000     -1          2
106             0              0         0  0.00000000     -1          2
107             0              0         0  0.00000000     -1          2
108             0              0         0  0.00000000     -1          2
109           118            119         2  0.37068482      1          0
110             0              0         0  0.00000000     -1          1
111             0              0         0  0.00000000     -1          1
112             0              0         0  0.00000000     -1          1
113           120            121         2  0.56170107      1          0
114             0              0         0  0.00000000     -1          2
115             0              0         0  0.00000000     -1          2
116             0              0         0  0.00000000     -1          1
117           122            123         2  0.93574474      1          0
118             0              0         0  0.00000000     -1          1
119           124            125         1  0.09610310      1          0
120             0              0         0  0.00000000     -1          2
121           126            127         1  0.80244233      1          0
122             0              0         0  0.00000000     -1          2
123             0              0         0  0.00000000     -1          1
124             0              0         0  0.00000000     -1          2
125             0              0         0  0.00000000     -1          2
126             0              0         0  0.00000000     -1          1
127             0              0         0  0.00000000     -1          1
