    left daughter right daughter split var split point status prediction
1               2              3         1  0.51395902      1          0
2               4              5         2  0.25164018      1          0
3               6              7         1  0.60587573      1          0
4               8              9         2  0.19983883      1          0
5              10             11         1  0.08522121      1          0
6              12             13         1  0.59198949      1          0
7              14             15         1  0.87068523      1          0
8               0              0         0  0.00000000     -1          1
9              16             17         1  0.34060835      1          0
10             18             19         1  0.07327418      1          0
11             20             21         2  0.39220168      1          0
12             22             23         2  0.53523804      1          0
13              0              0         0  0.00000000     -1          2
14             24             25         2  0.74910573      1          0
15             26             27         1  0.94370101      1          0
16             28             29         1  0.03773991      1          0
17              0              0         0  0.00000000     -1          1
18             30             31         2  0.29809753      1          0
19              0              0         0  0.00000000     -1          1
20             32             33         2  0.38548702      1          0
21             34             35         2  0.85575783      1          0
22             36             37         2  0.26886316      1          0
23             38             39         1  0.54389881      1          0
24             40             41         1  0.79358252      1          0
25             42             43         2  0.93188108      1          0
26             44             45         2  0.78492050      1          0
27             46             47         2  0.74505259      1          0
28              0              0         0  0.00000000     -1          1
29              0              0         0  0.00000000     -1          1
30              0              0         0  0.00000000     -1          1
31             48             49         2  0.96954820      1          0
32             50             51         1  0.40528521      1          0
33              0              0         0  0.00000000     -1          1
34             52             53         1  0.50644941      1          0
35             54             55         1  0.38332212      1          0
36              0              0         0  0.00000000     -1          1
37             56             57         2  0.29960661      1          0
38              0              0         0  0.00000000     -1          2
39             58             59         2  0.90795854      1          0
40             60             61         1  0.79008253      1          0
41              0              0         0  0.00000000     -1          1
42             62             63         2  0.75556140      1          0
43              0              0         0  0.00000000     -1          2
44             64             65         1  0.88875876      1          0
45             66             67         1  0.90092649      1          0
46              0              0         0  0.00000000     -1          1
47              0              0         0  0.00000000     -1          2
48             68             69         2  0.89083348      1          0
49              0              0         0  0.00000000     -1          1
50             70             71         2  0.26179690      1          0
51              0              0         0  0.00000000     -1          1
52             72             73         2  0.68610016      1          0
53              0              0         0  0.00000000     -1          2
54             74             75         2  0.86502148      1          0
55             76             77         1  0.40113623      1          0
56              0              0         0  0.00000000     -1          2
57              0              0         0  0.00000000     -1          1
58              0              0         0  0.00000000     -1          2
59              0              0         0  0.00000000     -1          2
60             78             79         1  0.64600133      1          0
61              0              0         0  0.00000000     -1          2
62              0              0         0  0.00000000     -1          2
63              0              0         0  0.00000000     -1          2
64              0              0         0  0.00000000     -1          1
65             80             81         1  0.90664083      1          0
66              0              0         0  0.00000000     -1          2
67              0              0         0  0.00000000     -1          2
68              0              0         0  0.00000000     -1          2
69              0              0         0  0.00000000     -1          2
70              0              0         0  0.00000000     -1          1
71             82             83         1  0.17576442      1          0
72             84             85         2  0.52118018      1          0
73             86             87         1  0.19211588      1          0
74              0              0         0  0.00000000     -1          1
75             88             89         2  0.89105064      1          0
76              0              0         0  0.00000000     -1          1
77              0              0         0  0.00000000     -1          2
78              0              0         0  0.00000000     -1          1
79             90             91         2  0.62798824      1          0
80              0              0         0  0.00000000     -1          1
81              0              0         0  0.00000000     -1          1
82              0              0         0  0.00000000     -1          2
83              0              0         0  0.00000000     -1          2
84              0              0         0  0.00000000     -1          2
85             92             93         2  0.52503332      1          0
86              0              0         0  0.00000000     -1          2
87             94             95         2  0.68769923      1          0
88              0              0         0  0.00000000     -1          2
89             96             97         2  0.92852927      1          0
90             98             99         2  0.18306520      1          0
91            100            101         1  0.71394664      1          0
92              0              0         0  0.00000000     -1          1
93            102            103         2  0.63698980      1          0
94              0              0         0  0.00000000     -1          1
95            104            105         2  0.77239990      1          0
96            106            107         2  0.92642495      1          0
97              0              0         0  0.00000000     -1          2
98            108            109         1  0.67139305      1          0
99            110            111         1  0.67409863      1          0
100             0              0         0  0.00000000     -1          2
101             0              0         0  0.00000000     -1          1
102             0              0         0  0.00000000     -1          2
103           112            113         2  0.63971772      1          0
104           114            115         2  0.76880352      1          0
105           116            117         1  0.20755108      1          0
106             0              0         0  0.00000000     -1          2
107             0              0         0  0.00000000     -1          1
108             0              0         0  0.00000000     -1          2
109           118            119         1  0.77680932      1          0
110             0              0         0  0.00000000     -1          1
111           120            121         2  0.47416512      1          0
112             0              0         0  0.00000000     -1          1
113             0              0         0  0.00000000     -1          2
114           122            123         1  0.20312463      1          0
115             0              0         0  0.00000000     -1          1
116             0              0         0  0.00000000     -1          2
117           124            125         2  0.80083118      1          0
118             0              0         0  0.00000000     -1          1
119             0              0         0  0.00000000     -1          1
120           126            127         1  0.77091859      1          0
121             0              0         0  0.00000000     -1          1
122             0              0         0  0.00000000     -1          1
123             0              0         0  0.00000000     -1          2
124             0              0         0  0.00000000     -1          2
125             0              0         0  0.00000000     -1          2
126             0              0         0  0.00000000     -1          1
127             0              0         0  0.00000000     -1          1
