    left daughter right daughter split var split point status prediction
1               2              3         2  0.38197152      1          0
2               4              5         1  0.39487135      1          0
3               6              7         2  0.64873348      1          0
4               8              9         1  0.38092203      1          0
5              10             11         2  0.12793945      1          0
6              12             13         2  0.42649366      1          0
7              14             15         2  0.91426416      1          0
8              16             17         2  0.26568475      1          0
9               0              0         0  0.00000000     -1          2
10              0              0         0  0.00000000     -1          1
11             18             19         1  0.53291745      1          0
12             20             21         1  0.51794466      1          0
13             22             23         1  0.56072722      1          0
14             24             25         1  0.71394664      1          0
15             26             27         2  0.97070791      1          0
16             28             29         1  0.24358957      1          0
17             30             31         2  0.29700612      1          0
18             32             33         1  0.51891012      1          0
19             34             35         1  0.65478783      1          0
20              0              0         0  0.00000000     -1          2
21              0              0         0  0.00000000     -1          1
22             36             37         1  0.50098125      1          0
23             38             39         1  0.99180999      1          0
24             40             41         1  0.43332893      1          0
25             42             43         1  0.80743926      1          0
26             44             45         1  0.43169857      1          0
27             46             47         1  0.37840841      1          0
28             48             49         2  0.23271834      1          0
29             50             51         2  0.24105463      1          0
30              0              0         0  0.00000000     -1          2
31             52             53         1  0.17576442      1          0
32             54             55         1  0.42114073      1          0
33              0              0         0  0.00000000     -1          2
34              0              0         0  0.00000000     -1          1
35             56             57         1  0.65880185      1          0
36             58             59         2  0.42781102      1          0
37              0              0         0  0.00000000     -1          2
38             60             61         1  0.81851879      1          0
39              0              0         0  0.00000000     -1          1
40             62             63         2  0.88482421      1          0
41             64             65         1  0.56694234      1          0
42              0              0         0  0.00000000     -1          1
43             66             67         2  0.78729239      1          0
44             68             69         1  0.39511304      1          0
45              0              0         0  0.00000000     -1          2
46              0              0         0  0.00000000     -1          2
47              0              0         0  0.00000000     -1          2
48             70             71         1  0.17194819      1          0
49              0              0         0  0.00000000     -1          1
50             72             73         2  0.07969861      1          0
51              0              0         0  0.00000000     -1          2
52             74             75         1  0.16842168      1          0
53              0              0         0  0.00000000     -1          2
54              0              0         0  0.00000000     -1          1
55             76             77         1  0.43751981      1          0
56              0              0         0  0.00000000     -1          2
57             78             79         1  0.76818067      1          0
58              0              0         0  0.00000000     -1          1
59             80             81         1  0.26400420      1          0
60             82             83         1  0.80858368      1          0
61              0              0         0  0.00000000     -1          1
62             84             85         2  0.75222687      1          0
63             86             87         2  0.89135802      1          0
64             88             89         2  0.90795854      1          0
65              0              0         0  0.00000000     -1          2
66              0              0         0  0.00000000     -1          1
67             90             91         2  0.91168757      1          0
68             92             93         1  0.22172015      1          0
69              0              0         0  0.00000000     -1          1
70              0              0         0  0.00000000     -1          1
71              0              0         0  0.00000000     -1          1
72              0              0         0  0.00000000     -1          1
73             94             95         1  0.25567532      1          0
74              0              0         0  0.00000000     -1          2
75              0              0         0  0.00000000     -1          1
76              0              0         0  0.00000000     -1          2
77              0              0         0  0.00000000     -1          1
78              0              0         0  0.00000000     -1          1
79             96             97         1  0.77203310      1          0
80             98             99         1  0.25366383      1          0
81              0              0         0  0.00000000     -1          2
82            100            101         2  0.62488596      1          0
83              0              0         0  0.00000000     -1          2
84              0              0         0  0.00000000     -1          2
85            102            103         1  0.30669641      1          0
86              0              0         0  0.00000000     -1          1
87              0              0         0  0.00000000     -1          2
88            104            105         2  0.85733711      1          0
89              0              0         0  0.00000000     -1          1
90            106            107         2  0.86074503      1          0
91              0              0         0  0.00000000     -1          1
92              0              0         0  0.00000000     -1          2
93              0              0         0  0.00000000     -1          2
94              0              0         0  0.00000000     -1          2
95              0              0         0  0.00000000     -1          1
96              0              0         0  0.00000000     -1          2
97            108            109         2  0.18475742      1          0
98              0              0         0  0.00000000     -1          2
99              0              0         0  0.00000000     -1          1
100           110            111         2  0.54671995      1          0
101             0              0         0  0.00000000     -1          2
102           112            113         2  0.75389370      1          0
103             0              0         0  0.00000000     -1          1
104           114            115         1  0.52780931      1          0
105             0              0         0  0.00000000     -1          2
106             0              0         0  0.00000000     -1          2
107             0              0         0  0.00000000     -1          2
108             0              0         0  0.00000000     -1          1
109           116            117         1  0.93825522      1          0
110             0              0         0  0.00000000     -1          1
111           118            119         1  0.67409863      1          0
112             0              0         0  0.00000000     -1          1
113           120            121         1  0.18393348      1          0
114             0              0         0  0.00000000     -1          2
115             0              0         0  0.00000000     -1          2
116             0              0         0  0.00000000     -1          1
117             0              0         0  0.00000000     -1          1
118             0              0         0  0.00000000     -1          1
119             0              0         0  0.00000000     -1          1
120           122            123         1  0.15341978      1          0
121             0              0         0  0.00000000     -1          2
122             0              0         0  0.00000000     -1          2
123             0              0         0  0.00000000     -1          1
