    left daughter right daughter split var split point status prediction
1               2              3         2  0.45718531      1          0
2               4              5         2  0.26523311      1          0
3               6              7         2  0.65106779      1          0
4               8              9         2  0.08393065      1          0
5              10             11         2  0.33705759      1          0
6              12             13         2  0.51260251      1          0
7              14             15         1  0.91777153      1          0
8              16             17         1  0.14054289      1          0
9              18             19         2  0.08444409      1          0
10             20             21         1  0.40528521      1          0
11             22             23         1  0.46568324      1          0
12             24             25         1  0.49664749      1          0
13             26             27         1  0.58658810      1          0
14             28             29         2  0.76122875      1          0
15             30             31         1  0.91964145      1          0
16              0              0         0  0.00000000     -1          1
17              0              0         0  0.00000000     -1          1
18              0              0         0  0.00000000     -1          2
19             32             33         2  0.18465973      1          0
20             34             35         2  0.29311626      1          0
21             36             37         2  0.29528062      1          0
22             38             39         2  0.34335378      1          0
23             40             41         1  0.86952332      1          0
24              0              0         0  0.00000000     -1          2
25              0              0         0  0.00000000     -1          1
26             42             43         1  0.26643976      1          0
27             44             45         1  0.87177154      1          0
28             46             47         1  0.66096833      1          0
29             48             49         2  0.85575783      1          0
30              0              0         0  0.00000000     -1          1
31             50             51         2  0.86074503      1          0
32             52             53         1  0.77014107      1          0
33             54             55         1  0.03773991      1          0
34              0              0         0  0.00000000     -1          2
35              0              0         0  0.00000000     -1          2
36              0              0         0  0.00000000     -1          1
37             56             57         2  0.32865226      1          0
38              0              0         0  0.00000000     -1          1
39             58             59         1  0.08991040      1          0
40             60             61         1  0.49715667      1          0
41              0              0         0  0.00000000     -1          1
42             62             63         1  0.25366383      1          0
43              0              0         0  0.00000000     -1          2
44             64             65         2  0.63344828      1          0
45              0              0         0  0.00000000     -1          1
46             66             67         2  0.75951072      1          0
47             68             69         2  0.69628236      1          0
48             70             71         1  0.38526211      1          0
49             72             73         2  0.86395631      1          0
50             74             75         2  0.84722776      1          0
51              0              0         0  0.00000000     -1          2
52             76             77         2  0.17888332      1          0
53             78             79         2  0.18299865      1          0
54              0              0         0  0.00000000     -1          1
55             80             81         1  0.87599206      1          0
56              0              0         0  0.00000000     -1          1
57              0              0         0  0.00000000     -1          1
58              0              0         0  0.00000000     -1          2
59             82             83         1  0.30678284      1          0
60              0              0         0  0.00000000     -1          1
61              0              0         0  0.00000000     -1          1
62             84             85         1  0.19108967      1          0
63              0              0         0  0.00000000     -1          1
64             86             87         1  0.86013247      1          0
65              0              0         0  0.00000000     -1          1
66             88             89         2  0.73973267      1          0
67              0              0         0  0.00000000     -1          1
68              0              0         0  0.00000000     -1          1
69              0              0         0  0.00000000     -1          2
70             90             91         2  0.83054079      1          0
71              0              0         0  0.00000000     -1          2
72              0              0         0  0.00000000     -1          1
73             92             93         1  0.42826683      1          0
74              0              0         0  0.00000000     -1          1
75              0              0         0  0.00000000     -1          1
76             94             95         2  0.17372381      1          0
77              0              0         0  0.00000000     -1          1
78             96             97         1  0.77201215      1          0
79              0              0         0  0.00000000     -1          2
80              0              0         0  0.00000000     -1          1
81              0              0         0  0.00000000     -1          1
82              0              0         0  0.00000000     -1          2
83              0              0         0  0.00000000     -1          2
84              0              0         0  0.00000000     -1          2
85              0              0         0  0.00000000     -1          2
86             98             99         1  0.80244233      1          0
87              0              0         0  0.00000000     -1          2
88              0              0         0  0.00000000     -1          2
89            100            101         1  0.17647560      1          0
90            102            103         2  0.82367472      1          0
91              0              0         0  0.00000000     -1          2
92            104            105         1  0.38492426      1          0
93              0              0         0  0.00000000     -1          2
94            106            107         2  0.12908525      1          0
95              0              0         0  0.00000000     -1          1
96              0              0         0  0.00000000     -1          2
97            108            109         1  0.79407783      1          0
98            110            111         1  0.68761244      1          0
99              0              0         0  0.00000000     -1          1
100             0              0         0  0.00000000     -1          2
101             0              0         0  0.00000000     -1          2
102           112            113         1  0.36112268      1          0
103             0              0         0  0.00000000     -1          1
104           114            115         2  0.87812997      1          0
105             0              0         0  0.00000000     -1          1
106           116            117         1  0.30760103      1          0
107             0              0         0  0.00000000     -1          1
108             0              0         0  0.00000000     -1          1
109             0              0         0  0.00000000     -1          1
110           118            119         2  0.56016014      1          0
111             0              0         0  0.00000000     -1          1
112           120            121         2  0.79878854      1          0
113             0              0         0  0.00000000     -1          1
114             0              0         0  0.00000000     -1          1
115           122            123         1  0.06458512      1          0
116             0              0         0  0.00000000     -1          1
117             0              0         0  0.00000000     -1          1
118             0              0         0  0.00000000     -1          1
119             0              0         0  0.00000000     -1          1
120             0              0         0  0.00000000     -1          2
121             0              0         0  0.00000000     -1          2
122             0              0         0  0.00000000     -1          2
123           124            125         2  0.93127729      1          0
124           126            127         2  0.92642495      1          0
125             0              0         0  0.00000000     -1          2
126             0              0         0  0.00000000     -1          2
127             0              0         0  0.00000000     -1          1
