    left daughter right daughter split var split point status prediction
1               2              3         1  0.55312784      1          0
2               4              5         1  0.51478437      1          0
3               6              7         1  0.56978692      1          0
4               8              9         2  0.28572287      1          0
5              10             11         1  0.53004276      1          0
6              12             13         2  0.64324733      1          0
7              14             15         2  0.69628236      1          0
8              16             17         1  0.28408420      1          0
9              18             19         2  0.85552859      1          0
10             20             21         1  0.51698698      1          0
11             22             23         1  0.53913820      1          0
12              0              0         0  0.00000000     -1          1
13              0              0         0  0.00000000     -1          2
14             24             25         2  0.17340682      1          0
15             26             27         1  0.93295984      1          0
16             28             29         2  0.19983883      1          0
17             30             31         2  0.20132957      1          0
18             32             33         1  0.50769634      1          0
19             34             35         2  0.85643087      1          0
20              0              0         0  0.00000000     -1          1
21             36             37         2  0.75548073      1          0
22              0              0         0  0.00000000     -1          2
23              0              0         0  0.00000000     -1          2
24              0              0         0  0.00000000     -1          1
25             38             39         2  0.18316289      1          0
26             40             41         2  0.76859159      1          0
27             42             43         1  0.93452786      1          0
28             44             45         1  0.13021744      1          0
29             46             47         1  0.25321162      1          0
30              0              0         0  0.00000000     -1          1
31              0              0         0  0.00000000     -1          1
32             48             49         2  0.42870976      1          0
33              0              0         0  0.00000000     -1          2
34              0              0         0  0.00000000     -1          1
35             50             51         2  0.89886364      1          0
36              0              0         0  0.00000000     -1          1
37              0              0         0  0.00000000     -1          2
38              0              0         0  0.00000000     -1          2
39             52             53         1  0.70502565      1          0
40             54             55         2  0.75110542      1          0
41              0              0         0  0.00000000     -1          2
42              0              0         0  0.00000000     -1          1
43             56             57         1  0.97055165      1          0
44              0              0         0  0.00000000     -1          1
45             58             59         2  0.01249051      1          0
46             60             61         2  0.20769585      1          0
47              0              0         0  0.00000000     -1          2
48             62             63         2  0.42676118      1          0
49             64             65         1  0.19319851      1          0
50             66             67         2  0.89643564      1          0
51             68             69         2  0.95479525      1          0
52             70             71         1  0.57722836      1          0
53             72             73         2  0.25426731      1          0
54             74             75         1  0.76266046      1          0
55              0              0         0  0.00000000     -1          1
56              0              0         0  0.00000000     -1          2
57              0              0         0  0.00000000     -1          1
58              0              0         0  0.00000000     -1          1
59             76             77         1  0.17314809      1          0
60              0              0         0  0.00000000     -1          2
61             78             79         1  0.21317744      1          0
62             80             81         2  0.33340746      1          0
63              0              0         0  0.00000000     -1          1
64              0              0         0  0.00000000     -1          2
65             82             83         1  0.19443188      1          0
66             84             85         1  0.32589989      1          0
67              0              0         0  0.00000000     -1          1
68             86             87         1  0.23761284      1          0
69             88             89         1  0.03974189      1          0
70              0              0         0  0.00000000     -1          1
71             90             91         1  0.67409863      1          0
72              0              0         0  0.00000000     -1          1
73             92             93         1  0.70868316      1          0
74              0              0         0  0.00000000     -1          2
75              0              0         0  0.00000000     -1          1
76              0              0         0  0.00000000     -1          1
77              0              0         0  0.00000000     -1          1
78             94             95         2  0.23404822      1          0
79              0              0         0  0.00000000     -1          1
80              0              0         0  0.00000000     -1          2
81             96             97         1  0.46267825      1          0
82              0              0         0  0.00000000     -1          1
83             98             99         2  0.68583146      1          0
84            100            101         1  0.32508621      1          0
85              0              0         0  0.00000000     -1          2
86              0              0         0  0.00000000     -1          2
87              0              0         0  0.00000000     -1          2
88              0              0         0  0.00000000     -1          1
89            102            103         1  0.37527993      1          0
90              0              0         0  0.00000000     -1          1
91            104            105         2  0.54586489      1          0
92              0              0         0  0.00000000     -1          2
93            106            107         2  0.26061973      1          0
94              0              0         0  0.00000000     -1          1
95              0              0         0  0.00000000     -1          1
96            108            109         2  0.38548702      1          0
97              0              0         0  0.00000000     -1          1
98              0              0         0  0.00000000     -1          2
99            110            111         2  0.69733845      1          0
100           112            113         2  0.88892761      1          0
101             0              0         0  0.00000000     -1          1
102             0              0         0  0.00000000     -1          2
103             0              0         0  0.00000000     -1          2
104             0              0         0  0.00000000     -1          1
105             0              0         0  0.00000000     -1          1
106             0              0         0  0.00000000     -1          2
107           114            115         2  0.42755846      1          0
108             0              0         0  0.00000000     -1          2
109             0              0         0  0.00000000     -1          2
110             0              0         0  0.00000000     -1          1
111           116            117         2  0.77102050      1          0
112             0              0         0  0.00000000     -1          2
113             0              0         0  0.00000000     -1          2
114           118            119         2  0.42118957      1          0
115           120            121         1  0.81934224      1          0
116             0              0         0  0.00000000     -1          2
117             0              0         0  0.00000000     -1          2
118           122            123         2  0.34394473      1          0
119             0              0         0  0.00000000     -1          2
120           124            125         1  0.80666199      1          0
121           126            127         2  0.55547985      1          0
122             0              0         0  0.00000000     -1          1
123             0              0         0  0.00000000     -1          1
124             0              0         0  0.00000000     -1          1
125             0              0         0  0.00000000     -1          2
126             0              0         0  0.00000000     -1          1
127             0              0         0  0.00000000     -1          1
