    left daughter right daughter split var split point status prediction
1               2              3         1  0.60555463      1          0
2               4              5         1  0.50715695      1          0
3               6              7         2  0.73094148      1          0
4               8              9         1  0.09417201      1          0
5              10             11         2  0.53201789      1          0
6              12             13         1  0.83283559      1          0
7              14             15         2  0.76982645      1          0
8              16             17         2  0.29674326      1          0
9              18             19         2  0.28258439      1          0
10             20             21         2  0.16072436      1          0
11             22             23         1  0.51760504      1          0
12             24             25         2  0.64873348      1          0
13             26             27         1  0.93868418      1          0
14             28             29         1  0.77893544      1          0
15             30             31         1  0.89588630      1          0
16             32             33         1  0.04443177      1          0
17             34             35         1  0.06388685      1          0
18             36             37         1  0.29601171      1          0
19             38             39         2  0.68610016      1          0
20              0              0         0  0.00000000     -1          1
21             40             41         1  0.53459433      1          0
22              0              0         0  0.00000000     -1          1
23             42             43         2  0.64221871      1          0
24             44             45         2  0.12798858      1          0
25             46             47         2  0.68985881      1          0
26             48             49         2  0.45283310      1          0
27              0              0         0  0.00000000     -1          1
28              0              0         0  0.00000000     -1          2
29              0              0         0  0.00000000     -1          1
30             50             51         1  0.79170454      1          0
31             52             53         1  0.94030271      1          0
32             54             55         1  0.04208579      1          0
33              0              0         0  0.00000000     -1          1
34             56             57         1  0.01528252      1          0
35             58             59         2  0.90080804      1          0
36             60             61         1  0.29350290      1          0
37             62             63         1  0.39429777      1          0
38             64             65         1  0.10698622      1          0
39             66             67         2  0.77102050      1          0
40              0              0         0  0.00000000     -1          1
41              0              0         0  0.00000000     -1          1
42              0              0         0  0.00000000     -1          2
43             68             69         2  0.90479557      1          0
44              0              0         0  0.00000000     -1          1
45             70             71         2  0.18316289      1          0
46              0              0         0  0.00000000     -1          1
47              0              0         0  0.00000000     -1          2
48             72             73         1  0.93825522      1          0
49              0              0         0  0.00000000     -1          1
50              0              0         0  0.00000000     -1          2
51             74             75         2  0.92785342      1          0
52              0              0         0  0.00000000     -1          2
53              0              0         0  0.00000000     -1          2
54              0              0         0  0.00000000     -1          1
55              0              0         0  0.00000000     -1          2
56              0              0         0  0.00000000     -1          2
57              0              0         0  0.00000000     -1          2
58              0              0         0  0.00000000     -1          2
59              0              0         0  0.00000000     -1          2
60             76             77         2  0.26179690      1          0
61              0              0         0  0.00000000     -1          2
62             78             79         2  0.19353475      1          0
63              0              0         0  0.00000000     -1          1
64              0              0         0  0.00000000     -1          2
65             80             81         2  0.36844791      1          0
66             82             83         2  0.76904986      1          0
67             84             85         2  0.85519861      1          0
68              0              0         0  0.00000000     -1          2
69              0              0         0  0.00000000     -1          2
70              0              0         0  0.00000000     -1          2
71             86             87         2  0.47745682      1          0
72             88             89         1  0.87143896      1          0
73              0              0         0  0.00000000     -1          2
74              0              0         0  0.00000000     -1          2
75              0              0         0  0.00000000     -1          2
76             90             91         2  0.01249051      1          0
77              0              0         0  0.00000000     -1          2
78              0              0         0  0.00000000     -1          1
79              0              0         0  0.00000000     -1          1
80             92             93         2  0.36049993      1          0
81             94             95         1  0.26554436      1          0
82             96             97         1  0.19211588      1          0
83              0              0         0  0.00000000     -1          1
84             98             99         1  0.31593037      1          0
85            100            101         1  0.20603896      1          0
86            102            103         2  0.32865226      1          0
87            104            105         1  0.80606814      1          0
88              0              0         0  0.00000000     -1          1
89            106            107         2  0.44976262      1          0
90              0              0         0  0.00000000     -1          2
91              0              0         0  0.00000000     -1          1
92            108            109         1  0.44824780      1          0
93              0              0         0  0.00000000     -1          1
94            110            111         1  0.25254590      1          0
95              0              0         0  0.00000000     -1          2
96              0              0         0  0.00000000     -1          2
97            112            113         2  0.74534385      1          0
98            114            115         1  0.29587004      1          0
99              0              0         0  0.00000000     -1          2
100             0              0         0  0.00000000     -1          2
101           116            117         2  0.86200198      1          0
102             0              0         0  0.00000000     -1          1
103           118            119         1  0.81791688      1          0
104           120            121         2  0.48279424      1          0
105             0              0         0  0.00000000     -1          2
106           122            123         1  0.87300465      1          0
107             0              0         0  0.00000000     -1          2
108             0              0         0  0.00000000     -1          2
109             0              0         0  0.00000000     -1          1
110           124            125         2  0.63929386      1          0
111             0              0         0  0.00000000     -1          1
112           126            127         1  0.27440708      1          0
113             0              0         0  0.00000000     -1          1
114             0              0         0  0.00000000     -1          2
115             0              0         0  0.00000000     -1          1
116             0              0         0  0.00000000     -1          1
117             0              0         0  0.00000000     -1          2
118             0              0         0  0.00000000     -1          1
119             0              0         0  0.00000000     -1          2
120             0              0         0  0.00000000     -1          2
121             0              0         0  0.00000000     -1          1
122             0              0         0  0.00000000     -1          2
123             0              0         0  0.00000000     -1          1
124             0              0         0  0.00000000     -1          2
125             0              0         0  0.00000000     -1          2
126             0              0         0  0.00000000     -1          1
127             0              0         0  0.00000000     -1          2
