    left daughter right daughter split var split point status prediction
1               2              3         1  0.50685054      1          0
2               4              5         1  0.03682608      1          0
3               6              7         1  0.61764596      1          0
4               8              9         2  0.30191755      1          0
5              10             11         2  0.28755937      1          0
6              12             13         2  0.65122505      1          0
7              14             15         1  0.94219256      1          0
8               0              0         0  0.00000000     -1          1
9               0              0         0  0.00000000     -1          2
10             16             17         2  0.20670640      1          0
11             18             19         2  0.85575783      1          0
12             20             21         2  0.53523804      1          0
13             22             23         1  0.52019204      1          0
14             24             25         2  0.69698335      1          0
15             26             27         1  0.95068495      1          0
16             28             29         1  0.25868569      1          0
17             30             31         2  0.21567818      1          0
18             32             33         2  0.34179373      1          0
19             34             35         1  0.48437211      1          0
20             36             37         2  0.18000469      1          0
21              0              0         0  0.00000000     -1          1
22              0              0         0  0.00000000     -1          1
23             38             39         1  0.53077653      1          0
24             40             41         1  0.87398535      1          0
25             42             43         1  0.93295984      1          0
26              0              0         0  0.00000000     -1          1
27             44             45         1  0.95411834      1          0
28             46             47         2  0.08418470      1          0
29              0              0         0  0.00000000     -1          1
30              0              0         0  0.00000000     -1          2
31             48             49         2  0.23127402      1          0
32             50             51         2  0.33324148      1          0
33             52             53         1  0.25710186      1          0
34             54             55         2  0.89886364      1          0
35              0              0         0  0.00000000     -1          1
36              0              0         0  0.00000000     -1          1
37              0              0         0  0.00000000     -1          1
38              0              0         0  0.00000000     -1          2
39             56             57         2  0.90795854      1          0
40             58             59         1  0.83170348      1          0
41             60             61         1  0.87674521      1          0
42             62             63         2  0.72504142      1          0
43              0              0         0  0.00000000     -1          1
44              0              0         0  0.00000000     -1          2
45             64             65         2  0.80098069      1          0
46             66             67         1  0.23034321      1          0
47              0              0         0  0.00000000     -1          1
48              0              0         0  0.00000000     -1          1
49             68             69         2  0.23757655      1          0
50              0              0         0  0.00000000     -1          2
51              0              0         0  0.00000000     -1          1
52             70             71         1  0.25366383      1          0
53             72             73         1  0.49533474      1          0
54             74             75         2  0.88399751      1          0
55             76             77         1  0.30062936      1          0
56              0              0         0  0.00000000     -1          2
57              0              0         0  0.00000000     -1          2
58             78             79         1  0.82762542      1          0
59              0              0         0  0.00000000     -1          1
60              0              0         0  0.00000000     -1          2
61             80             81         1  0.88021580      1          0
62              0              0         0  0.00000000     -1          1
63             82             83         2  0.75713625      1          0
64             84             85         1  0.98776927      1          0
65              0              0         0  0.00000000     -1          2
66              0              0         0  0.00000000     -1          1
67              0              0         0  0.00000000     -1          2
68              0              0         0  0.00000000     -1          2
69             86             87         2  0.26179690      1          0
70             88             89         1  0.19108967      1          0
71              0              0         0  0.00000000     -1          1
72             90             91         2  0.74327523      1          0
73              0              0         0  0.00000000     -1          2
74              0              0         0  0.00000000     -1          2
75              0              0         0  0.00000000     -1          1
76              0              0         0  0.00000000     -1          2
77             92             93         1  0.43414373      1          0
78             94             95         2  0.69628236      1          0
79              0              0         0  0.00000000     -1          2
80              0              0         0  0.00000000     -1          1
81             96             97         1  0.93825522      1          0
82              0              0         0  0.00000000     -1          2
83             98             99         1  0.88802089      1          0
84              0              0         0  0.00000000     -1          1
85              0              0         0  0.00000000     -1          1
86              0              0         0  0.00000000     -1          1
87              0              0         0  0.00000000     -1          1
88            100            101         2  0.52945247      1          0
89            102            103         2  0.63554081      1          0
90              0              0         0  0.00000000     -1          2
91            104            105         1  0.38793330      1          0
92            106            107         1  0.42100552      1          0
93              0              0         0  0.00000000     -1          2
94            108            109         1  0.81659331      1          0
95              0              0         0  0.00000000     -1          2
96            110            111         2  0.29930406      1          0
97              0              0         0  0.00000000     -1          2
98              0              0         0  0.00000000     -1          2
99              0              0         0  0.00000000     -1          2
100           112            113         1  0.15629264      1          0
101           114            115         2  0.77220385      1          0
102           116            117         2  0.42781102      1          0
103             0              0         0  0.00000000     -1          2
104             0              0         0  0.00000000     -1          2
105             0              0         0  0.00000000     -1          2
106           118            119         1  0.31262243      1          0
107             0              0         0  0.00000000     -1          1
108           120            121         2  0.68985881      1          0
109             0              0         0  0.00000000     -1          1
110             0              0         0  0.00000000     -1          1
111             0              0         0  0.00000000     -1          1
112           122            123         1  0.15092946      1          0
113             0              0         0  0.00000000     -1          2
114             0              0         0  0.00000000     -1          2
115           124            125         2  0.77764254      1          0
116             0              0         0  0.00000000     -1          2
117             0              0         0  0.00000000     -1          2
118             0              0         0  0.00000000     -1          1
119             0              0         0  0.00000000     -1          2
120           126            127         2  0.16285852      1          0
121             0              0         0  0.00000000     -1          1
122             0              0         0  0.00000000     -1          2
123             0              0         0  0.00000000     -1          1
124             0              0         0  0.00000000     -1          1
125             0              0         0  0.00000000     -1          2
126             0              0         0  0.00000000     -1          1
127             0              0         0  0.00000000     -1          1
