    left daughter right daughter split var split point status prediction
1               2              3         2  0.45719012      1          0
2               4              5         2  0.26492207      1          0
3               6              7         2  0.65106779      1          0
4               8              9         1  0.67031715      1          0
5              10             11         2  0.31348419      1          0
6              12             13         1  0.51349925      1          0
7              14             15         2  0.69979853      1          0
8              16             17         2  0.08393065      1          0
9              18             19         1  0.88348715      1          0
10             20             21         2  0.28258439      1          0
11             22             23         2  0.36626322      1          0
12             24             25         1  0.26400420      1          0
13             26             27         1  0.87100381      1          0
14             28             29         2  0.69254609      1          0
15             30             31         2  0.97346649      1          0
16              0              0         0  0.00000000     -1          1
17             32             33         1  0.65739869      1          0
18              0              0         0  0.00000000     -1          1
19             34             35         1  0.89240152      1          0
20              0              0         0  0.00000000     -1          1
21             36             37         1  0.45235508      1          0
22             38             39         1  0.39866908      1          0
23             40             41         1  0.49715667      1          0
24             42             43         2  0.63929386      1          0
25              0              0         0  0.00000000     -1          2
26             44             45         1  0.85886075      1          0
27             46             47         1  0.98766175      1          0
28             48             49         1  0.82081639      1          0
29              0              0         0  0.00000000     -1          2
30             50             51         1  0.15511437      1          0
31              0              0         0  0.00000000     -1          2
32             52             53         2  0.08418470      1          0
33              0              0         0  0.00000000     -1          2
34              0              0         0  0.00000000     -1          2
35              0              0         0  0.00000000     -1          1
36              0              0         0  0.00000000     -1          2
37              0              0         0  0.00000000     -1          1
38              0              0         0  0.00000000     -1          2
39             54             55         1  0.76464181      1          0
40             56             57         2  0.42870976      1          0
41             58             59         1  0.86841513      1          0
42             60             61         2  0.59060542      1          0
43              0              0         0  0.00000000     -1          2
44             62             63         2  0.62749611      1          0
45              0              0         0  0.00000000     -1          2
46              0              0         0  0.00000000     -1          1
47              0              0         0  0.00000000     -1          1
48             64             65         1  0.62525023      1          0
49              0              0         0  0.00000000     -1          1
50             66             67         1  0.06595980      1          0
51             68             69         1  0.18436119      1          0
52              0              0         0  0.00000000     -1          2
53             70             71         2  0.17474301      1          0
54              0              0         0  0.00000000     -1          1
55              0              0         0  0.00000000     -1          1
56             72             73         2  0.42676118      1          0
57              0              0         0  0.00000000     -1          2
58              0              0         0  0.00000000     -1          1
59              0              0         0  0.00000000     -1          1
60              0              0         0  0.00000000     -1          2
61              0              0         0  0.00000000     -1          2
62             74             75         2  0.59482120      1          0
63              0              0         0  0.00000000     -1          1
64             76             77         2  0.68610016      1          0
65              0              0         0  0.00000000     -1          2
66             78             79         2  0.89083348      1          0
67              0              0         0  0.00000000     -1          2
68              0              0         0  0.00000000     -1          1
69             80             81         1  0.30425737      1          0
70             82             83         1  0.50656612      1          0
71             84             85         1  0.03773991      1          0
72             86             87         2  0.38998626      1          0
73              0              0         0  0.00000000     -1          1
74             88             89         1  0.80824797      1          0
75              0              0         0  0.00000000     -1          1
76              0              0         0  0.00000000     -1          2
77              0              0         0  0.00000000     -1          2
78              0              0         0  0.00000000     -1          2
79              0              0         0  0.00000000     -1          1
80             90             91         1  0.20603896      1          0
81             92             93         1  0.31593037      1          0
82             94             95         2  0.12765275      1          0
83              0              0         0  0.00000000     -1          1
84              0              0         0  0.00000000     -1          1
85              0              0         0  0.00000000     -1          1
86              0              0         0  0.00000000     -1          2
87              0              0         0  0.00000000     -1          2
88             96             97         2  0.55050838      1          0
89              0              0         0  0.00000000     -1          1
90              0              0         0  0.00000000     -1          2
91              0              0         0  0.00000000     -1          2
92              0              0         0  0.00000000     -1          1
93             98             99         1  0.56911033      1          0
94            100            101         1  0.15837447      1          0
95              0              0         0  0.00000000     -1          1
96            102            103         2  0.48279424      1          0
97              0              0         0  0.00000000     -1          1
98            104            105         1  0.56334045      1          0
99            106            107         2  0.97112918      1          0
100             0              0         0  0.00000000     -1          1
101             0              0         0  0.00000000     -1          1
102             0              0         0  0.00000000     -1          1
103             0              0         0  0.00000000     -1          1
104           108            109         1  0.38564041      1          0
105             0              0         0  0.00000000     -1          1
106           110            111         1  0.93050238      1          0
107             0              0         0  0.00000000     -1          1
108           112            113         2  0.88137486      1          0
109           114            115         2  0.93942310      1          0
110           116            117         2  0.75713625      1          0
111           118            119         1  0.94030271      1          0
112             0              0         0  0.00000000     -1          2
113             0              0         0  0.00000000     -1          2
114           120            121         1  0.39703454      1          0
115             0              0         0  0.00000000     -1          1
116           122            123         1  0.72436753      1          0
117             0              0         0  0.00000000     -1          2
118             0              0         0  0.00000000     -1          1
119             0              0         0  0.00000000     -1          2
120             0              0         0  0.00000000     -1          1
121           124            125         2  0.74941224      1          0
122             0              0         0  0.00000000     -1          2
123             0              0         0  0.00000000     -1          1
124             0              0         0  0.00000000     -1          2
125           126            127         1  0.47746306      1          0
126             0              0         0  0.00000000     -1          2
127             0              0         0  0.00000000     -1          2
