    left daughter right daughter split var split point status prediction
1               2              3         1  0.50644941      1          0
2               4              5         1  0.01385954      1          0
3               6              7         2  0.73176450      1          0
4               0              0         0  0.00000000     -1          2
5               8              9         1  0.49132756      1          0
6              10             11         1  0.65958320      1          0
7              12             13         2  0.76588987      1          0
8              14             15         1  0.48437211      1          0
9               0              0         0  0.00000000     -1          2
10             16             17         2  0.65417633      1          0
11             18             19         2  0.25426731      1          0
12             20             21         1  0.77893544      1          0
13             22             23         2  0.93258720      1          0
14             24             25         1  0.42826683      1          0
15              0              0         0  0.00000000     -1          1
16             26             27         1  0.65620412      1          0
17              0              0         0  0.00000000     -1          2
18             28             29         1  0.78096306      1          0
19             30             31         1  0.98816524      1          0
20              0              0         0  0.00000000     -1          2
21              0              0         0  0.00000000     -1          1
22             32             33         2  0.86161254      1          0
23             34             35         1  0.89588630      1          0
24             36             37         2  0.26348369      1          0
25             38             39         2  0.36563403      1          0
26             40             41         2  0.62749611      1          0
27              0              0         0  0.00000000     -1          2
28             42             43         2  0.15018885      1          0
29              0              0         0  0.00000000     -1          1
30             44             45         1  0.94049038      1          0
31              0              0         0  0.00000000     -1          1
32              0              0         0  0.00000000     -1          2
33             46             47         2  0.86445625      1          0
34             48             49         1  0.78342401      1          0
35              0              0         0  0.00000000     -1          1
36             50             51         2  0.25223267      1          0
37             52             53         1  0.42637015      1          0
38              0              0         0  0.00000000     -1          1
39              0              0         0  0.00000000     -1          2
40             54             55         1  0.64561658      1          0
41              0              0         0  0.00000000     -1          2
42              0              0         0  0.00000000     -1          1
43              0              0         0  0.00000000     -1          1
44             56             57         1  0.93786698      1          0
45              0              0         0  0.00000000     -1          1
46              0              0         0  0.00000000     -1          1
47             58             59         1  0.97928943      1          0
48              0              0         0  0.00000000     -1          2
49              0              0         0  0.00000000     -1          2
50             60             61         2  0.10547684      1          0
51              0              0         0  0.00000000     -1          1
52             62             63         2  0.39220168      1          0
53              0              0         0  0.00000000     -1          1
54             64             65         2  0.28572893      1          0
55              0              0         0  0.00000000     -1          1
56             66             67         1  0.67348434      1          0
57              0              0         0  0.00000000     -1          2
58              0              0         0  0.00000000     -1          2
59              0              0         0  0.00000000     -1          1
60             68             69         1  0.24394925      1          0
61              0              0         0  0.00000000     -1          1
62             70             71         1  0.12449793      1          0
63             72             73         2  0.75139211      1          0
64             74             75         2  0.27143793      1          0
65              0              0         0  0.00000000     -1          1
66              0              0         0  0.00000000     -1          1
67             76             77         2  0.26176841      1          0
68             78             79         1  0.12273832      1          0
69              0              0         0  0.00000000     -1          1
70              0              0         0  0.00000000     -1          1
71             80             81         1  0.25512137      1          0
72             82             83         2  0.57638872      1          0
73             84             85         1  0.36962071      1          0
74              0              0         0  0.00000000     -1          1
75              0              0         0  0.00000000     -1          2
76              0              0         0  0.00000000     -1          2
77             86             87         2  0.63344828      1          0
78              0              0         0  0.00000000     -1          1
79              0              0         0  0.00000000     -1          1
80             88             89         1  0.17576442      1          0
81              0              0         0  0.00000000     -1          2
82             90             91         1  0.15352488      1          0
83             92             93         2  0.58129713      1          0
84             94             95         2  0.75389370      1          0
85              0              0         0  0.00000000     -1          1
86             96             97         2  0.29930406      1          0
87             98             99         2  0.63754419      1          0
88              0              0         0  0.00000000     -1          2
89              0              0         0  0.00000000     -1          2
90            100            101         1  0.15050300      1          0
91              0              0         0  0.00000000     -1          2
92              0              0         0  0.00000000     -1          1
93            102            103         2  0.59243430      1          0
94              0              0         0  0.00000000     -1          1
95            104            105         2  0.92877316      1          0
96              0              0         0  0.00000000     -1          1
97            106            107         2  0.42649366      1          0
98              0              0         0  0.00000000     -1          2
99            108            109         1  0.71014507      1          0
100             0              0         0  0.00000000     -1          2
101             0              0         0  0.00000000     -1          1
102             0              0         0  0.00000000     -1          2
103           110            111         2  0.63698980      1          0
104           112            113         2  0.92306870      1          0
105           114            115         2  0.96954820      1          0
106           116            117         1  0.87931413      1          0
107           118            119         2  0.55211822      1          0
108             0              0         0  0.00000000     -1          1
109           120            121         1  0.79184246      1          0
110             0              0         0  0.00000000     -1          2
111           122            123         1  0.19108967      1          0
112           124            125         2  0.85715237      1          0
113             0              0         0  0.00000000     -1          1
114             0              0         0  0.00000000     -1          2
115             0              0         0  0.00000000     -1          2
116           126            127         1  0.86776257      1          0
117             0              0         0  0.00000000     -1          1
118             0              0         0  0.00000000     -1          1
119             0              0         0  0.00000000     -1          1
120             0              0         0  0.00000000     -1          1
121             0              0         0  0.00000000     -1          1
122             0              0         0  0.00000000     -1          2
123             0              0         0  0.00000000     -1          2
124             0              0         0  0.00000000     -1          2
125             0              0         0  0.00000000     -1          2
126             0              0         0  0.00000000     -1          1
127             0              0         0  0.00000000     -1          2
