    left daughter right daughter split var split point status prediction
1               2              3         1  0.55118990      1          0
2               4              5         2  0.29447053      1          0
3               6              7         2  0.69743770      1          0
4               8              9         2  0.26186132      1          0
5              10             11         2  0.52345233      1          0
6              12             13         2  0.68985881      1          0
7              14             15         2  0.76982645      1          0
8              16             17         1  0.51891012      1          0
9              18             19         2  0.27572036      1          0
10             20             21         2  0.52252989      1          0
11             22             23         2  0.62688581      1          0
12             24             25         1  0.93868418      1          0
13              0              0         0  0.00000000     -1          1
14             26             27         2  0.76712473      1          0
15             28             29         1  0.93295984      1          0
16             30             31         2  0.01249051      1          0
17              0              0         0  0.00000000     -1          1
18              0              0         0  0.00000000     -1          2
19              0              0         0  0.00000000     -1          1
20             32             33         2  0.47941864      1          0
21              0              0         0  0.00000000     -1          1
22              0              0         0  0.00000000     -1          2
23             34             35         2  0.62746962      1          0
24             36             37         1  0.93825522      1          0
25              0              0         0  0.00000000     -1          1
26             38             39         1  0.76266046      1          0
27              0              0         0  0.00000000     -1          1
28             40             41         1  0.89329789      1          0
29              0              0         0  0.00000000     -1          2
30              0              0         0  0.00000000     -1          1
31             42             43         1  0.29451385      1          0
32             44             45         2  0.47661505      1          0
33              0              0         0  0.00000000     -1          2
34              0              0         0  0.00000000     -1          1
35             46             47         1  0.17384758      1          0
36             48             49         1  0.90856533      1          0
37              0              0         0  0.00000000     -1          2
38             50             51         2  0.72543780      1          0
39              0              0         0  0.00000000     -1          1
40             52             53         2  0.93232468      1          0
41              0              0         0  0.00000000     -1          2
42             54             55         1  0.29326473      1          0
43              0              0         0  0.00000000     -1          1
44             56             57         2  0.33133775      1          0
45              0              0         0  0.00000000     -1          1
46             58             59         2  0.96128675      1          0
47             60             61         2  0.76355495      1          0
48             62             63         1  0.55615356      1          0
49              0              0         0  0.00000000     -1          1
50              0              0         0  0.00000000     -1          1
51              0              0         0  0.00000000     -1          2
52              0              0         0  0.00000000     -1          2
53             64             65         1  0.79170454      1          0
54             66             67         2  0.25164018      1          0
55              0              0         0  0.00000000     -1          2
56             68             69         2  0.31444212      1          0
57             70             71         1  0.49151015      1          0
58              0              0         0  0.00000000     -1          2
59              0              0         0  0.00000000     -1          2
60             72             73         2  0.75951072      1          0
61             74             75         1  0.18393348      1          0
62              0              0         0  0.00000000     -1          1
63             76             77         1  0.64606586      1          0
64              0              0         0  0.00000000     -1          2
65              0              0         0  0.00000000     -1          2
66             78             79         1  0.04685402      1          0
67              0              0         0  0.00000000     -1          1
68              0              0         0  0.00000000     -1          2
69              0              0         0  0.00000000     -1          2
70             80             81         2  0.33520757      1          0
71              0              0         0  0.00000000     -1          1
72             82             83         2  0.69678905      1          0
73              0              0         0  0.00000000     -1          1
74              0              0         0  0.00000000     -1          1
75             84             85         1  0.38572796      1          0
76             86             87         1  0.57722836      1          0
77             88             89         1  0.64938912      1          0
78             90             91         2  0.22447197      1          0
79             92             93         2  0.12817905      1          0
80              0              0         0  0.00000000     -1          1
81             94             95         1  0.17964302      1          0
82             96             97         2  0.63971772      1          0
83             98             99         1  0.53077653      1          0
84            100            101         1  0.37393704      1          0
85              0              0         0  0.00000000     -1          2
86            102            103         2  0.56710366      1          0
87              0              0         0  0.00000000     -1          1
88              0              0         0  0.00000000     -1          2
89            104            105         1  0.65880185      1          0
90              0              0         0  0.00000000     -1          1
91              0              0         0  0.00000000     -1          1
92            106            107         2  0.11861041      1          0
93              0              0         0  0.00000000     -1          1
94            108            109         2  0.34179373      1          0
95            110            111         1  0.31938187      1          0
96              0              0         0  0.00000000     -1          2
97            112            113         1  0.24568770      1          0
98              0              0         0  0.00000000     -1          2
99              0              0         0  0.00000000     -1          2
100           114            115         1  0.25509165      1          0
101             0              0         0  0.00000000     -1          1
102             0              0         0  0.00000000     -1          1
103             0              0         0  0.00000000     -1          2
104             0              0         0  0.00000000     -1          1
105           116            117         2  0.42026371      1          0
106             0              0         0  0.00000000     -1          1
107             0              0         0  0.00000000     -1          2
108             0              0         0  0.00000000     -1          1
109           118            119         1  0.07329305      1          0
110             0              0         0  0.00000000     -1          2
111             0              0         0  0.00000000     -1          2
112             0              0         0  0.00000000     -1          2
113             0              0         0  0.00000000     -1          2
114           120            121         2  0.86993223      1          0
115             0              0         0  0.00000000     -1          2
116           122            123         2  0.17564267      1          0
117           124            125         1  0.82745205      1          0
118             0              0         0  0.00000000     -1          2
119             0              0         0  0.00000000     -1          2
120             0              0         0  0.00000000     -1          2
121             0              0         0  0.00000000     -1          2
122           126            127         1  0.78252016      1          0
123             0              0         0  0.00000000     -1          1
124             0              0         0  0.00000000     -1          1
125             0              0         0  0.00000000     -1          1
126             0              0         0  0.00000000     -1          1
127             0              0         0  0.00000000     -1          1
