    left daughter right daughter split var split point status prediction
1               2              3         1  0.55615356      1          0
2               4              5         2  0.29447053      1          0
3               6              7         1  0.97055165      1          0
4               8              9         2  0.25223267      1          0
5              10             11         1  0.48437211      1          0
6              12             13         2  0.73421978      1          0
7              14             15         1  0.98776927      1          0
8              16             17         1  0.04443177      1          0
9              18             19         1  0.35189144      1          0
10             20             21         1  0.43332893      1          0
11             22             23         2  0.47637393      1          0
12             24             25         1  0.75049226      1          0
13             26             27         1  0.85479823      1          0
14             28             29         1  0.97645262      1          0
15              0              0         0  0.00000000     -1          1
16             30             31         1  0.04208579      1          0
17             32             33         2  0.10547684      1          0
18              0              0         0  0.00000000     -1          2
19              0              0         0  0.00000000     -1          1
20             34             35         1  0.43296001      1          0
21              0              0         0  0.00000000     -1          2
22              0              0         0  0.00000000     -1          1
23             36             37         1  0.48963576      1          0
24             38             39         1  0.58992603      1          0
25             40             41         1  0.77019435      1          0
26             42             43         1  0.56822400      1          0
27             44             45         2  0.78448302      1          0
28              0              0         0  0.00000000     -1          1
29              0              0         0  0.00000000     -1          1
30             46             47         1  0.03218740      1          0
31              0              0         0  0.00000000     -1          2
32             48             49         2  0.10252052      1          0
33             50             51         1  0.51891012      1          0
34             52             53         2  0.87643253      1          0
35              0              0         0  0.00000000     -1          1
36              0              0         0  0.00000000     -1          1
37              0              0         0  0.00000000     -1          2
38             54             55         2  0.58089198      1          0
39             56             57         2  0.69222584      1          0
40              0              0         0  0.00000000     -1          1
41             58             59         2  0.64785207      1          0
42              0              0         0  0.00000000     -1          2
43              0              0         0  0.00000000     -1          2
44              0              0         0  0.00000000     -1          1
45             60             61         1  0.94030271      1          0
46              0              0         0  0.00000000     -1          1
47              0              0         0  0.00000000     -1          1
48             62             63         1  0.25868569      1          0
49              0              0         0  0.00000000     -1          2
50              0              0         0  0.00000000     -1          1
51              0              0         0  0.00000000     -1          1
52             64             65         1  0.07329305      1          0
53             66             67         1  0.37047290      1          0
54              0              0         0  0.00000000     -1          1
55              0              0         0  0.00000000     -1          2
56             68             69         2  0.47745682      1          0
57              0              0         0  0.00000000     -1          1
58             70             71         1  0.82745205      1          0
59              0              0         0  0.00000000     -1          1
60             72             73         1  0.93789978      1          0
61              0              0         0  0.00000000     -1          2
62             74             75         2  0.01249051      1          0
63              0              0         0  0.00000000     -1          1
64              0              0         0  0.00000000     -1          2
65             76             77         2  0.82819203      1          0
66             78             79         1  0.31156362      1          0
67              0              0         0  0.00000000     -1          1
68              0              0         0  0.00000000     -1          1
69             80             81         2  0.48279424      1          0
70              0              0         0  0.00000000     -1          1
71             82             83         2  0.45283310      1          0
72             84             85         2  0.86074503      1          0
73              0              0         0  0.00000000     -1          1
74              0              0         0  0.00000000     -1          1
75              0              0         0  0.00000000     -1          1
76             86             87         2  0.82348702      1          0
77              0              0         0  0.00000000     -1          2
78             88             89         2  0.89886364      1          0
79              0              0         0  0.00000000     -1          2
80              0              0         0  0.00000000     -1          2
81              0              0         0  0.00000000     -1          1
82             90             91         2  0.45110795      1          0
83              0              0         0  0.00000000     -1          1
84              0              0         0  0.00000000     -1          2
85             92             93         2  0.96192799      1          0
86             94             95         2  0.77102050      1          0
87              0              0         0  0.00000000     -1          1
88              0              0         0  0.00000000     -1          2
89             96             97         2  0.92852927      1          0
90             98             99         2  0.33285455      1          0
91              0              0         0  0.00000000     -1          2
92              0              0         0  0.00000000     -1          2
93              0              0         0  0.00000000     -1          1
94            100            101         2  0.76887302      1          0
95              0              0         0  0.00000000     -1          2
96              0              0         0  0.00000000     -1          2
97            102            103         1  0.01528252      1          0
98              0              0         0  0.00000000     -1          1
99            104            105         1  0.83699342      1          0
100           106            107         2  0.42807604      1          0
101             0              0         0  0.00000000     -1          1
102             0              0         0  0.00000000     -1          1
103             0              0         0  0.00000000     -1          2
104             0              0         0  0.00000000     -1          2
105           108            109         2  0.34539698      1          0
106           110            111         1  0.07695783      1          0
107           112            113         2  0.68610016      1          0
108             0              0         0  0.00000000     -1          2
109             0              0         0  0.00000000     -1          1
110             0              0         0  0.00000000     -1          1
111           114            115         2  0.42676118      1          0
112           116            117         2  0.59350614      1          0
113           118            119         1  0.39436724      1          0
114           120            121         2  0.38548702      1          0
115             0              0         0  0.00000000     -1          1
116           122            123         2  0.59060542      1          0
117             0              0         0  0.00000000     -1          2
118           124            125         1  0.24624898      1          0
119             0              0         0  0.00000000     -1          2
120           126            127         2  0.34179373      1          0
121             0              0         0  0.00000000     -1          2
122             0              0         0  0.00000000     -1          2
123             0              0         0  0.00000000     -1          1
124             0              0         0  0.00000000     -1          2
125             0              0         0  0.00000000     -1          2
126             0              0         0  0.00000000     -1          2
127             0              0         0  0.00000000     -1          2
