    left daughter right daughter split var split point status prediction
1               2              3         2  0.61524640      1          0
2               4              5         2  0.25399840      1          0
3               6              7         2  0.77060322      1          0
4               8              9         2  0.08364450      1          0
5              10             11         2  0.30392614      1          0
6              12             13         2  0.76887302      1          0
7              14             15         1  0.93050238      1          0
8               0              0         0  0.00000000     -1          1
9              16             17         1  0.17314809      1          0
10             18             19         2  0.29089511      1          0
11             20             21         1  0.51326759      1          0
12             22             23         2  0.66770389      1          0
13              0              0         0  0.00000000     -1          1
14             24             25         2  0.90452236      1          0
15             26             27         2  0.82414542      1          0
16              0              0         0  0.00000000     -1          1
17             28             29         1  0.18375731      1          0
18             30             31         2  0.27643635      1          0
19              0              0         0  0.00000000     -1          2
20             32             33         1  0.26695573      1          0
21             34             35         2  0.56170107      1          0
22             36             37         1  0.58684840      1          0
23             38             39         2  0.75222687      1          0
24             40             41         2  0.88436101      1          0
25             42             43         1  0.01813430      1          0
26              0              0         0  0.00000000     -1          2
27              0              0         0  0.00000000     -1          1
28              0              0         0  0.00000000     -1          2
29             44             45         2  0.08613002      1          0
30             46             47         2  0.26927336      1          0
31              0              0         0  0.00000000     -1          1
32             48             49         2  0.56045727      1          0
33             50             51         2  0.35140760      1          0
34             52             53         2  0.55777850      1          0
35              0              0         0  0.00000000     -1          1
36              0              0         0  0.00000000     -1          2
37             54             55         1  0.84008424      1          0
38             56             57         2  0.73555819      1          0
39             58             59         2  0.75396607      1          0
40              0              0         0  0.00000000     -1          2
41             60             61         1  0.26218300      1          0
42              0              0         0  0.00000000     -1          1
43             62             63         1  0.44899149      1          0
44              0              0         0  0.00000000     -1          2
45             64             65         2  0.18013140      1          0
46              0              0         0  0.00000000     -1          1
47              0              0         0  0.00000000     -1          2
48             66             67         2  0.43125110      1          0
49              0              0         0  0.00000000     -1          2
50              0              0         0  0.00000000     -1          1
51              0              0         0  0.00000000     -1          2
52             68             69         1  0.99180999      1          0
53              0              0         0  0.00000000     -1          2
54              0              0         0  0.00000000     -1          1
55              0              0         0  0.00000000     -1          1
56             70             71         1  0.65205824      1          0
57             72             73         1  0.40056945      1          0
58              0              0         0  0.00000000     -1          1
59              0              0         0  0.00000000     -1          2
60              0              0         0  0.00000000     -1          2
61              0              0         0  0.00000000     -1          2
62             74             75         1  0.37061846      1          0
63             76             77         2  0.91204118      1          0
64             78             79         2  0.17914457      1          0
65              0              0         0  0.00000000     -1          1
66             80             81         2  0.42676118      1          0
67              0              0         0  0.00000000     -1          2
68             82             83         1  0.56072722      1          0
69              0              0         0  0.00000000     -1          2
70              0              0         0  0.00000000     -1          2
71             84             85         2  0.69691073      1          0
72              0              0         0  0.00000000     -1          2
73              0              0         0  0.00000000     -1          2
74             86             87         2  0.94349018      1          0
75              0              0         0  0.00000000     -1          1
76              0              0         0  0.00000000     -1          2
77             88             89         1  0.79831330      1          0
78             90             91         1  0.29723201      1          0
79              0              0         0  0.00000000     -1          2
80             92             93         2  0.39504471      1          0
81              0              0         0  0.00000000     -1          1
82              0              0         0  0.00000000     -1          1
83             94             95         2  0.45283310      1          0
84              0              0         0  0.00000000     -1          1
85              0              0         0  0.00000000     -1          2
86             96             97         2  0.94046772      1          0
87              0              0         0  0.00000000     -1          2
88              0              0         0  0.00000000     -1          2
89             98             99         2  0.93258720      1          0
90              0              0         0  0.00000000     -1          1
91            100            101         2  0.17366239      1          0
92            102            103         2  0.38241875      1          0
93              0              0         0  0.00000000     -1          2
94            104            105         1  0.82361227      1          0
95              0              0         0  0.00000000     -1          1
96            106            107         2  0.92694194      1          0
97              0              0         0  0.00000000     -1          1
98              0              0         0  0.00000000     -1          2
99              0              0         0  0.00000000     -1          2
100           108            109         1  0.77014107      1          0
101             0              0         0  0.00000000     -1          1
102           110            111         1  0.15007757      1          0
103             0              0         0  0.00000000     -1          1
104           112            113         2  0.33505719      1          0
105           114            115         1  0.83903295      1          0
106             0              0         0  0.00000000     -1          2
107             0              0         0  0.00000000     -1          2
108             0              0         0  0.00000000     -1          1
109             0              0         0  0.00000000     -1          1
110             0              0         0  0.00000000     -1          2
111             0              0         0  0.00000000     -1          2
112             0              0         0  0.00000000     -1          1
113             0              0         0  0.00000000     -1          1
114             0              0         0  0.00000000     -1          2
115           116            117         2  0.44986758      1          0
116           118            119         1  0.93695100      1          0
117             0              0         0  0.00000000     -1          2
118           120            121         1  0.87502332      1          0
119             0              0         0  0.00000000     -1          2
120             0              0         0  0.00000000     -1          1
121             0              0         0  0.00000000     -1          1
