    left daughter right daughter split var split point status prediction
1               2              3         2  0.29311626      1          0
2               4              5         1  0.88753879      1          0
3               6              7         1  0.60565918      1          0
4               8              9         2  0.25426731      1          0
5               0              0         0  0.00000000     -1          1
6              10             11         1  0.48437211      1          0
7              12             13         1  0.62337033      1          0
8              14             15         2  0.17373189      1          0
9              16             17         2  0.26315536      1          0
10             18             19         1  0.40407718      1          0
11             20             21         1  0.59910252      1          0
12             22             23         2  0.70415725      1          0
13             24             25         1  0.64999059      1          0
14             26             27         2  0.01172236      1          0
15             28             29         2  0.17481641      1          0
16              0              0         0  0.00000000     -1          2
17             30             31         2  0.28523253      1          0
18             32             33         1  0.40029073      1          0
19             34             35         2  0.35333929      1          0
20             36             37         2  0.52790047      1          0
21              0              0         0  0.00000000     -1          2
22              0              0         0  0.00000000     -1          1
23              0              0         0  0.00000000     -1          2
24              0              0         0  0.00000000     -1          2
25             38             39         2  0.73705602      1          0
26              0              0         0  0.00000000     -1          1
27             40             41         2  0.12965588      1          0
28              0              0         0  0.00000000     -1          2
29             42             43         2  0.23404822      1          0
30              0              0         0  0.00000000     -1          1
31              0              0         0  0.00000000     -1          1
32             44             45         2  0.75951072      1          0
33              0              0         0  0.00000000     -1          1
34              0              0         0  0.00000000     -1          1
35              0              0         0  0.00000000     -1          2
36              0              0         0  0.00000000     -1          1
37             46             47         2  0.91260694      1          0
38             48             49         2  0.64711992      1          0
39             50             51         1  0.97055165      1          0
40              0              0         0  0.00000000     -1          1
41             52             53         2  0.13244110      1          0
42             54             55         1  0.04865310      1          0
43              0              0         0  0.00000000     -1          1
44             56             57         2  0.64350693      1          0
45             58             59         2  0.76355495      1          0
46             60             61         1  0.48617497      1          0
47              0              0         0  0.00000000     -1          2
48             62             63         1  0.94118726      1          0
49             64             65         2  0.65813649      1          0
50             66             67         2  0.93258720      1          0
51              0              0         0  0.00000000     -1          1
52              0              0         0  0.00000000     -1          2
53              0              0         0  0.00000000     -1          1
54              0              0         0  0.00000000     -1          2
55             68             69         2  0.21567818      1          0
56             70             71         2  0.63698980      1          0
57              0              0         0  0.00000000     -1          2
58              0              0         0  0.00000000     -1          1
59             72             73         1  0.37308485      1          0
60              0              0         0  0.00000000     -1          1
61             74             75         2  0.90795854      1          0
62             76             77         2  0.34539698      1          0
63              0              0         0  0.00000000     -1          1
64              0              0         0  0.00000000     -1          2
65             78             79         1  0.74440380      1          0
66             80             81         1  0.85479823      1          0
67             82             83         1  0.89588630      1          0
68             84             85         1  0.33638190      1          0
69              0              0         0  0.00000000     -1          1
70             86             87         2  0.57638872      1          0
71              0              0         0  0.00000000     -1          1
72             88             89         1  0.32588859      1          0
73              0              0         0  0.00000000     -1          2
74             90             91         2  0.63513697      1          0
75              0              0         0  0.00000000     -1          1
76              0              0         0  0.00000000     -1          1
77             92             93         1  0.87613151      1          0
78              0              0         0  0.00000000     -1          1
79              0              0         0  0.00000000     -1          1
80              0              0         0  0.00000000     -1          2
81             94             95         1  0.86558453      1          0
82              0              0         0  0.00000000     -1          2
83              0              0         0  0.00000000     -1          1
84              0              0         0  0.00000000     -1          1
85             96             97         2  0.21261469      1          0
86             98             99         1  0.10999434      1          0
87            100            101         2  0.59350614      1          0
88            102            103         2  0.88013037      1          0
89              0              0         0  0.00000000     -1          2
90              0              0         0  0.00000000     -1          2
91            104            105         2  0.73973267      1          0
92            106            107         1  0.86841513      1          0
93              0              0         0  0.00000000     -1          1
94              0              0         0  0.00000000     -1          1
95            108            109         1  0.93693614      1          0
96            110            111         1  0.64528150      1          0
97              0              0         0  0.00000000     -1          2
98            112            113         2  0.38431892      1          0
99              0              0         0  0.00000000     -1          2
100             0              0         0  0.00000000     -1          1
101             0              0         0  0.00000000     -1          2
102           114            115         2  0.87551991      1          0
103           116            117         2  0.97393181      1          0
104             0              0         0  0.00000000     -1          2
105           118            119         2  0.74270599      1          0
106           120            121         2  0.63344828      1          0
107             0              0         0  0.00000000     -1          2
108             0              0         0  0.00000000     -1          2
109             0              0         0  0.00000000     -1          2
110             0              0         0  0.00000000     -1          1
111             0              0         0  0.00000000     -1          1
112             0              0         0  0.00000000     -1          2
113             0              0         0  0.00000000     -1          2
114           122            123         1  0.10069126      1          0
115             0              0         0  0.00000000     -1          1
116           124            125         1  0.30135166      1          0
117             0              0         0  0.00000000     -1          2
118             0              0         0  0.00000000     -1          1
119           126            127         2  0.85996449      1          0
120             0              0         0  0.00000000     -1          1
121             0              0         0  0.00000000     -1          2
122             0              0         0  0.00000000     -1          2
123             0              0         0  0.00000000     -1          2
124             0              0         0  0.00000000     -1          2
125             0              0         0  0.00000000     -1          1
126             0              0         0  0.00000000     -1          2
127             0              0         0  0.00000000     -1          2
