    left daughter right daughter split var split point status prediction
1               2              3         1  0.60568768      1          0
2               4              5         2  0.28258439      1          0
3               6              7         2  0.69698335      1          0
4               8              9         1  0.30453433      1          0
5              10             11         1  0.48407770      1          0
6              12             13         1  0.77014107      1          0
7              14             15         2  0.76859159      1          0
8              16             17         1  0.29225684      1          0
9              18             19         2  0.17366239      1          0
10             20             21         1  0.06189374      1          0
11             22             23         2  0.53523804      1          0
12             24             25         1  0.64606586      1          0
13             26             27         1  0.77240232      1          0
14             28             29         1  0.76266046      1          0
15             30             31         1  0.79831330      1          0
16             32             33         1  0.13091803      1          0
17              0              0         0  0.00000000     -1          2
18              0              0         0  0.00000000     -1          1
19              0              0         0  0.00000000     -1          1
20             34             35         2  0.96128675      1          0
21             36             37         1  0.08522121      1          0
22             38             39         1  0.50591002      1          0
23             40             41         2  0.85801015      1          0
24              0              0         0  0.00000000     -1          1
25             42             43         2  0.65463190      1          0
26              0              0         0  0.00000000     -1          2
27             44             45         2  0.17108909      1          0
28              0              0         0  0.00000000     -1          2
29              0              0         0  0.00000000     -1          1
30              0              0         0  0.00000000     -1          2
31             46             47         1  0.80332230      1          0
32             48             49         1  0.03696545      1          0
33             50             51         2  0.26568475      1          0
34              0              0         0  0.00000000     -1          2
35              0              0         0  0.00000000     -1          1
36              0              0         0  0.00000000     -1          2
37             52             53         2  0.42781102      1          0
38              0              0         0  0.00000000     -1          2
39             54             55         2  0.28572893      1          0
40             56             57         1  0.54512104      1          0
41             58             59         1  0.56822400      1          0
42             60             61         2  0.18491609      1          0
43              0              0         0  0.00000000     -1          1
44              0              0         0  0.00000000     -1          1
45             62             63         1  0.94049038      1          0
46              0              0         0  0.00000000     -1          1
47             64             65         2  0.84874930      1          0
48              0              0         0  0.00000000     -1          1
49              0              0         0  0.00000000     -1          1
50             66             67         1  0.13902484      1          0
51              0              0         0  0.00000000     -1          2
52             68             69         2  0.42396449      1          0
53             70             71         1  0.39549937      1          0
54              0              0         0  0.00000000     -1          2
55              0              0         0  0.00000000     -1          1
56             72             73         2  0.64221871      1          0
57              0              0         0  0.00000000     -1          2
58              0              0         0  0.00000000     -1          1
59              0              0         0  0.00000000     -1          2
60             74             75         2  0.15581764      1          0
61             76             77         2  0.54671995      1          0
62             78             79         1  0.93786698      1          0
63              0              0         0  0.00000000     -1          1
64              0              0         0  0.00000000     -1          2
65             80             81         1  0.90092649      1          0
66              0              0         0  0.00000000     -1          2
67             82             83         2  0.12817905      1          0
68             84             85         2  0.33324148      1          0
69              0              0         0  0.00000000     -1          1
70             86             87         1  0.37308485      1          0
71             88             89         1  0.43328692      1          0
72              0              0         0  0.00000000     -1          2
73             90             91         1  0.52780931      1          0
74              0              0         0  0.00000000     -1          1
75              0              0         0  0.00000000     -1          2
76              0              0         0  0.00000000     -1          1
77              0              0         0  0.00000000     -1          1
78             92             93         1  0.81467121      1          0
79              0              0         0  0.00000000     -1          2
80             94             95         2  0.97112918      1          0
81              0              0         0  0.00000000     -1          2
82             96             97         1  0.16599375      1          0
83              0              0         0  0.00000000     -1          1
84              0              0         0  0.00000000     -1          2
85             98             99         1  0.44091251      1          0
86            100            101         1  0.31149950      1          0
87              0              0         0  0.00000000     -1          1
88            102            103         2  0.89202980      1          0
89              0              0         0  0.00000000     -1          2
90              0              0         0  0.00000000     -1          2
91              0              0         0  0.00000000     -1          1
92            104            105         1  0.78210086      1          0
93            106            107         2  0.18761190      1          0
94              0              0         0  0.00000000     -1          2
95              0              0         0  0.00000000     -1          2
96              0              0         0  0.00000000     -1          1
97              0              0         0  0.00000000     -1          1
98            108            109         1  0.31938187      1          0
99              0              0         0  0.00000000     -1          1
100           110            111         2  0.93763673      1          0
101             0              0         0  0.00000000     -1          2
102             0              0         0  0.00000000     -1          2
103             0              0         0  0.00000000     -1          2
104             0              0         0  0.00000000     -1          1
105             0              0         0  0.00000000     -1          1
106             0              0         0  0.00000000     -1          2
107           112            113         1  0.83283559      1          0
108             0              0         0  0.00000000     -1          2
109             0              0         0  0.00000000     -1          2
110           114            115         2  0.89002666      1          0
111             0              0         0  0.00000000     -1          2
112             0              0         0  0.00000000     -1          1
113           116            117         1  0.88021580      1          0
114           118            119         2  0.88399751      1          0
115             0              0         0  0.00000000     -1          2
116           120            121         2  0.24961741      1          0
117           122            123         2  0.32428350      1          0
118           124            125         2  0.86569701      1          0
119             0              0         0  0.00000000     -1          1
120             0              0         0  0.00000000     -1          1
121           126            127         1  0.86858280      1          0
122             0              0         0  0.00000000     -1          1
123             0              0         0  0.00000000     -1          1
124             0              0         0  0.00000000     -1          2
125             0              0         0  0.00000000     -1          2
126             0              0         0  0.00000000     -1          1
127             0              0         0  0.00000000     -1          2
