    left daughter right daughter split var split point status prediction
1               2              3         2  0.36797828      1          0
2               4              5         2  0.25550158      1          0
3               6              7         1  0.56367025      1          0
4               8              9         2  0.10252052      1          0
5              10             11         1  0.40209385      1          0
6              12             13         1  0.48437211      1          0
7              14             15         2  0.68766066      1          0
8              16             17         2  0.01174625      1          0
9              18             19         1  0.77201215      1          0
10             20             21         2  0.29489877      1          0
11             22             23         2  0.36482627      1          0
12             24             25         2  0.85552859      1          0
13             26             27         1  0.48617497      1          0
14             28             29         2  0.42704274      1          0
15             30             31         2  0.85894785      1          0
16              0              0         0  0.00000000     -1          1
17              0              0         0  0.00000000     -1          1
18             32             33         1  0.76593991      1          0
19              0              0         0  0.00000000     -1          1
20              0              0         0  0.00000000     -1          2
21              0              0         0  0.00000000     -1          2
22             34             35         1  0.90151396      1          0
23              0              0         0  0.00000000     -1          1
24             36             37         1  0.10698622      1          0
25             38             39         2  0.88013037      1          0
26              0              0         0  0.00000000     -1          1
27             40             41         2  0.51733231      1          0
28              0              0         0  0.00000000     -1          1
29             42             43         2  0.63126017      1          0
30             44             45         2  0.85600627      1          0
31             46             47         2  0.93232468      1          0
32             48             49         1  0.29326473      1          0
33              0              0         0  0.00000000     -1          2
34              0              0         0  0.00000000     -1          1
35              0              0         0  0.00000000     -1          1
36             50             51         1  0.07229811      1          0
37             52             53         1  0.40254320      1          0
38              0              0         0  0.00000000     -1          1
39             54             55         1  0.37047290      1          0
40              0              0         0  0.00000000     -1          1
41             56             57         2  0.86927960      1          0
42             58             59         1  0.70820319      1          0
43             60             61         2  0.63792348      1          0
44             62             63         2  0.75785138      1          0
45              0              0         0  0.00000000     -1          1
46              0              0         0  0.00000000     -1          2
47             64             65         2  0.93446930      1          0
48             66             67         2  0.19956502      1          0
49             68             69         1  0.30429615      1          0
50              0              0         0  0.00000000     -1          2
51              0              0         0  0.00000000     -1          2
52             70             71         1  0.40054226      1          0
53              0              0         0  0.00000000     -1          2
54             72             73         1  0.06458512      1          0
55             74             75         1  0.43169857      1          0
56             76             77         1  0.54512104      1          0
57              0              0         0  0.00000000     -1          2
58             78             79         2  0.47745682      1          0
59              0              0         0  0.00000000     -1          1
60              0              0         0  0.00000000     -1          2
61             80             81         1  0.59087062      1          0
62             82             83         2  0.75110542      1          0
63             84             85         1  0.90224780      1          0
64              0              0         0  0.00000000     -1          1
65             86             87         2  0.97115805      1          0
66              0              0         0  0.00000000     -1          1
67             88             89         1  0.03773991      1          0
68              0              0         0  0.00000000     -1          2
69             90             91         2  0.18260279      1          0
70             92             93         2  0.42781102      1          0
71              0              0         0  0.00000000     -1          1
72              0              0         0  0.00000000     -1          2
73             94             95         2  0.92852927      1          0
74              0              0         0  0.00000000     -1          1
75              0              0         0  0.00000000     -1          2
76             96             97         2  0.85929145      1          0
77              0              0         0  0.00000000     -1          2
78              0              0         0  0.00000000     -1          1
79             98             99         2  0.48279424      1          0
80              0              0         0  0.00000000     -1          2
81              0              0         0  0.00000000     -1          1
82            100            101         2  0.73176450      1          0
83              0              0         0  0.00000000     -1          1
84              0              0         0  0.00000000     -1          2
85              0              0         0  0.00000000     -1          1
86              0              0         0  0.00000000     -1          2
87              0              0         0  0.00000000     -1          2
88              0              0         0  0.00000000     -1          1
89              0              0         0  0.00000000     -1          1
90            102            103         2  0.17888332      1          0
91              0              0         0  0.00000000     -1          1
92              0              0         0  0.00000000     -1          2
93            104            105         2  0.63929386      1          0
94            106            107         1  0.30498959      1          0
95              0              0         0  0.00000000     -1          2
96            108            109         1  0.52780931      1          0
97              0              0         0  0.00000000     -1          1
98              0              0         0  0.00000000     -1          2
99            110            111         1  0.67409863      1          0
100           112            113         2  0.69680933      1          0
101             0              0         0  0.00000000     -1          2
102           114            115         1  0.52272096      1          0
103             0              0         0  0.00000000     -1          2
104             0              0         0  0.00000000     -1          2
105           116            117         1  0.36112268      1          0
106             0              0         0  0.00000000     -1          2
107             0              0         0  0.00000000     -1          2
108             0              0         0  0.00000000     -1          2
109             0              0         0  0.00000000     -1          1
110             0              0         0  0.00000000     -1          1
111             0              0         0  0.00000000     -1          1
112             0              0         0  0.00000000     -1          2
113             0              0         0  0.00000000     -1          2
114             0              0         0  0.00000000     -1          1
115             0              0         0  0.00000000     -1          1
116           118            119         2  0.64167826      1          0
117             0              0         0  0.00000000     -1          2
118             0              0         0  0.00000000     -1          1
119           120            121         2  0.75606098      1          0
120           122            123         1  0.19065054      1          0
121             0              0         0  0.00000000     -1          2
122             0              0         0  0.00000000     -1          2
123             0              0         0  0.00000000     -1          2
