    left daughter right daughter split var split point status prediction
1               2              3         1  0.52523614      1          0
2               4              5         2  0.28258439      1          0
3               6              7         2  0.69698335      1          0
4               8              9         1  0.17314809      1          0
5              10             11         2  0.36438157      1          0
6              12             13         1  0.94049038      1          0
7              14             15         1  0.96050343      1          0
8              16             17         2  0.01283541      1          0
9              18             19         1  0.29451385      1          0
10             20             21         2  0.33062504      1          0
11             22             23         1  0.51501603      1          0
12             24             25         1  0.93825522      1          0
13             26             27         1  0.99183237      1          0
14             28             29         2  0.76588987      1          0
15              0              0         0  0.00000000     -1          1
16              0              0         0  0.00000000     -1          1
17              0              0         0  0.00000000     -1          1
18             30             31         2  0.23883169      1          0
19             32             33         2  0.19461537      1          0
20             34             35         2  0.29726090      1          0
21              0              0         0  0.00000000     -1          1
22             36             37         1  0.07327418      1          0
23              0              0         0  0.00000000     -1          2
24             38             39         2  0.62749611      1          0
25              0              0         0  0.00000000     -1          2
26              0              0         0  0.00000000     -1          1
27              0              0         0  0.00000000     -1          1
28             40             41         1  0.76266046      1          0
29             42             43         1  0.79831330      1          0
30             44             45         2  0.12976832      1          0
31              0              0         0  0.00000000     -1          2
32              0              0         0  0.00000000     -1          1
33              0              0         0  0.00000000     -1          1
34              0              0         0  0.00000000     -1          2
35              0              0         0  0.00000000     -1          2
36             46             47         2  0.96954820      1          0
37             48             49         1  0.08336205      1          0
38             50             51         1  0.86013247      1          0
39             52             53         1  0.60353895      1          0
40             54             55         2  0.71995590      1          0
41              0              0         0  0.00000000     -1          1
42             56             57         1  0.56822400      1          0
43             58             59         2  0.93202865      1          0
44              0              0         0  0.00000000     -1          1
45              0              0         0  0.00000000     -1          1
46              0              0         0  0.00000000     -1          2
47              0              0         0  0.00000000     -1          2
48              0              0         0  0.00000000     -1          1
49             60             61         1  0.15092946      1          0
50             62             63         1  0.65781673      1          0
51             64             65         1  0.86034683      1          0
52              0              0         0  0.00000000     -1          2
53             66             67         1  0.72942314      1          0
54              0              0         0  0.00000000     -1          2
55              0              0         0  0.00000000     -1          2
56              0              0         0  0.00000000     -1          2
57              0              0         0  0.00000000     -1          2
58             68             69         2  0.84874930      1          0
59              0              0         0  0.00000000     -1          2
60             70             71         2  0.40499051      1          0
61             72             73         1  0.15139969      1          0
62             74             75         2  0.27444193      1          0
63             76             77         2  0.47745682      1          0
64              0              0         0  0.00000000     -1          2
65             78             79         2  0.18488248      1          0
66              0              0         0  0.00000000     -1          1
67             80             81         2  0.63344828      1          0
68              0              0         0  0.00000000     -1          2
69              0              0         0  0.00000000     -1          2
70              0              0         0  0.00000000     -1          2
71              0              0         0  0.00000000     -1          2
72              0              0         0  0.00000000     -1          1
73             82             83         1  0.18384643      1          0
74              0              0         0  0.00000000     -1          1
75             84             85         2  0.28572893      1          0
76             86             87         2  0.18306520      1          0
77             88             89         1  0.67409863      1          0
78              0              0         0  0.00000000     -1          1
79             90             91         1  0.88021580      1          0
80              0              0         0  0.00000000     -1          1
81             92             93         1  0.84008424      1          0
82             94             95         1  0.17727182      1          0
83             96             97         1  0.37368735      1          0
84              0              0         0  0.00000000     -1          2
85              0              0         0  0.00000000     -1          1
86             98             99         1  0.66548957      1          0
87            100            101         1  0.77091859      1          0
88              0              0         0  0.00000000     -1          1
89            102            103         2  0.48868620      1          0
90              0              0         0  0.00000000     -1          1
91              0              0         0  0.00000000     -1          1
92              0              0         0  0.00000000     -1          2
93              0              0         0  0.00000000     -1          1
94              0              0         0  0.00000000     -1          2
95              0              0         0  0.00000000     -1          1
96            104            105         1  0.26005340      1          0
97            106            107         1  0.37755622      1          0
98              0              0         0  0.00000000     -1          2
99            108            109         1  0.77014107      1          0
100             0              0         0  0.00000000     -1          1
101           110            111         1  0.77240232      1          0
102             0              0         0  0.00000000     -1          2
103           112            113         1  0.67643791      1          0
104           114            115         1  0.25386375      1          0
105           116            117         1  0.32508621      1          0
106             0              0         0  0.00000000     -1          1
107           118            119         2  0.85801015      1          0
108             0              0         0  0.00000000     -1          1
109             0              0         0  0.00000000     -1          1
110             0              0         0  0.00000000     -1          2
111             0              0         0  0.00000000     -1          1
112             0              0         0  0.00000000     -1          2
113           120            121         1  0.80824797      1          0
114           122            123         1  0.23033398      1          0
115             0              0         0  0.00000000     -1          1
116             0              0         0  0.00000000     -1          2
117           124            125         1  0.32588859      1          0
118           126            127         2  0.69678905      1          0
119             0              0         0  0.00000000     -1          2
120             0              0         0  0.00000000     -1          1
121             0              0         0  0.00000000     -1          1
122             0              0         0  0.00000000     -1          2
123             0              0         0  0.00000000     -1          2
124             0              0         0  0.00000000     -1          1
125             0              0         0  0.00000000     -1          2
126             0              0         0  0.00000000     -1          2
127             0              0         0  0.00000000     -1          2
