    left daughter right daughter split var split point status prediction
1               2              3         1  0.60587573      1          0
2               4              5         2  0.26492207      1          0
3               6              7         1  0.70472218      1          0
4               8              9         1  0.26260521      1          0
5              10             11         2  0.39220168      1          0
6              12             13         2  0.69222584      1          0
7              14             15         1  0.71723681      1          0
8              16             17         2  0.22879202      1          0
9              18             19         2  0.17366239      1          0
10             20             21         2  0.33324148      1          0
11             22             23         1  0.22923205      1          0
12             24             25         1  0.64883589      1          0
13              0              0         0  0.00000000     -1          2
14              0              0         0  0.00000000     -1          2
15             26             27         2  0.76982645      1          0
16             28             29         2  0.01283541      1          0
17              0              0         0  0.00000000     -1          1
18              0              0         0  0.00000000     -1          1
19             30             31         2  0.17936518      1          0
20             32             33         1  0.40528521      1          0
21             34             35         2  0.36501589      1          0
22             36             37         1  0.20761160      1          0
23             38             39         2  0.88399751      1          0
24             40             41         1  0.64561658      1          0
25              0              0         0  0.00000000     -1          1
26             42             43         1  0.88098353      1          0
27             44             45         2  0.93202865      1          0
28              0              0         0  0.00000000     -1          1
29             46             47         1  0.25353692      1          0
30              0              0         0  0.00000000     -1          2
31              0              0         0  0.00000000     -1          1
32             48             49         1  0.07703651      1          0
33              0              0         0  0.00000000     -1          1
34             50             51         2  0.33520757      1          0
35             52             53         2  0.37589902      1          0
36             54             55         2  0.85246964      1          0
37              0              0         0  0.00000000     -1          2
38             56             57         1  0.51395902      1          0
39             58             59         1  0.25821890      1          0
40              0              0         0  0.00000000     -1          1
41              0              0         0  0.00000000     -1          2
42             60             61         1  0.87155551      1          0
43             62             63         1  0.93868418      1          0
44             64             65         2  0.91168757      1          0
45             66             67         2  0.93838324      1          0
46             68             69         2  0.12006294      1          0
47              0              0         0  0.00000000     -1          1
48              0              0         0  0.00000000     -1          2
49              0              0         0  0.00000000     -1          2
50              0              0         0  0.00000000     -1          1
51              0              0         0  0.00000000     -1          1
52              0              0         0  0.00000000     -1          2
53              0              0         0  0.00000000     -1          1
54             70             71         2  0.42897478      1          0
55             72             73         1  0.20070014      1          0
56             74             75         2  0.68537652      1          0
57             76             77         2  0.64221871      1          0
58              0              0         0  0.00000000     -1          1
59             78             79         2  0.89105064      1          0
60             80             81         1  0.78252016      1          0
61              0              0         0  0.00000000     -1          2
62             82             83         2  0.34785372      1          0
63              0              0         0  0.00000000     -1          1
64             84             85         2  0.84557938      1          0
65              0              0         0  0.00000000     -1          2
66              0              0         0  0.00000000     -1          1
67              0              0         0  0.00000000     -1          2
68              0              0         0  0.00000000     -1          1
69             86             87         1  0.17194819      1          0
70              0              0         0  0.00000000     -1          2
71             88             89         2  0.75419448      1          0
72             90             91         2  0.86502148      1          0
73              0              0         0  0.00000000     -1          1
74             92             93         1  0.26695573      1          0
75             94             95         2  0.68938302      1          0
76              0              0         0  0.00000000     -1          1
77             96             97         1  0.51760504      1          0
78              0              0         0  0.00000000     -1          1
79             98             99         2  0.91005906      1          0
80            100            101         1  0.76653688      1          0
81            102            103         1  0.83283559      1          0
82              0              0         0  0.00000000     -1          1
83              0              0         0  0.00000000     -1          1
84              0              0         0  0.00000000     -1          2
85              0              0         0  0.00000000     -1          2
86              0              0         0  0.00000000     -1          1
87              0              0         0  0.00000000     -1          1
88            104            105         1  0.19065054      1          0
89              0              0         0  0.00000000     -1          2
90              0              0         0  0.00000000     -1          1
91            106            107         2  0.90080804      1          0
92              0              0         0  0.00000000     -1          2
93              0              0         0  0.00000000     -1          2
94              0              0         0  0.00000000     -1          1
95            108            109         1  0.47478119      1          0
96              0              0         0  0.00000000     -1          1
97            110            111         1  0.53077653      1          0
98              0              0         0  0.00000000     -1          2
99            112            113         1  0.40113623      1          0
100           114            115         2  0.72545737      1          0
101             0              0         0  0.00000000     -1          2
102           116            117         1  0.82762542      1          0
103             0              0         0  0.00000000     -1          1
104           118            119         1  0.15050300      1          0
105             0              0         0  0.00000000     -1          2
106             0              0         0  0.00000000     -1          2
107           120            121         1  0.01528252      1          0
108           122            123         1  0.35911109      1          0
109             0              0         0  0.00000000     -1          2
110             0              0         0  0.00000000     -1          2
111             0              0         0  0.00000000     -1          2
112           124            125         1  0.39511304      1          0
113             0              0         0  0.00000000     -1          2
114             0              0         0  0.00000000     -1          1
115             0              0         0  0.00000000     -1          2
116           126            127         1  0.79184246      1          0
117             0              0         0  0.00000000     -1          2
118             0              0         0  0.00000000     -1          2
119             0              0         0  0.00000000     -1          2
120             0              0         0  0.00000000     -1          2
121             0              0         0  0.00000000     -1          2
122             0              0         0  0.00000000     -1          2
123             0              0         0  0.00000000     -1          2
124             0              0         0  0.00000000     -1          2
125             0              0         0  0.00000000     -1          1
126             0              0         0  0.00000000     -1          1
127             0              0         0  0.00000000     -1          1
