    left daughter right daughter split var split point status prediction
1               2              3         2  0.62725970      1          0
2               4              5         1  0.49068174      1          0
3               6              7         1  0.71394664      1          0
4               8              9         1  0.01385954      1          0
5              10             11         1  0.99189824      1          0
6              12             13         1  0.15511437      1          0
7              14             15         2  0.76262434      1          0
8               0              0         0  0.00000000     -1          2
9              16             17         1  0.38034167      1          0
10             18             19         1  0.88875876      1          0
11              0              0         0  0.00000000     -1          2
12             20             21         2  0.77594042      1          0
13             22             23         2  0.90991300      1          0
14             24             25         1  0.81360054      1          0
15             26             27         1  0.89329789      1          0
16             28             29         1  0.35100140      1          0
17             30             31         1  0.39722216      1          0
18             32             33         1  0.87143896      1          0
19              0              0         0  0.00000000     -1          1
20              0              0         0  0.00000000     -1          2
21             34             35         2  0.77764254      1          0
22             36             37         1  0.15827237      1          0
23              0              0         0  0.00000000     -1          2
24              0              0         0  0.00000000     -1          1
25             38             39         2  0.70083487      1          0
26              0              0         0  0.00000000     -1          2
27             40             41         2  0.93330409      1          0
28             42             43         1  0.16040254      1          0
29              0              0         0  0.00000000     -1          1
30              0              0         0  0.00000000     -1          2
31             44             45         1  0.41246978      1          0
32             46             47         1  0.55607022      1          0
33              0              0         0  0.00000000     -1          1
34              0              0         0  0.00000000     -1          1
35             48             49         1  0.06595980      1          0
36              0              0         0  0.00000000     -1          1
37             50             51         2  0.90810209      1          0
38              0              0         0  0.00000000     -1          1
39              0              0         0  0.00000000     -1          1
40             52             53         2  0.86074503      1          0
41              0              0         0  0.00000000     -1          1
42             54             55         2  0.29836040      1          0
43             56             57         1  0.23748410      1          0
44              0              0         0  0.00000000     -1          1
45             58             59         1  0.43869876      1          0
46             60             61         2  0.49161286      1          0
47             62             63         1  0.64600133      1          0
48              0              0         0  0.00000000     -1          2
49              0              0         0  0.00000000     -1          2
50             64             65         2  0.85560048      1          0
51              0              0         0  0.00000000     -1          1
52              0              0         0  0.00000000     -1          2
53              0              0         0  0.00000000     -1          2
54             66             67         2  0.23271834      1          0
55             68             69         2  0.37068482      1          0
56             70             71         1  0.19449422      1          0
57             72             73         1  0.34539756      1          0
58              0              0         0  0.00000000     -1          2
59             74             75         1  0.45923204      1          0
60             76             77         1  0.51891012      1          0
61              0              0         0  0.00000000     -1          2
62              0              0         0  0.00000000     -1          1
63             78             79         1  0.64908438      1          0
64             80             81         2  0.77060322      1          0
65             82             83         1  0.26218300      1          0
66              0              0         0  0.00000000     -1          1
67              0              0         0  0.00000000     -1          1
68              0              0         0  0.00000000     -1          2
69             84             85         1  0.15050300      1          0
70              0              0         0  0.00000000     -1          2
71             86             87         2  0.26348369      1          0
72             88             89         2  0.26684257      1          0
73              0              0         0  0.00000000     -1          2
74              0              0         0  0.00000000     -1          1
75             90             91         1  0.46285759      1          0
76              0              0         0  0.00000000     -1          1
77              0              0         0  0.00000000     -1          1
78              0              0         0  0.00000000     -1          2
79             92             93         2  0.12798858      1          0
80             94             95         1  0.60618438      1          0
81             96             97         1  0.31647211      1          0
82              0              0         0  0.00000000     -1          1
83             98             99         2  0.85940356      1          0
84              0              0         0  0.00000000     -1          2
85              0              0         0  0.00000000     -1          1
86              0              0         0  0.00000000     -1          1
87              0              0         0  0.00000000     -1          2
88            100            101         2  0.10717543      1          0
89            102            103         1  0.25655337      1          0
90              0              0         0  0.00000000     -1          2
91              0              0         0  0.00000000     -1          2
92              0              0         0  0.00000000     -1          1
93            104            105         1  0.86013247      1          0
94            106            107         2  0.76904986      1          0
95              0              0         0  0.00000000     -1          1
96            108            109         2  0.80083118      1          0
97              0              0         0  0.00000000     -1          2
98              0              0         0  0.00000000     -1          2
99            110            111         2  0.90299294      1          0
100             0              0         0  0.00000000     -1          1
101             0              0         0  0.00000000     -1          1
102             0              0         0  0.00000000     -1          2
103             0              0         0  0.00000000     -1          2
104           112            113         1  0.78210086      1          0
105             0              0         0  0.00000000     -1          1
106           114            115         2  0.68610016      1          0
107             0              0         0  0.00000000     -1          1
108             0              0         0  0.00000000     -1          2
109             0              0         0  0.00000000     -1          2
110             0              0         0  0.00000000     -1          2
111             0              0         0  0.00000000     -1          2
112           116            117         1  0.77707721      1          0
113           118            119         1  0.82607262      1          0
114           120            121         2  0.63971772      1          0
115           122            123         1  0.40254320      1          0
116           124            125         2  0.13108838      1          0
117             0              0         0  0.00000000     -1          2
118             0              0         0  0.00000000     -1          1
119             0              0         0  0.00000000     -1          1
120             0              0         0  0.00000000     -1          2
121             0              0         0  0.00000000     -1          2
122           126            127         1  0.39436724      1          0
123             0              0         0  0.00000000     -1          2
124             0              0         0  0.00000000     -1          2
125             0              0         0  0.00000000     -1          1
126             0              0         0  0.00000000     -1          2
127             0              0         0  0.00000000     -1          1
