    left daughter right daughter split var split point status prediction
1               2              3         1  0.51478437      1          0
2               4              5         1  0.02433431      1          0
3               6              7         2  0.69979853      1          0
4               8              9         2  0.22102623      1          0
5              10             11         1  0.18384643      1          0
6              12             13         2  0.62749611      1          0
7              14             15         2  0.76588987      1          0
8               0              0         0  0.00000000     -1          1
9               0              0         0  0.00000000     -1          2
10             16             17         1  0.14339839      1          0
11             18             19         1  0.19342534      1          0
12             20             21         1  0.99189824      1          0
13             22             23         1  0.60353895      1          0
14             24             25         2  0.75110542      1          0
15             26             27         2  0.84428990      1          0
16             28             29         2  0.29700612      1          0
17             30             31         2  0.29818053      1          0
18              0              0         0  0.00000000     -1          2
19             32             33         1  0.49132756      1          0
20             34             35         1  0.76896947      1          0
21              0              0         0  0.00000000     -1          1
22              0              0         0  0.00000000     -1          2
23             36             37         1  0.68006390      1          0
24             38             39         1  0.76034614      1          0
25              0              0         0  0.00000000     -1          1
26              0              0         0  0.00000000     -1          2
27             40             41         1  0.51673303      1          0
28             42             43         2  0.02497176      1          0
29             44             45         1  0.10716829      1          0
30              0              0         0  0.00000000     -1          1
31             46             47         1  0.17996783      1          0
32             48             49         1  0.48208301      1          0
33              0              0         0  0.00000000     -1          2
34             50             51         1  0.65880185      1          0
35             52             53         2  0.42649366      1          0
36              0              0         0  0.00000000     -1          1
37             54             55         2  0.63967958      1          0
38              0              0         0  0.00000000     -1          2
39              0              0         0  0.00000000     -1          1
40              0              0         0  0.00000000     -1          1
41             56             57         2  0.84557938      1          0
42              0              0         0  0.00000000     -1          1
43             58             59         1  0.04443177      1          0
44             60             61         1  0.10408984      1          0
45              0              0         0  0.00000000     -1          2
46             62             63         1  0.15827237      1          0
47              0              0         0  0.00000000     -1          1
48             64             65         1  0.36174241      1          0
49              0              0         0  0.00000000     -1          1
50             66             67         1  0.65739869      1          0
51              0              0         0  0.00000000     -1          1
52             68             69         2  0.42595477      1          0
53             70             71         1  0.81851879      1          0
54              0              0         0  0.00000000     -1          2
55              0              0         0  0.00000000     -1          1
56              0              0         0  0.00000000     -1          1
57             72             73         1  0.97928943      1          0
58              0              0         0  0.00000000     -1          1
59              0              0         0  0.00000000     -1          1
60             74             75         2  0.42513836      1          0
61              0              0         0  0.00000000     -1          1
62              0              0         0  0.00000000     -1          1
63              0              0         0  0.00000000     -1          2
64             76             77         1  0.35545728      1          0
65             78             79         1  0.39722216      1          0
66             80             81         2  0.53523804      1          0
67              0              0         0  0.00000000     -1          2
68             82             83         1  0.77243985      1          0
69              0              0         0  0.00000000     -1          2
70              0              0         0  0.00000000     -1          1
71              0              0         0  0.00000000     -1          1
72             84             85         2  0.90795854      1          0
73              0              0         0  0.00000000     -1          1
74              0              0         0  0.00000000     -1          2
75             86             87         2  0.43825618      1          0
76             88             89         1  0.19449422      1          0
77              0              0         0  0.00000000     -1          1
78             90             91         1  0.37908034      1          0
79             92             93         2  0.35001290      1          0
80             94             95         2  0.18013140      1          0
81              0              0         0  0.00000000     -1          1
82              0              0         0  0.00000000     -1          2
83             96             97         1  0.78096306      1          0
84              0              0         0  0.00000000     -1          2
85             98             99         2  0.91260694      1          0
86              0              0         0  0.00000000     -1          1
87            100            101         2  0.77085542      1          0
88              0              0         0  0.00000000     -1          1
89            102            103         1  0.25433523      1          0
90              0              0         0  0.00000000     -1          2
91            104            105         1  0.39013621      1          0
92            106            107         1  0.40480819      1          0
93            108            109         2  0.95619449      1          0
94            110            111         1  0.64606586      1          0
95              0              0         0  0.00000000     -1          1
96              0              0         0  0.00000000     -1          1
97            112            113         2  0.25426731      1          0
98              0              0         0  0.00000000     -1          1
99            114            115         1  0.93295984      1          0
100             0              0         0  0.00000000     -1          2
101           116            117         2  0.80936051      1          0
102           118            119         2  0.26761521      1          0
103           120            121         1  0.27820659      1          0
104             0              0         0  0.00000000     -1          2
105           122            123         1  0.39043760      1          0
106             0              0         0  0.00000000     -1          1
107             0              0         0  0.00000000     -1          1
108           124            125         2  0.90247690      1          0
109             0              0         0  0.00000000     -1          1
110             0              0         0  0.00000000     -1          1
111             0              0         0  0.00000000     -1          1
112             0              0         0  0.00000000     -1          1
113           126            127         1  0.90894435      1          0
114             0              0         0  0.00000000     -1          2
115             0              0         0  0.00000000     -1          1
116             0              0         0  0.00000000     -1          1
117             0              0         0  0.00000000     -1          2
118             0              0         0  0.00000000     -1          1
119             0              0         0  0.00000000     -1          2
120             0              0         0  0.00000000     -1          1
121             0              0         0  0.00000000     -1          2
122             0              0         0  0.00000000     -1          1
123             0              0         0  0.00000000     -1          2
124             0              0         0  0.00000000     -1          2
125             0              0         0  0.00000000     -1          2
126             0              0         0  0.00000000     -1          1
127             0              0         0  0.00000000     -1          1
