    left daughter right daughter split var split point status prediction
1               2              3         2  0.28258439      1          0
2               4              5         1  0.77616589      1          0
3               6              7         2  0.76588987      1          0
4               8              9         1  0.77014107      1          0
5               0              0         0  0.00000000     -1          1
6              10             11         1  0.51372736      1          0
7              12             13         2  0.85881582      1          0
8              14             15         1  0.13218806      1          0
9               0              0         0  0.00000000     -1          2
10             16             17         1  0.19065054      1          0
11             18             19         1  0.60342530      1          0
12             20             21         1  0.10028340      1          0
13             22             23         1  0.01528252      1          0
14              0              0         0  0.00000000     -1          1
15             24             25         2  0.26492207      1          0
16             26             27         1  0.05752782      1          0
17             28             29         1  0.26695573      1          0
18             30             31         2  0.53523804      1          0
19             32             33         2  0.69698335      1          0
20              0              0         0  0.00000000     -1          2
21              0              0         0  0.00000000     -1          2
22              0              0         0  0.00000000     -1          1
23             34             35         1  0.52043439      1          0
24             36             37         1  0.13902484      1          0
25              0              0         0  0.00000000     -1          1
26             38             39         2  0.30327182      1          0
27             40             41         1  0.15092946      1          0
28             42             43         1  0.25310718      1          0
29             44             45         2  0.75484185      1          0
30             46             47         2  0.28572893      1          0
31              0              0         0  0.00000000     -1          2
32             48             49         2  0.32992532      1          0
33             50             51         1  0.71394664      1          0
34             52             53         1  0.48437211      1          0
35             54             55         2  0.93188108      1          0
36              0              0         0  0.00000000     -1          2
37             56             57         2  0.17366239      1          0
38              0              0         0  0.00000000     -1          1
39              0              0         0  0.00000000     -1          2
40              0              0         0  0.00000000     -1          2
41             58             59         1  0.15139969      1          0
42             60             61         2  0.63554081      1          0
43              0              0         0  0.00000000     -1          1
44             62             63         1  0.50706623      1          0
45              0              0         0  0.00000000     -1          1
46              0              0         0  0.00000000     -1          2
47              0              0         0  0.00000000     -1          1
48              0              0         0  0.00000000     -1          1
49             64             65         2  0.54402093      1          0
50              0              0         0  0.00000000     -1          2
51             66             67         2  0.69868244      1          0
52             68             69         1  0.32508621      1          0
53              0              0         0  0.00000000     -1          1
54              0              0         0  0.00000000     -1          2
55             70             71         1  0.90611108      1          0
56             72             73         1  0.29451385      1          0
57             74             75         2  0.17474301      1          0
58              0              0         0  0.00000000     -1          1
59              0              0         0  0.00000000     -1          2
60             76             77         1  0.22923205      1          0
61              0              0         0  0.00000000     -1          2
62             78             79         1  0.40167275      1          0
63              0              0         0  0.00000000     -1          2
64             80             81         1  0.87613151      1          0
65             82             83         1  0.98385755      1          0
66              0              0         0  0.00000000     -1          2
67             84             85         1  0.97997220      1          0
68             86             87         2  0.88137533      1          0
69             88             89         2  0.91205034      1          0
70             90             91         2  0.93446930      1          0
71              0              0         0  0.00000000     -1          1
72             92             93         2  0.09789908      1          0
73              0              0         0  0.00000000     -1          1
74              0              0         0  0.00000000     -1          2
75             94             95         2  0.18260279      1          0
76              0              0         0  0.00000000     -1          2
77              0              0         0  0.00000000     -1          2
78              0              0         0  0.00000000     -1          2
79             96             97         1  0.40407718      1          0
80             98             99         2  0.41792260      1          0
81              0              0         0  0.00000000     -1          1
82            100            101         1  0.86129163      1          0
83              0              0         0  0.00000000     -1          2
84              0              0         0  0.00000000     -1          1
85              0              0         0  0.00000000     -1          2
86              0              0         0  0.00000000     -1          2
87            102            103         1  0.23938088      1          0
88              0              0         0  0.00000000     -1          1
89            104            105         2  0.95146947      1          0
90              0              0         0  0.00000000     -1          1
91              0              0         0  0.00000000     -1          2
92              0              0         0  0.00000000     -1          1
93              0              0         0  0.00000000     -1          1
94              0              0         0  0.00000000     -1          1
95            106            107         1  0.39952776      1          0
96              0              0         0  0.00000000     -1          1
97            108            109         1  0.46267825      1          0
98              0              0         0  0.00000000     -1          1
99            110            111         1  0.86841513      1          0
100           112            113         2  0.56387762      1          0
101             0              0         0  0.00000000     -1          1
102           114            115         2  0.94012342      1          0
103             0              0         0  0.00000000     -1          2
104             0              0         0  0.00000000     -1          2
105           116            117         1  0.39703301      1          0
106           118            119         2  0.20853350      1          0
107             0              0         0  0.00000000     -1          1
108             0              0         0  0.00000000     -1          2
109           120            121         2  0.39181509      1          0
110           122            123         2  0.42649366      1          0
111             0              0         0  0.00000000     -1          2
112             0              0         0  0.00000000     -1          1
113           124            125         2  0.64711630      1          0
114             0              0         0  0.00000000     -1          2
115             0              0         0  0.00000000     -1          2
116             0              0         0  0.00000000     -1          2
117             0              0         0  0.00000000     -1          2
118             0              0         0  0.00000000     -1          1
119             0              0         0  0.00000000     -1          1
120             0              0         0  0.00000000     -1          1
121             0              0         0  0.00000000     -1          2
122             0              0         0  0.00000000     -1          2
123           126            127         2  0.47416512      1          0
124             0              0         0  0.00000000     -1          1
125             0              0         0  0.00000000     -1          1
126             0              0         0  0.00000000     -1          1
127             0              0         0  0.00000000     -1          1
