    left daughter right daughter split var split point status prediction
1               2              3         2  0.45928389      1          0
2               4              5         2  0.25426731      1          0
3               6              7         2  0.70284685      1          0
4               8              9         2  0.17349993      1          0
5              10             11         2  0.33324148      1          0
6              12             13         1  0.59388512      1          0
7              14             15         2  0.77102050      1          0
8              16             17         2  0.08393065      1          0
9              18             19         1  0.03773991      1          0
10             20             21         1  0.43921525      1          0
11             22             23         2  0.35359132      1          0
12             24             25         2  0.69678905      1          0
13             26             27         1  0.99180999      1          0
14             28             29         1  0.77848763      1          0
15             30             31         1  0.89588630      1          0
16              0              0         0  0.00000000     -1          1
17             32             33         1  0.25567532      1          0
18              0              0         0  0.00000000     -1          2
19             34             35         2  0.17475109      1          0
20             36             37         2  0.29447053      1          0
21             38             39         1  0.84887508      1          0
22             40             41         1  0.31845174      1          0
23             42             43         2  0.42990125      1          0
24             44             45         1  0.53398655      1          0
25              0              0         0  0.00000000     -1          2
26             46             47         2  0.68807420      1          0
27              0              0         0  0.00000000     -1          2
28             48             49         2  0.76904986      1          0
29              0              0         0  0.00000000     -1          1
30             50             51         2  0.85575783      1          0
31             52             53         2  0.93386264      1          0
32             54             55         1  0.24683930      1          0
33              0              0         0  0.00000000     -1          1
34              0              0         0  0.00000000     -1          2
35             56             57         2  0.18140412      1          0
36             58             59         1  0.17921024      1          0
37              0              0         0  0.00000000     -1          2
38             60             61         1  0.78480447      1          0
39              0              0         0  0.00000000     -1          1
40              0              0         0  0.00000000     -1          2
41             62             63         1  0.93299524      1          0
42             64             65         2  0.42870976      1          0
43             66             67         1  0.51562285      1          0
44             68             69         2  0.68610016      1          0
45              0              0         0  0.00000000     -1          2
46             70             71         2  0.64873348      1          0
47              0              0         0  0.00000000     -1          1
48             72             73         1  0.72006863      1          0
49              0              0         0  0.00000000     -1          1
50              0              0         0  0.00000000     -1          2
51             74             75         1  0.43414373      1          0
52             76             77         2  0.85560983      1          0
53              0              0         0  0.00000000     -1          1
54              0              0         0  0.00000000     -1          1
55              0              0         0  0.00000000     -1          2
56              0              0         0  0.00000000     -1          1
57             78             79         2  0.21737443      1          0
58              0              0         0  0.00000000     -1          1
59              0              0         0  0.00000000     -1          2
60              0              0         0  0.00000000     -1          1
61              0              0         0  0.00000000     -1          1
62              0              0         0  0.00000000     -1          1
63              0              0         0  0.00000000     -1          1
64             80             81         2  0.42361366      1          0
65              0              0         0  0.00000000     -1          2
66              0              0         0  0.00000000     -1          2
67             82             83         1  0.86805709      1          0
68             84             85         1  0.26695573      1          0
69              0              0         0  0.00000000     -1          2
70             86             87         2  0.56635334      1          0
71              0              0         0  0.00000000     -1          1
72             88             89         2  0.75928616      1          0
73              0              0         0  0.00000000     -1          2
74             90             91         2  0.88862022      1          0
75             92             93         1  0.79170454      1          0
76              0              0         0  0.00000000     -1          2
77              0              0         0  0.00000000     -1          2
78             94             95         1  0.41650991      1          0
79              0              0         0  0.00000000     -1          1
80             96             97         1  0.48859655      1          0
81              0              0         0  0.00000000     -1          1
82              0              0         0  0.00000000     -1          1
83              0              0         0  0.00000000     -1          1
84             98             99         2  0.56616126      1          0
85              0              0         0  0.00000000     -1          2
86            100            101         1  0.67983592      1          0
87              0              0         0  0.00000000     -1          1
88              0              0         0  0.00000000     -1          2
89              0              0         0  0.00000000     -1          2
90              0              0         0  0.00000000     -1          1
91            102            103         2  0.90835407      1          0
92            104            105         2  0.86322855      1          0
93            106            107         2  0.91929733      1          0
94              0              0         0  0.00000000     -1          1
95              0              0         0  0.00000000     -1          1
96            108            109         1  0.10364405      1          0
97            110            111         2  0.41938418      1          0
98              0              0         0  0.00000000     -1          2
99            112            113         1  0.25366383      1          0
100             0              0         0  0.00000000     -1          1
101           114            115         1  0.84021973      1          0
102             0              0         0  0.00000000     -1          2
103           116            117         2  0.91016498      1          0
104             0              0         0  0.00000000     -1          2
105             0              0         0  0.00000000     -1          2
106             0              0         0  0.00000000     -1          2
107             0              0         0  0.00000000     -1          2
108             0              0         0  0.00000000     -1          2
109           118            119         2  0.38297800      1          0
110             0              0         0  0.00000000     -1          1
111             0              0         0  0.00000000     -1          2
112           120            121         1  0.19095134      1          0
113             0              0         0  0.00000000     -1          1
114             0              0         0  0.00000000     -1          1
115           122            123         2  0.55023160      1          0
116             0              0         0  0.00000000     -1          1
117           124            125         2  0.95479525      1          0
118             0              0         0  0.00000000     -1          2
119             0              0         0  0.00000000     -1          1
120             0              0         0  0.00000000     -1          2
121             0              0         0  0.00000000     -1          2
122             0              0         0  0.00000000     -1          1
123             0              0         0  0.00000000     -1          2
124           126            127         1  0.23761284      1          0
125             0              0         0  0.00000000     -1          2
126             0              0         0  0.00000000     -1          2
127             0              0         0  0.00000000     -1          2
