   left daughter right daughter split var split point status prediction
1              2              3         2 0.008131311      1          0
2              0              0         0 0.000000000     -1          1
3              4              5         1 0.072460861      1          0
4              0              0         0 0.000000000     -1          1
5              6              7         1 0.249704654      1          0
6              8              9         1 0.232114752      1          0
7             10             11         2 0.490189791      1          0
8             12             13         1 0.216918566      1          0
9              0              0         0 0.000000000     -1          2
10            14             15         2 0.027366411      1          0
11            16             17         2 0.524237812      1          0
12            18             19         1 0.212703645      1          0
13             0              0         0 0.000000000     -1          1
14             0              0         0 0.000000000     -1          2
15            20             21         2 0.174191148      1          0
16             0              0         0 0.000000000     -1          1
17            22             23         2 0.717166305      1          0
18            24             25         1 0.163801369      1          0
19             0              0         0 0.000000000     -1          2
20            26             27         2 0.113623789      1          0
21            28             29         2 0.320483584      1          0
22            30             31         1 0.500349198      1          0
23             0              0         0 0.000000000     -1          1
24             0              0         0 0.000000000     -1          2
25             0              0         0 0.000000000     -1          1
26             0              0         0 0.000000000     -1          2
27             0              0         0 0.000000000     -1          1
28             0              0         0 0.000000000     -1          2
29             0              0         0 0.000000000     -1          2
30             0              0         0 0.000000000     -1          2
31             0              0         0 0.000000000     -1          1
