   left daughter right daughter split var split point status prediction
1              2              3         2   0.0147275      1          0
2              0              0         0   0.0000000     -1          1
3              4              5         2   0.9912280      1          0
4              6              7         2   0.9768051      1          0
5              0              0         0   0.0000000     -1          2
6              8              9         1   0.7634393      1          0
7              0              0         0   0.0000000     -1          1
8             10             11         2   0.5428860      1          0
9             12             13         2   0.5243659      1          0
10            14             15         2   0.2048473      1          0
11            16             17         2   0.9431917      1          0
12            18             19         1   0.9880493      1          0
13            20             21         1   0.9651721      1          0
14            22             23         1   0.5024424      1          0
15            24             25         1   0.4627531      1          0
16            26             27         2   0.9258841      1          0
17             0              0         0   0.0000000     -1          2
18            28             29         2   0.2362420      1          0
19             0              0         0   0.0000000     -1          1
20            30             31         2   0.9693919      1          0
21             0              0         0   0.0000000     -1          1
22             0              0         0   0.0000000     -1          1
23             0              0         0   0.0000000     -1          2
24             0              0         0   0.0000000     -1          1
25             0              0         0   0.0000000     -1          2
26             0              0         0   0.0000000     -1          2
27             0              0         0   0.0000000     -1          1
28             0              0         0   0.0000000     -1          2
29             0              0         0   0.0000000     -1          2
30             0              0         0   0.0000000     -1          1
31             0              0         0   0.0000000     -1          2
