   left daughter right daughter split var split point status prediction
1              2              3         2 0.007662595      1          0
2              0              0         0 0.000000000     -1          1
3              4              5         1 0.976413838      1          0
4              6              7         1 0.961528557      1          0
5              0              0         0 0.000000000     -1          2
6              8              9         1 0.955083330      1          0
7              0              0         0 0.000000000     -1          1
8             10             11         1 0.025794094      1          0
9              0              0         0 0.000000000     -1          2
10             0              0         0 0.000000000     -1          2
11            12             13         1 0.030259376      1          0
12             0              0         0 0.000000000     -1          1
13            14             15         2 0.843828667      1          0
14            16             17         2 0.835713214      1          0
15            18             19         1 0.487453997      1          0
16            20             21         1 0.462277457      1          0
17             0              0         0 0.000000000     -1          2
18             0              0         0 0.000000000     -1          2
19            22             23         2 0.973466846      1          0
20            24             25         1 0.402168408      1          0
21            26             27         2 0.495307753      1          0
22             0              0         0 0.000000000     -1          1
23             0              0         0 0.000000000     -1          1
24            28             29         2 0.498778844      1          0
25             0              0         0 0.000000000     -1          1
26            30             31         2 0.433073983      1          0
27             0              0         0 0.000000000     -1          1
28             0              0         0 0.000000000     -1          1
29             0              0         0 0.000000000     -1          2
30             0              0         0 0.000000000     -1          2
31             0              0         0 0.000000000     -1          2
