   left daughter right daughter split var split point status prediction
1              2              3         1  0.59647736      1          0
2              4              5         2  0.49929450      1          0
3              6              7         1  0.60397437      1          0
4              8              9         1  0.49650421      1          0
5             10             11         1  0.49882463      1          0
6              0              0         0  0.00000000     -1          2
7             12             13         2  0.50358219      1          0
8             14             15         1  0.06425260      1          0
9              0              0         0  0.00000000     -1          2
10            16             17         2  0.56281799      1          0
11             0              0         0  0.00000000     -1          1
12            18             19         1  0.97389437      1          0
13            20             21         1  0.95548637      1          0
14             0              0         0  0.00000000     -1          1
15            22             23         2  0.05879282      1          0
16             0              0         0  0.00000000     -1          2
17            24             25         1  0.34242957      1          0
18            26             27         1  0.74925094      1          0
19             0              0         0  0.00000000     -1          2
20            28             29         2  0.58995569      1          0
21             0              0         0  0.00000000     -1          1
22             0              0         0  0.00000000     -1          1
23            30             31         1  0.06661284      1          0
24             0              0         0  0.00000000     -1          2
25             0              0         0  0.00000000     -1          2
26             0              0         0  0.00000000     -1          2
27             0              0         0  0.00000000     -1          2
28             0              0         0  0.00000000     -1          1
29             0              0         0  0.00000000     -1          1
30             0              0         0  0.00000000     -1          2
31             0              0         0  0.00000000     -1          1
