   left daughter right daughter split var split point status prediction
1              2              3         1  0.04709129      1          0
2              0              0         0  0.00000000     -1          1
3              4              5         1  0.87273716      1          0
4              6              7         1  0.85140860      1          0
5              8              9         2  0.50086087      1          0
6             10             11         2  0.06479927      1          0
7              0              0         0  0.00000000     -1          2
8              0              0         0  0.00000000     -1          2
9              0              0         0  0.00000000     -1          1
10             0              0         0  0.00000000     -1          2
11            12             13         2  0.45066597      1          0
12            14             15         2  0.42174869      1          0
13            16             17         1  0.50029371      1          0
14            18             19         2  0.41486433      1          0
15             0              0         0  0.00000000     -1          1
16            20             21         2  0.49929450      1          0
17            22             23         2  0.49626354      1          0
18            24             25         2  0.40418338      1          0
19             0              0         0  0.00000000     -1          2
20             0              0         0  0.00000000     -1          1
21            26             27         2  0.75908444      1          0
22             0              0         0  0.00000000     -1          2
23            28             29         1  0.72452959      1          0
24            30             31         1  0.50090866      1          0
25             0              0         0  0.00000000     -1          1
26             0              0         0  0.00000000     -1          2
27             0              0         0  0.00000000     -1          2
28             0              0         0  0.00000000     -1          1
29             0              0         0  0.00000000     -1          1
30             0              0         0  0.00000000     -1          1
31             0              0         0  0.00000000     -1          2
