   left daughter right daughter split var split point status prediction
1              2              3         1  0.02556305      1          0
2              0              0         0  0.00000000     -1          2
3              4              5         1  0.77693583      1          0
4              6              7         1  0.76444410      1          0
5              8              9         2  0.52436595      1          0
6             10             11         1  0.75845296      1          0
7              0              0         0  0.00000000     -1          2
8             12             13         1  0.94610182      1          0
9             14             15         2  0.89009000      1          0
10            16             17         2  0.37458650      1          0
11             0              0         0  0.00000000     -1          1
12             0              0         0  0.00000000     -1          2
13             0              0         0  0.00000000     -1          2
14            18             19         2  0.78331367      1          0
15             0              0         0  0.00000000     -1          1
16            20             21         2  0.11737740      1          0
17            22             23         1  0.49992350      1          0
18             0              0         0  0.00000000     -1          1
19             0              0         0  0.00000000     -1          1
20            24             25         1  0.47529233      1          0
21            26             27         2  0.16102681      1          0
22            28             29         2  0.49877884      1          0
23            30             31         1  0.75668300      1          0
24             0              0         0  0.00000000     -1          1
25             0              0         0  0.00000000     -1          2
26             0              0         0  0.00000000     -1          1
27             0              0         0  0.00000000     -1          1
28             0              0         0  0.00000000     -1          1
29             0              0         0  0.00000000     -1          2
30             0              0         0  0.00000000     -1          1
31             0              0         0  0.00000000     -1          2
