   left daughter right daughter split var split point status prediction
1              2              3         2  0.09962020      1          0
2              4              5         1  0.49735516      1          0
3              6              7         1  0.07297487      1          0
4              0              0         0  0.00000000     -1          1
5              0              0         0  0.00000000     -1          2
6              0              0         0  0.00000000     -1          1
7              8              9         2  0.16021366      1          0
8              0              0         0  0.00000000     -1          1
9             10             11         1  0.48509450      1          0
10            12             13         1  0.46227746      1          0
11            14             15         1  0.57393636      1          0
12            16             17         2  0.49877884      1          0
13             0              0         0  0.00000000     -1          2
14             0              0         0  0.00000000     -1          1
15            18             19         1  0.60575653      1          0
16            20             21         1  0.18809660      1          0
17            22             23         2  0.98842857      1          0
18             0              0         0  0.00000000     -1          2
19            24             25         2  0.51464774      1          0
20             0              0         0  0.00000000     -1          1
21            26             27         2  0.16426042      1          0
22            28             29         1  0.44461250      1          0
23             0              0         0  0.00000000     -1          2
24            30             31         1  0.94610182      1          0
25             0              0         0  0.00000000     -1          1
26             0              0         0  0.00000000     -1          2
27             0              0         0  0.00000000     -1          1
28             0              0         0  0.00000000     -1          2
29             0              0         0  0.00000000     -1          2
30             0              0         0  0.00000000     -1          2
31             0              0         0  0.00000000     -1          2
