   left daughter right daughter split var split point status prediction
1              2              3         1  0.02593954      1          0
2              0              0         0  0.00000000     -1          2
3              4              5         2  0.70342830      1          0
4              6              7         2  0.19078820      1          0
5              8              9         2  0.98932675      1          0
6             10             11         2  0.08374257      1          0
7             12             13         2  0.28540972      1          0
8             14             15         2  0.97044063      1          0
9              0              0         0  0.00000000     -1          2
10            16             17         1  0.51714822      1          0
11            18             19         2  0.09091327      1          0
12             0              0         0  0.00000000     -1          2
13            20             21         2  0.29791310      1          0
14            22             23         1  0.48958153      1          0
15             0              0         0  0.00000000     -1          2
16             0              0         0  0.00000000     -1          1
17             0              0         0  0.00000000     -1          2
18             0              0         0  0.00000000     -1          1
19            24             25         2  0.10459202      1          0
20             0              0         0  0.00000000     -1          1
21            26             27         1  0.89151890      1          0
22            28             29         1  0.02872342      1          0
23            30             31         1  0.96517206      1          0
24             0              0         0  0.00000000     -1          2
25             0              0         0  0.00000000     -1          1
26             0              0         0  0.00000000     -1          2
27             0              0         0  0.00000000     -1          1
28             0              0         0  0.00000000     -1          1
29             0              0         0  0.00000000     -1          2
30             0              0         0  0.00000000     -1          1
31             0              0         0  0.00000000     -1          2
