   left daughter right daughter split var split point status prediction
1              2              3         2 0.007923727      1          0
2              0              0         0 0.000000000     -1          1
3              4              5         2 0.598488209      1          0
4              6              7         2 0.536850025      1          0
5              8              9         1 0.489581529      1          0
6             10             11         1 0.500908658      1          0
7              0              0         0 0.000000000     -1          2
8             12             13         2 0.883219379      1          0
9             14             15         1 0.967161344      1          0
10            16             17         1 0.098268042      1          0
11            18             19         2 0.505788614      1          0
12            20             21         2 0.871129198      1          0
13             0              0         0 0.000000000     -1          2
14            22             23         1 0.815088075      1          0
15             0              0         0 0.000000000     -1          1
16             0              0         0 0.000000000     -1          1
17            24             25         2 0.498185737      1          0
18            26             27         1 0.720476010      1          0
19             0              0         0 0.000000000     -1          1
20            28             29         2 0.819013843      1          0
21             0              0         0 0.000000000     -1          2
22            30             31         2 0.884076900      1          0
23             0              0         0 0.000000000     -1          1
24             0              0         0 0.000000000     -1          1
25             0              0         0 0.000000000     -1          2
26             0              0         0 0.000000000     -1          2
27             0              0         0 0.000000000     -1          2
28             0              0         0 0.000000000     -1          2
29             0              0         0 0.000000000     -1          2
30             0              0         0 0.000000000     -1          1
31             0              0         0 0.000000000     -1          1
