   left daughter right daughter split var split point status prediction
1              2              3         1 0.991079056      1          0
2              4              5         2 0.434144215      1          0
3              0              0         0 0.000000000     -1          2
4              6              7         2 0.008131311      1          0
5              8              9         2 0.944206219      1          0
6              0              0         0 0.000000000     -1          1
7             10             11         1 0.501211642      1          0
8             12             13         1 0.499923497      1          0
9              0              0         0 0.000000000     -1          2
10            14             15         2 0.407926395      1          0
11            16             17         2 0.358342098      1          0
12            18             19         2 0.498778844      1          0
13            20             21         1 0.650549182      1          0
14            22             23         2 0.084675595      1          0
15             0              0         0 0.000000000     -1          2
16            24             25         2 0.148356210      1          0
17             0              0         0 0.000000000     -1          2
18             0              0         0 0.000000000     -1          1
19            26             27         1 0.029914765      1          0
20            28             29         2 0.488433284      1          0
21            30             31         2 0.504868037      1          0
22             0              0         0 0.000000000     -1          1
23             0              0         0 0.000000000     -1          1
24             0              0         0 0.000000000     -1          2
25             0              0         0 0.000000000     -1          2
26             0              0         0 0.000000000     -1          2
27             0              0         0 0.000000000     -1          2
28             0              0         0 0.000000000     -1          2
29             0              0         0 0.000000000     -1          1
30             0              0         0 0.000000000     -1          2
31             0              0         0 0.000000000     -1          1
