   left daughter right daughter split var split point status prediction
1              2              3         1 0.976469964      1          0
2              4              5         2 0.007662595      1          0
3              0              0         0 0.000000000     -1          2
4              0              0         0 0.000000000     -1          1
5              6              7         2 0.036105717      1          0
6              0              0         0 0.000000000     -1          2
7              8              9         1 0.042025880      1          0
8              0              0         0 0.000000000     -1          1
9             10             11         2 0.943191678      1          0
10            12             13         2 0.914776476      1          0
11             0              0         0 0.000000000     -1          2
12            14             15         1 0.950631968      1          0
13             0              0         0 0.000000000     -1          1
14            16             17         2 0.835713214      1          0
15             0              0         0 0.000000000     -1          1
16            18             19         1 0.560918502      1          0
17             0              0         0 0.000000000     -1          2
18            20             21         1 0.375803872      1          0
19            22             23         1 0.642384138      1          0
20            24             25         1 0.372506358      1          0
21            26             27         1 0.420737365      1          0
22             0              0         0 0.000000000     -1          2
23            28             29         2 0.505788614      1          0
24            30             31         2 0.498185737      1          0
25             0              0         0 0.000000000     -1          2
26             0              0         0 0.000000000     -1          1
27             0              0         0 0.000000000     -1          1
28             0              0         0 0.000000000     -1          2
29             0              0         0 0.000000000     -1          1
30             0              0         0 0.000000000     -1          1
31             0              0         0 0.000000000     -1          2
