   left daughter right daughter split var split point status prediction
1              2              3         1  0.91359102      1          0
2              4              5         1  0.62991397      1          0
3              6              7         2  0.50086087      1          0
4              8              9         1  0.61622265      1          0
5             10             11         1  0.63230210      1          0
6              0              0         0  0.00000000     -1          2
7              0              0         0  0.00000000     -1          1
8             12             13         2  0.49818574      1          0
9              0              0         0  0.00000000     -1          1
10             0              0         0  0.00000000     -1          2
11            14             15         2  0.47888615      1          0
12            16             17         2  0.03947814      1          0
13            18             19         1  0.49937450      1          0
14            20             21         2  0.19050164      1          0
15            22             23         2  0.66708119      1          0
16             0              0         0  0.00000000     -1          1
17            24             25         2  0.13484161      1          0
18            26             27         2  0.87387599      1          0
19             0              0         0  0.00000000     -1          1
20             0              0         0  0.00000000     -1          2
21            28             29         1  0.64589816      1          0
22             0              0         0  0.00000000     -1          1
23            30             31         2  0.67747604      1          0
24             0              0         0  0.00000000     -1          1
25             0              0         0  0.00000000     -1          1
26             0              0         0  0.00000000     -1          2
27             0              0         0  0.00000000     -1          2
28             0              0         0  0.00000000     -1          2
29             0              0         0  0.00000000     -1          2
30             0              0         0  0.00000000     -1          2
31             0              0         0  0.00000000     -1          1
