   left daughter right daughter split var split point status prediction
1              2              3         2   0.1610268      1          0
2              4              5         2   0.1534215      1          0
3              6              7         2   0.4782166      1          0
4              8              9         2   0.1473377      1          0
5              0              0         0   0.0000000     -1          1
6             10             11         1   0.4560477      1          0
7             12             13         2   0.4865958      1          0
8             14             15         1   0.5062539      1          0
9              0              0         0   0.0000000     -1          2
10            16             17         1   0.1209784      1          0
11            18             19         2   0.1925769      1          0
12             0              0         0   0.0000000     -1          1
13            20             21         1   0.5002937      1          0
14             0              0         0   0.0000000     -1          1
15             0              0         0   0.0000000     -1          2
16             0              0         0   0.0000000     -1          1
17            22             23         2   0.1649728      1          0
18             0              0         0   0.0000000     -1          2
19            24             25         2   0.3112956      1          0
20            26             27         1   0.1515033      1          0
21            28             29         1   0.9061430      1          0
22             0              0         0   0.0000000     -1          2
23            30             31         2   0.4724705      1          0
24             0              0         0   0.0000000     -1          2
25             0              0         0   0.0000000     -1          2
26             0              0         0   0.0000000     -1          2
27             0              0         0   0.0000000     -1          2
28             0              0         0   0.0000000     -1          1
29             0              0         0   0.0000000     -1          1
30             0              0         0   0.0000000     -1          1
31             0              0         0   0.0000000     -1          2
