   left daughter right daughter split var split point status prediction
1              2              3         2 0.006570847      1          0
2              0              0         0 0.000000000     -1          1
3              4              5         2 0.976288206      1          0
4              6              7         1 0.434350801      1          0
5              0              0         0 0.000000000     -1          1
6              8              9         2 0.498185737      1          0
7             10             11         2 0.505932652      1          0
8             12             13         1 0.168701947      1          0
9             14             15         1 0.429364825      1          0
10            16             17         2 0.148140810      1          0
11            18             19         2 0.941962294      1          0
12            20             21         1 0.014001993      1          0
13            22             23         1 0.186015861      1          0
14            24             25         1 0.409176640      1          0
15             0              0         0 0.000000000     -1          1
16             0              0         0 0.000000000     -1          2
17            26             27         1 0.498154812      1          0
18            28             29         1 0.497544488      1          0
19             0              0         0 0.000000000     -1          1
20             0              0         0 0.000000000     -1          1
21             0              0         0 0.000000000     -1          1
22             0              0         0 0.000000000     -1          1
23            30             31         2 0.322058474      1          0
24             0              0         0 0.000000000     -1          2
25             0              0         0 0.000000000     -1          2
26             0              0         0 0.000000000     -1          1
27             0              0         0 0.000000000     -1          2
28             0              0         0 0.000000000     -1          2
29             0              0         0 0.000000000     -1          1
30             0              0         0 0.000000000     -1          1
31             0              0         0 0.000000000     -1          1
