   left daughter right daughter split var split point status prediction
1              2              3         1  0.08784424      1          0
2              4              5         1  0.07968282      1          0
3              6              7         1  0.11201061      1          0
4              8              9         2  0.56467220      1          0
5              0              0         0  0.00000000     -1          1
6              0              0         0  0.00000000     -1          2
7             10             11         1  0.56337330      1          0
8              0              0         0  0.00000000     -1          1
9              0              0         0  0.00000000     -1          2
10            12             13         1  0.55487898      1          0
11            14             15         1  0.60298938      1          0
12            16             17         2  0.50372161      1          0
13             0              0         0  0.00000000     -1          1
14             0              0         0  0.00000000     -1          2
15            18             19         2  0.49626354      1          0
16            20             21         1  0.49815481      1          0
17            22             23         1  0.49974385      1          0
18            24             25         2  0.08741983      1          0
19            26             27         2  0.99932908      1          0
20            28             29         1  0.14036667      1          0
21             0              0         0  0.00000000     -1          2
22            30             31         2  0.98290902      1          0
23             0              0         0  0.00000000     -1          1
24             0              0         0  0.00000000     -1          2
25             0              0         0  0.00000000     -1          2
26             0              0         0  0.00000000     -1          1
27             0              0         0  0.00000000     -1          2
28             0              0         0  0.00000000     -1          1
29             0              0         0  0.00000000     -1          1
30             0              0         0  0.00000000     -1          2
31             0              0         0  0.00000000     -1          2
