   left daughter right daughter split var split point status prediction
1              2              3         2 0.008131311      1          0
2              0              0         0 0.000000000     -1          1
3              4              5         1 0.983890789      1          0
4              6              7         2 0.099040096      1          0
5              0              0         0 0.000000000     -1          2
6              8              9         1 0.497355155      1          0
7             10             11         2 0.177088026      1          0
8              0              0         0 0.000000000     -1          1
9              0              0         0 0.000000000     -1          2
10            12             13         2 0.134796521      1          0
11            14             15         1 0.311738829      1          0
12             0              0         0 0.000000000     -1          2
13             0              0         0 0.000000000     -1          1
14            16             17         2 0.497358433      1          0
15            18             19         1 0.961528557      1          0
16            20             21         1 0.300311905      1          0
17            22             23         2 0.832737424      1          0
18            24             25         1 0.955083330      1          0
19             0              0         0 0.000000000     -1          1
20            26             27         2 0.183022464      1          0
21             0              0         0 0.000000000     -1          2
22            28             29         2 0.562968424      1          0
23             0              0         0 0.000000000     -1          2
24            30             31         2 0.468558479      1          0
25             0              0         0 0.000000000     -1          2
26             0              0         0 0.000000000     -1          2
27             0              0         0 0.000000000     -1          1
28             0              0         0 0.000000000     -1          2
29             0              0         0 0.000000000     -1          2
30             0              0         0 0.000000000     -1          2
31             0              0         0 0.000000000     -1          1
