   left daughter right daughter split var split point status prediction
1              2              3         2  0.27530573      1          0
2              4              5         2  0.04101728      1          0
3              6              7         2  0.99122805      1          0
4              0              0         0  0.00000000     -1          2
5              8              9         1  0.50470291      1          0
6             10             11         2  0.97172860      1          0
7              0              0         0  0.00000000     -1          2
8             12             13         1  0.06453297      1          0
9             14             15         2  0.17570143      1          0
10            16             17         1  0.49992350      1          0
11             0              0         0  0.00000000     -1          1
12             0              0         0  0.00000000     -1          1
13            18             19         1  0.06661284      1          0
14             0              0         0  0.00000000     -1          2
15             0              0         0  0.00000000     -1          2
16            20             21         1  0.46455435      1          0
17            22             23         2  0.49626354      1          0
18             0              0         0  0.00000000     -1          2
19            24             25         2  0.08175544      1          0
20            26             27         2  0.49818574      1          0
21             0              0         0  0.00000000     -1          2
22            28             29         2  0.41779243      1          0
23            30             31         1  0.98404040      1          0
24             0              0         0  0.00000000     -1          1
25             0              0         0  0.00000000     -1          1
26             0              0         0  0.00000000     -1          1
27             0              0         0  0.00000000     -1          2
28             0              0         0  0.00000000     -1          2
29             0              0         0  0.00000000     -1          2
30             0              0         0  0.00000000     -1          1
31             0              0         0  0.00000000     -1          2
