   left daughter right daughter split var split point status prediction
1              2              3         1   0.6846524      1          0
2              4              5         1   0.6423841      1          0
3              6              7         2   0.5017808      1          0
4              8              9         2   0.4987014      1          0
5              0              0         0   0.0000000     -1          1
6             10             11         1   0.9278465      1          0
7             12             13         1   0.9764700      1          0
8             14             15         1   0.5009087      1          0
9             16             17         2   0.6109219      1          0
10            18             19         2   0.1415682      1          0
11             0              0         0   0.0000000     -1          2
12            20             21         1   0.7245296      1          0
13             0              0         0   0.0000000     -1          2
14            22             23         1   0.2328178      1          0
15             0              0         0   0.0000000     -1          2
16            24             25         2   0.5091213      1          0
17            26             27         2   0.6382374      1          0
18             0              0         0   0.0000000     -1          2
19            28             29         1   0.8409500      1          0
20             0              0         0   0.0000000     -1          1
21            30             31         2   0.9693919      1          0
22             0              0         0   0.0000000     -1          1
23             0              0         0   0.0000000     -1          1
24             0              0         0   0.0000000     -1          2
25             0              0         0   0.0000000     -1          2
26             0              0         0   0.0000000     -1          1
27             0              0         0   0.0000000     -1          2
28             0              0         0   0.0000000     -1          2
29             0              0         0   0.0000000     -1          2
30             0              0         0   0.0000000     -1          1
31             0              0         0   0.0000000     -1          1
