   left daughter right daughter split var split point status prediction
1              2              3         1   0.9797571      1          0
2              4              5         1   0.8739160      1          0
3              0              0         0   0.0000000     -1          2
4              6              7         1   0.8515897      1          0
5              8              9         2   0.5120618      1          0
6             10             11         1   0.8441985      1          0
7              0              0         0   0.0000000     -1          2
8              0              0         0   0.0000000     -1          2
9              0              0         0   0.0000000     -1          1
10            12             13         2   0.4506660      1          0
11             0              0         0   0.0000000     -1          1
12            14             15         2   0.4165452      1          0
13            16             17         2   0.7270113      1          0
14            18             19         2   0.3927069      1          0
15             0              0         0   0.0000000     -1          1
16            20             21         1   0.5003492      1          0
17            22             23         1   0.4988246      1          0
18            24             25         1   0.4965042      1          0
19             0              0         0   0.0000000     -1          2
20            26             27         1   0.1499579      1          0
21            28             29         1   0.5822420      1          0
22            30             31         2   0.7590844      1          0
23             0              0         0   0.0000000     -1          1
24             0              0         0   0.0000000     -1          1
25             0              0         0   0.0000000     -1          2
26             0              0         0   0.0000000     -1          2
27             0              0         0   0.0000000     -1          2
28             0              0         0   0.0000000     -1          1
29             0              0         0   0.0000000     -1          1
30             0              0         0   0.0000000     -1          2
31             0              0         0   0.0000000     -1          2
