   left daughter right daughter split var split point status prediction
1              2              3         1  0.04098054      1          0
2              0              0         0  0.00000000     -1          1
3              4              5         2  0.71930954      1          0
4              6              7         1  0.56115807      1          0
5              8              9         2  0.76735523      1          0
6             10             11         1  0.08797286      1          0
7             12             13         2  0.50578861      1          0
8              0              0         0  0.00000000     -1          1
9             14             15         1  0.48745400      1          0
10             0              0         0  0.00000000     -1          1
11            16             17         1  0.09258848      1          0
12            18             19         1  0.94527094      1          0
13             0              0         0  0.00000000     -1          1
14            20             21         1  0.16028373      1          0
15            22             23         2  0.99932908      1          0
16             0              0         0  0.00000000     -1          2
17            24             25         2  0.51950712      1          0
18            26             27         2  0.08873138      1          0
19             0              0         0  0.00000000     -1          2
20             0              0         0  0.00000000     -1          2
21             0              0         0  0.00000000     -1          2
22            28             29         1  0.82339825      1          0
23             0              0         0  0.00000000     -1          2
24            30             31         1  0.50090866      1          0
25             0              0         0  0.00000000     -1          2
26             0              0         0  0.00000000     -1          2
27             0              0         0  0.00000000     -1          2
28             0              0         0  0.00000000     -1          1
29             0              0         0  0.00000000     -1          1
30             0              0         0  0.00000000     -1          1
31             0              0         0  0.00000000     -1          2
