   left daughter right daughter split var split point status prediction
1              2              3         1 0.862103972      1          0
2              4              5         2 0.006570847      1          0
3              6              7         1 0.905221408      1          0
4              0              0         0 0.000000000     -1          1
5              8              9         2 0.036105717      1          0
6              0              0         0 0.000000000     -1          1
7             10             11         1 0.913591023      1          0
8              0              0         0 0.000000000     -1          2
9             12             13         2 0.166282766      1          0
10             0              0         0 0.000000000     -1          2
11            14             15         1 0.976469964      1          0
12            16             17         2 0.114167877      1          0
13            18             19         2 0.327999969      1          0
14             0              0         0 0.000000000     -1          1
15             0              0         0 0.000000000     -1          2
16            20             21         2 0.108102206      1          0
17             0              0         0 0.000000000     -1          1
18            22             23         2 0.298858605      1          0
19            24             25         2 0.376925068      1          0
20             0              0         0 0.000000000     -1          1
21             0              0         0 0.000000000     -1          2
22            26             27         1 0.491305558      1          0
23             0              0         0 0.000000000     -1          2
24             0              0         0 0.000000000     -1          1
25            28             29         2 0.990172725      1          0
26             0              0         0 0.000000000     -1          1
27             0              0         0 0.000000000     -1          2
28            30             31         2 0.981034775      1          0
29             0              0         0 0.000000000     -1          2
30             0              0         0 0.000000000     -1          2
31             0              0         0 0.000000000     -1          1
