   left daughter right daughter split var split point status prediction
1              2              3         1   0.9797571      1          0
2              4              5         2   0.7851410      1          0
3              0              0         0   0.0000000     -1          2
4              6              7         1   0.5064489      1          0
5              8              9         1   0.4895815      1          0
6             10             11         2   0.4987788      1          0
7             12             13         1   0.9592396      1          0
8             14             15         2   0.8377543      1          0
9             16             17         1   0.7812390      1          0
10            18             19         2   0.1803040      1          0
11            20             21         2   0.5852588      1          0
12            22             23         2   0.5059327      1          0
13             0              0         0   0.0000000     -1          1
14             0              0         0   0.0000000     -1          1
15             0              0         0   0.0000000     -1          2
16             0              0         0   0.0000000     -1          1
17             0              0         0   0.0000000     -1          1
18            24             25         1   0.3369850      1          0
19            26             27         2   0.1822815      1          0
20             0              0         0   0.0000000     -1          2
21            28             29         1   0.4937871      1          0
22            30             31         2   0.2422410      1          0
23             0              0         0   0.0000000     -1          1
24             0              0         0   0.0000000     -1          1
25             0              0         0   0.0000000     -1          1
26             0              0         0   0.0000000     -1          2
27             0              0         0   0.0000000     -1          1
28             0              0         0   0.0000000     -1          2
29             0              0         0   0.0000000     -1          1
30             0              0         0   0.0000000     -1          2
31             0              0         0   0.0000000     -1          2
