   left daughter right daughter split var split point status prediction
1              2              3         1  0.02593954      1          0
2              0              0         0  0.00000000     -1          2
3              4              5         2  0.81109975      1          0
4              6              7         1  0.45720276      1          0
5              8              9         2  0.83858691      1          0
6             10             11         1  0.09826804      1          0
7             12             13         2  0.49626354      1          0
8              0              0         0  0.00000000     -1          1
9             14             15         2  0.84277806      1          0
10             0              0         0  0.00000000     -1          1
11            16             17         1  0.38830682      1          0
12            18             19         1  0.50090866      1          0
13            20             21         2  0.80919707      1          0
14             0              0         0  0.00000000     -1          2
15            22             23         1  0.49882463      1          0
16            24             25         2  0.49870139      1          0
17             0              0         0  0.00000000     -1          1
18             0              0         0  0.00000000     -1          1
19            26             27         1  0.98804929      1          0
20            28             29         1  0.48515747      1          0
21             0              0         0  0.00000000     -1          2
22             0              0         0  0.00000000     -1          2
23            30             31         2  0.99932908      1          0
24             0              0         0  0.00000000     -1          1
25             0              0         0  0.00000000     -1          2
26             0              0         0  0.00000000     -1          2
27             0              0         0  0.00000000     -1          2
28             0              0         0  0.00000000     -1          2
29             0              0         0  0.00000000     -1          1
30             0              0         0  0.00000000     -1          1
31             0              0         0  0.00000000     -1          2
