   left daughter right daughter split var split point status prediction
1              2              3         2 0.008131311      1          0
2              0              0         0 0.000000000     -1          1
3              4              5         1 0.087844238      1          0
4              6              7         1 0.022973902      1          0
5              8              9         2 0.447833326      1          0
6              0              0         0 0.000000000     -1          2
7              0              0         0 0.000000000     -1          1
8             10             11         2 0.433073983      1          0
9             12             13         1 0.499374498      1          0
10            14             15         1 0.499688562      1          0
11             0              0         0 0.000000000     -1          2
12            16             17         1 0.285998984      1          0
13            18             19         2 0.505012075      1          0
14            20             21         2 0.388476171      1          0
15            22             23         2 0.430483475      1          0
16            24             25         1 0.226188376      1          0
17            26             27         1 0.293392117      1          0
18             0              0         0 0.000000000     -1          2
19            28             29         1 0.964988419      1          0
20            30             31         2 0.070632360      1          0
21             0              0         0 0.000000000     -1          1
22             0              0         0 0.000000000     -1          2
23             0              0         0 0.000000000     -1          1
24             0              0         0 0.000000000     -1          2
25             0              0         0 0.000000000     -1          2
26             0              0         0 0.000000000     -1          1
27             0              0         0 0.000000000     -1          2
28             0              0         0 0.000000000     -1          1
29             0              0         0 0.000000000     -1          1
30             0              0         0 0.000000000     -1          1
31             0              0         0 0.000000000     -1          1
