   left daughter right daughter split var split point status prediction
1              2              3         2 0.720904433      1          0
2              4              5         2 0.638237361      1          0
3              6              7         1 0.498824633      1          0
4              8              9         2 0.615242626      1          0
5              0              0         0 0.000000000     -1          2
6             10             11         2 0.988428568      1          0
7             12             13         1 0.984040405      1          0
8             14             15         2 0.008131311      1          0
9              0              0         0 0.000000000     -1          1
10            16             17         1 0.035775677      1          0
11             0              0         0 0.000000000     -1          2
12            18             19         2 0.781945431      1          0
13             0              0         0 0.000000000     -1          1
14             0              0         0 0.000000000     -1          1
15            20             21         1 0.464554350      1          0
16             0              0         0 0.000000000     -1          1
17            22             23         2 0.836682992      1          0
18             0              0         0 0.000000000     -1          1
19            24             25         2 0.785140972      1          0
20            26             27         2 0.498701389      1          0
21            28             29         2 0.495343628      1          0
22             0              0         0 0.000000000     -1          2
23             0              0         0 0.000000000     -1          2
24             0              0         0 0.000000000     -1          2
25            30             31         1 0.967161344      1          0
26             0              0         0 0.000000000     -1          1
27             0              0         0 0.000000000     -1          2
28             0              0         0 0.000000000     -1          2
29             0              0         0 0.000000000     -1          1
30             0              0         0 0.000000000     -1          1
31             0              0         0 0.000000000     -1          2
