   left daughter right daughter split var split point status prediction
1              2              3         1 0.098268042      1          0
2              4              5         2 0.564672196      1          0
3              6              7         2 0.432400692      1          0
4              0              0         0 0.000000000     -1          1
5              0              0         0 0.000000000     -1          2
6              8              9         2 0.007662595      1          0
7             10             11         1 0.499923497      1          0
8              0              0         0 0.000000000     -1          1
9             12             13         2 0.414864328      1          0
10            14             15         1 0.123222261      1          0
11            16             17         1 0.957039130      1          0
12            18             19         2 0.413923290      1          0
13             0              0         0 0.000000000     -1          2
14             0              0         0 0.000000000     -1          2
15            20             21         1 0.193524029      1          0
16            22             23         1 0.889492043      1          0
17             0              0         0 0.000000000     -1          1
18            24             25         2 0.327999969      1          0
19             0              0         0 0.000000000     -1          1
20             0              0         0 0.000000000     -1          2
21            26             27         1 0.275427385      1          0
22            28             29         2 0.496263543      1          0
23             0              0         0 0.000000000     -1          1
24            30             31         1 0.498154812      1          0
25             0              0         0 0.000000000     -1          1
26             0              0         0 0.000000000     -1          2
27             0              0         0 0.000000000     -1          2
28             0              0         0 0.000000000     -1          2
29             0              0         0 0.000000000     -1          1
30             0              0         0 0.000000000     -1          1
31             0              0         0 0.000000000     -1          2
