   left daughter right daughter split var split point status prediction
1              2              3         2 0.008131311      1          0
2              0              0         0 0.000000000     -1          1
3              4              5         1 0.980187070      1          0
4              6              7         2 0.099040096      1          0
5              0              0         0 0.000000000     -1          2
6              8              9         2 0.087859531      1          0
7             10             11         2 0.161026805      1          0
8             12             13         2 0.036105717      1          0
9              0              0         0 0.000000000     -1          2
10             0              0         0 0.000000000     -1          1
11            14             15         1 0.499374498      1          0
12             0              0         0 0.000000000     -1          2
13             0              0         0 0.000000000     -1          2
14            16             17         2 0.498778844      1          0
15            18             19         1 0.566336968      1          0
16            20             21         2 0.419501980      1          0
17            22             23         1 0.329288577      1          0
18             0              0         0 0.000000000     -1          1
19            24             25         2 0.496263543      1          0
20            26             27         2 0.407926395      1          0
21             0              0         0 0.000000000     -1          1
22            28             29         1 0.031825807      1          0
23            30             31         1 0.330968733      1          0
24             0              0         0 0.000000000     -1          2
25             0              0         0 0.000000000     -1          1
26             0              0         0 0.000000000     -1          1
27             0              0         0 0.000000000     -1          1
28             0              0         0 0.000000000     -1          2
29             0              0         0 0.000000000     -1          2
30             0              0         0 0.000000000     -1          1
31             0              0         0 0.000000000     -1          2
