   left daughter right daughter split var split point status prediction
1              2              3         1 0.571543347      1          0
2              4              5         2 0.472381409      1          0
3              6              7         1 0.602989378      1          0
4              8              9         2 0.445721284      1          0
5             10             11         1 0.482030493      1          0
6              0              0         0 0.000000000     -1          2
7             12             13         2 0.495343628      1          0
8             14             15         2 0.402562157      1          0
9              0              0         0 0.000000000     -1          1
10            16             17         2 0.498534321      1          0
11             0              0         0 0.000000000     -1          1
12            18             19         1 0.973894371      1          0
13            20             21         1 0.965172056      1          0
14            22             23         1 0.500908658      1          0
15             0              0         0 0.000000000     -1          1
16             0              0         0 0.000000000     -1          1
17            24             25         2 0.849663036      1          0
18            26             27         2 0.007662595      1          0
19             0              0         0 0.000000000     -1          2
20            28             29         2 0.554190225      1          0
21             0              0         0 0.000000000     -1          1
22            30             31         2 0.084563464      1          0
23             0              0         0 0.000000000     -1          2
24             0              0         0 0.000000000     -1          2
25             0              0         0 0.000000000     -1          2
26             0              0         0 0.000000000     -1          1
27             0              0         0 0.000000000     -1          2
28             0              0         0 0.000000000     -1          1
29             0              0         0 0.000000000     -1          1
30             0              0         0 0.000000000     -1          1
31             0              0         0 0.000000000     -1          1
