   left daughter right daughter split var split point status prediction
1              2              3         1  0.98018707      1          0
2              4              5         2  0.14100951      1          0
3              0              0         0  0.00000000     -1          2
4              6              7         1  0.53527320      1          0
5              8              9         1  0.48958153      1          0
6             10             11         2  0.08456346      1          0
7              0              0         0  0.00000000     -1          2
8             12             13         1  0.46455435      1          0
9             14             15         2  0.49534363      1          0
10             0              0         0  0.00000000     -1          1
11             0              0         0  0.00000000     -1          1
12            16             17         2  0.49818574      1          0
13             0              0         0  0.00000000     -1          2
14            18             19         2  0.19050164      1          0
15            20             21         2  0.99932908      1          0
16            22             23         1  0.37470149      1          0
17            24             25         1  0.27597124      1          0
18             0              0         0  0.00000000     -1          2
19            26             27         2  0.31037225      1          0
20            28             29         2  0.51521079      1          0
21             0              0         0  0.00000000     -1          2
22            30             31         2  0.41950198      1          0
23             0              0         0  0.00000000     -1          1
24             0              0         0  0.00000000     -1          2
25             0              0         0  0.00000000     -1          2
26             0              0         0  0.00000000     -1          2
27             0              0         0  0.00000000     -1          2
28             0              0         0  0.00000000     -1          1
29             0              0         0  0.00000000     -1          1
30             0              0         0  0.00000000     -1          1
31             0              0         0  0.00000000     -1          1
