   left daughter right daughter split var split point status prediction
1              2              3         2 0.708883147      1          0
2              4              5         2 0.007662595      1          0
3              6              7         2 0.836682992      1          0
4              0              0         0 0.000000000     -1          1
5              8              9         1 0.506448886      1          0
6             10             11         1 0.403151180      1          0
7             12             13         1 0.494404197      1          0
8             14             15         2 0.498407322      1          0
9             16             17         1 0.958800629      1          0
10             0              0         0 0.000000000     -1          2
11            18             19         1 0.569621979      1          0
12             0              0         0 0.000000000     -1          2
13             0              0         0 0.000000000     -1          1
14            20             21         2 0.473058360      1          0
15            22             23         2 0.561297863      1          0
16            24             25         2 0.496263543      1          0
17             0              0         0 0.000000000     -1          2
18             0              0         0 0.000000000     -1          1
19             0              0         0 0.000000000     -1          1
20            26             27         2 0.061018739      1          0
21             0              0         0 0.000000000     -1          1
22             0              0         0 0.000000000     -1          2
23            28             29         2 0.563737813      1          0
24            30             31         2 0.478698326      1          0
25             0              0         0 0.000000000     -1          1
26             0              0         0 0.000000000     -1          1
27             0              0         0 0.000000000     -1          1
28             0              0         0 0.000000000     -1          1
29             0              0         0 0.000000000     -1          2
30             0              0         0 0.000000000     -1          2
31             0              0         0 0.000000000     -1          2
