   left daughter right daughter split var split point status prediction
1              2              3         1  0.98306286      1          0
2              4              5         2  0.17708803      1          0
3              0              0         0  0.00000000     -1          2
4              6              7         1  0.50699127      1          0
5              8              9         2  0.18228151      1          0
6             10             11         1  0.42538091      1          0
7              0              0         0  0.00000000     -1          2
8              0              0         0  0.00000000     -1          2
9             12             13         1  0.49736365      1          0
10            14             15         1  0.41963797      1          0
11             0              0         0  0.00000000     -1          1
12            16             17         2  0.49877884      1          0
13            18             19         2  0.49626354      1          0
14            20             21         2  0.04035751      1          0
15             0              0         0  0.00000000     -1          2
16            22             23         1  0.46656183      1          0
17            24             25         2  0.95937238      1          0
18            26             27         2  0.18382732      1          0
19            28             29         1  0.95818487      1          0
20             0              0         0  0.00000000     -1          1
21            30             31         2  0.13324759      1          0
22             0              0         0  0.00000000     -1          1
23             0              0         0  0.00000000     -1          1
24             0              0         0  0.00000000     -1          2
25             0              0         0  0.00000000     -1          2
26             0              0         0  0.00000000     -1          1
27             0              0         0  0.00000000     -1          2
28             0              0         0  0.00000000     -1          1
29             0              0         0  0.00000000     -1          1
30             0              0         0  0.00000000     -1          1
31             0              0         0  0.00000000     -1          1
