   left daughter right daughter split var split point status prediction
1              2              3         1  0.02556305      1          0
2              0              0         0  0.00000000     -1          2
3              4              5         2  0.10913238      1          0
4              6              7         1  0.49735516      1          0
5              8              9         2  0.17765194      1          0
6              0              0         0  0.00000000     -1          1
7              0              0         0  0.00000000     -1          2
8             10             11         1  0.53421623      1          0
9             12             13         2  0.18226021      1          0
10             0              0         0  0.00000000     -1          1
11             0              0         0  0.00000000     -1          2
12             0              0         0  0.00000000     -1          2
13            14             15         1  0.47806420      1          0
14            16             17         1  0.02991477      1          0
15            18             19         2  0.49518074      1          0
16             0              0         0  0.00000000     -1          1
17            20             21         2  0.49818574      1          0
18            22             23         2  0.18483380      1          0
19            24             25         1  0.96517206      1          0
20            26             27         2  0.41590198      1          0
21            28             29         2  0.55937495      1          0
22             0              0         0  0.00000000     -1          1
23            30             31         2  0.39615971      1          0
24             0              0         0  0.00000000     -1          1
25             0              0         0  0.00000000     -1          1
26             0              0         0  0.00000000     -1          1
27             0              0         0  0.00000000     -1          1
28             0              0         0  0.00000000     -1          2
29             0              0         0  0.00000000     -1          2
30             0              0         0  0.00000000     -1          2
31             0              0         0  0.00000000     -1          2
