   left daughter right daughter split var split point status prediction
1              2              3         2 0.008131311      1          0
2              0              0         0 0.000000000     -1          1
3              4              5         1 0.758248227      1          0
4              6              7         1 0.732986808      1          0
5              8              9         2 0.499729126      1          0
6             10             11         1 0.434448497      1          0
7              0              0         0 0.000000000     -1          2
8             12             13         2 0.267038809      1          0
9             14             15         2 0.995080429      1          0
10            16             17         2 0.503721607      1          0
11            18             19         1 0.499923497      1          0
12             0              0         0 0.000000000     -1          2
13             0              0         0 0.000000000     -1          2
14            20             21         2 0.738260184      1          0
15             0              0         0 0.000000000     -1          2
16            22             23         2 0.037230098      1          0
17            24             25         2 0.623125226      1          0
18             0              0         0 0.000000000     -1          2
19            26             27         2 0.497387877      1          0
20             0              0         0 0.000000000     -1          1
21             0              0         0 0.000000000     -1          1
22             0              0         0 0.000000000     -1          1
23            28             29         2 0.472713133      1          0
24             0              0         0 0.000000000     -1          2
25            30             31         2 0.636934989      1          0
26             0              0         0 0.000000000     -1          2
27             0              0         0 0.000000000     -1          1
28             0              0         0 0.000000000     -1          1
29             0              0         0 0.000000000     -1          1
30             0              0         0 0.000000000     -1          1
31             0              0         0 0.000000000     -1          2
