   left daughter right daughter split var split point status prediction
1              2              3         2  0.02097288      1          0
2              0              0         0  0.00000000     -1          1
3              4              5         2  0.87657153      1          0
4              6              7         1  0.51552474      1          0
5              8              9         1  0.48958153      1          0
6             10             11         1  0.48515747      1          0
7             12             13         2  0.49738788      1          0
8              0              0         0  0.00000000     -1          2
9              0              0         0  0.00000000     -1          1
10            14             15         1  0.08396283      1          0
11             0              0         0  0.00000000     -1          1
12            16             17         1  0.98804929      1          0
13            18             19         2  0.86979414      1          0
14            20             21         2  0.53892820      1          0
15            22             23         1  0.08992652      1          0
16            24             25         2  0.24205008      1          0
17             0              0         0  0.00000000     -1          2
18            26             27         2  0.81103191      1          0
19             0              0         0  0.00000000     -1          2
20             0              0         0  0.00000000     -1          1
21             0              0         0  0.00000000     -1          2
22             0              0         0  0.00000000     -1          2
23            28             29         1  0.09803906      1          0
24            30             31         2  0.23354611      1          0
25             0              0         0  0.00000000     -1          2
26             0              0         0  0.00000000     -1          1
27             0              0         0  0.00000000     -1          1
28             0              0         0  0.00000000     -1          1
29             0              0         0  0.00000000     -1          2
30             0              0         0  0.00000000     -1          2
31             0              0         0  0.00000000     -1          1
