   left daughter right daughter split var split point status prediction
1              2              3         1   0.7490728      1          0
2              4              5         2   0.5238384      1          0
3              6              7         1   0.9789611      1          0
4              8              9         1   0.5021069      1          0
5             10             11         2   0.9786144      1          0
6             12             13         1   0.7579763      1          0
7              0              0         0   0.0000000     -1          2
8             14             15         1   0.3822153      1          0
9             16             17         1   0.6753809      1          0
10            18             19         2   0.5797387      1          0
11             0              0         0   0.0000000     -1          1
12             0              0         0   0.0000000     -1          1
13            20             21         2   0.4909435      1          0
14            22             23         2   0.4931659      1          0
15            24             25         1   0.4138250      1          0
16            26             27         2   0.4989353      1          0
17             0              0         0   0.0000000     -1          2
18             0              0         0   0.0000000     -1          2
19            28             29         2   0.6202000      1          0
20            30             31         1   0.7711239      1          0
21            32             33         2   0.6087167      1          0
22            34             35         2   0.1316472      1          0
23             0              0         0   0.0000000     -1          2
24             0              0         0   0.0000000     -1          1
25             0              0         0   0.0000000     -1          1
26            36             37         2   0.3994381      1          0
27             0              0         0   0.0000000     -1          1
28             0              0         0   0.0000000     -1          1
29            38             39         2   0.7330645      1          0
30             0              0         0   0.0000000     -1          1
31            40             41         2   0.3377603      1          0
32             0              0         0   0.0000000     -1          1
33             0              0         0   0.0000000     -1          1
34             0              0         0   0.0000000     -1          1
35             0              0         0   0.0000000     -1          1
36             0              0         0   0.0000000     -1          2
37             0              0         0   0.0000000     -1          2
38             0              0         0   0.0000000     -1          2
39             0              0         0   0.0000000     -1          2
40             0              0         0   0.0000000     -1          2
41             0              0         0   0.0000000     -1          2
