   left daughter right daughter split var split point status prediction
1              2              3         2 0.981205806      1          0
2              4              5         1 0.271411227      1          0
3              0              0         0 0.000000000     -1          1
4              6              7         1 0.231090771      1          0
5              8              9         2 0.476299209      1          0
6             10             11         1 0.229844710      1          0
7              0              0         0 0.000000000     -1          2
8             12             13         1 0.500594090      1          0
9             14             15         1 0.500270764      1          0
10            16             17         2 0.494885442      1          0
11             0              0         0 0.000000000     -1          1
12            18             19         2 0.290950213      1          0
13            20             21         2 0.337760258      1          0
14            22             23         2 0.501454402      1          0
15            24             25         2 0.974944907      1          0
16            26             27         1 0.228039251      1          0
17            28             29         2 0.584777987      1          0
18            30             31         2 0.143572369      1          0
19             0              0         0 0.000000000     -1          1
20            32             33         1 0.782752536      1          0
21             0              0         0 0.000000000     -1          2
22             0              0         0 0.000000000     -1          1
23            34             35         2 0.851061236      1          0
24            36             37         2 0.502190118      1          0
25             0              0         0 0.000000000     -1          2
26            38             39         1 0.093559447      1          0
27             0              0         0 0.000000000     -1          2
28             0              0         0 0.000000000     -1          2
29            40             41         1 0.003811907      1          0
30             0              0         0 0.000000000     -1          1
31             0              0         0 0.000000000     -1          1
32             0              0         0 0.000000000     -1          2
33             0              0         0 0.000000000     -1          2
34             0              0         0 0.000000000     -1          2
35             0              0         0 0.000000000     -1          2
36             0              0         0 0.000000000     -1          2
37             0              0         0 0.000000000     -1          1
38             0              0         0 0.000000000     -1          1
39             0              0         0 0.000000000     -1          1
40             0              0         0 0.000000000     -1          2
41             0              0         0 0.000000000     -1          2
