   left daughter right daughter split var split point status prediction
1              2              3         1   0.8273318      1          0
2              4              5         2   0.5348779      1          0
3              6              7         2   0.4884935      1          0
4              8              9         1   0.5024702      1          0
5             10             11         1   0.5000343      1          0
6              0              0         0   0.0000000     -1          2
7             12             13         2   0.6435744      1          0
8             14             15         2   0.5087387      1          0
9             16             17         1   0.7943926      1          0
10            18             19         2   0.8976541      1          0
11            20             21         1   0.7595158      1          0
12             0              0         0   0.0000000     -1          1
13             0              0         0   0.0000000     -1          1
14            22             23         2   0.0749468      1          0
15             0              0         0   0.0000000     -1          2
16            24             25         1   0.6753809      1          0
17             0              0         0   0.0000000     -1          2
18            26             27         2   0.8659615      1          0
19             0              0         0   0.0000000     -1          2
20            28             29         1   0.5803740      1          0
21             0              0         0   0.0000000     -1          1
22             0              0         0   0.0000000     -1          1
23            30             31         1   0.3701149      1          0
24            32             33         2   0.5038045      1          0
25             0              0         0   0.0000000     -1          2
26            34             35         1   0.1510766      1          0
27             0              0         0   0.0000000     -1          2
28             0              0         0   0.0000000     -1          1
29            36             37         2   0.8314868      1          0
30            38             39         2   0.3462505      1          0
31             0              0         0   0.0000000     -1          1
32            40             41         1   0.6100054      1          0
33             0              0         0   0.0000000     -1          1
34             0              0         0   0.0000000     -1          2
35             0              0         0   0.0000000     -1          2
36             0              0         0   0.0000000     -1          1
37             0              0         0   0.0000000     -1          1
38             0              0         0   0.0000000     -1          1
39             0              0         0   0.0000000     -1          1
40             0              0         0   0.0000000     -1          2
41             0              0         0   0.0000000     -1          2
