   left daughter right daughter split var split point status prediction
1              2              3         1   0.4804213      1          0
2              4              5         2   0.5014544      1          0
3              6              7         1   0.4968865      1          0
4              8              9         1   0.0510512      1          0
5             10             11         1   0.1524780      1          0
6              0              0         0   0.0000000     -1          1
7             12             13         1   0.9684363      1          0
8              0              0         0   0.0000000     -1          1
9             14             15         2   0.2979333      1          0
10             0              0         0   0.0000000     -1          2
11            16             17         2   0.9806164      1          0
12            18             19         2   0.5021901      1          0
13             0              0         0   0.0000000     -1          2
14            20             21         1   0.0522958      1          0
15             0              0         0   0.0000000     -1          1
16            22             23         1   0.3674740      1          0
17             0              0         0   0.0000000     -1          1
18            24             25         2   0.4478810      1          0
19            26             27         2   0.6323330      1          0
20             0              0         0   0.0000000     -1          2
21            28             29         1   0.4536126      1          0
22            30             31         1   0.3162044      1          0
23             0              0         0   0.0000000     -1          2
24            32             33         2   0.0682749      1          0
25             0              0         0   0.0000000     -1          2
26             0              0         0   0.0000000     -1          1
27            34             35         2   0.6402281      1          0
28            36             37         2   0.2936165      1          0
29             0              0         0   0.0000000     -1          1
30             0              0         0   0.0000000     -1          2
31             0              0         0   0.0000000     -1          2
32             0              0         0   0.0000000     -1          2
33            38             39         1   0.5005941      1          0
34             0              0         0   0.0000000     -1          2
35            40             41         1   0.5023775      1          0
36             0              0         0   0.0000000     -1          1
37             0              0         0   0.0000000     -1          2
38             0              0         0   0.0000000     -1          1
39             0              0         0   0.0000000     -1          2
40             0              0         0   0.0000000     -1          2
41             0              0         0   0.0000000     -1          1
