   left daughter right daughter split var split point status prediction
1              2              3         1   0.2737760      1          0
2              4              5         2   0.4987872      1          0
3              6              7         2   0.4909435      1          0
4              8              9         1   0.1145060      1          0
5             10             11         2   0.9366495      1          0
6             12             13         2   0.2370464      1          0
7             14             15         1   0.5023775      1          0
8              0              0         0   0.0000000     -1          1
9              0              0         0   0.0000000     -1          1
10            16             17         1   0.1022152      1          0
11             0              0         0   0.0000000     -1          2
12            18             19         1   0.5042940      1          0
13            20             21         1   0.4985047      1          0
14            22             23         2   0.5014544      1          0
15            24             25         2   0.8321176      1          0
16             0              0         0   0.0000000     -1          2
17             0              0         0   0.0000000     -1          2
18             0              0         0   0.0000000     -1          1
19            26             27         2   0.1972287      1          0
20             0              0         0   0.0000000     -1          1
21            28             29         1   0.7849187      1          0
22             0              0         0   0.0000000     -1          1
23            30             31         1   0.3695363      1          0
24            32             33         2   0.7137709      1          0
25            34             35         2   0.8825597      1          0
26             0              0         0   0.0000000     -1          2
27             0              0         0   0.0000000     -1          2
28             0              0         0   0.0000000     -1          2
29             0              0         0   0.0000000     -1          2
30             0              0         0   0.0000000     -1          2
31             0              0         0   0.0000000     -1          2
32            36             37         1   0.6813559      1          0
33             0              0         0   0.0000000     -1          1
34             0              0         0   0.0000000     -1          2
35             0              0         0   0.0000000     -1          1
36             0              0         0   0.0000000     -1          1
37             0              0         0   0.0000000     -1          1
