   left daughter right daughter split var split point status prediction
1              2              3         2  0.98061639      1          0
2              4              5         1  0.41777248      1          0
3              0              0         0  0.00000000     -1          1
4              6              7         2  0.49572833      1          0
5              8              9         2  0.50219012      1          0
6             10             11         2  0.11771965      1          0
7             12             13         1  0.05460477      1          0
8             14             15         1  0.50095745      1          0
9             16             17         1  0.50237745      1          0
10             0              0         0  0.00000000     -1          1
11            18             19         2  0.15649395      1          0
12             0              0         0  0.00000000     -1          2
13            20             21         2  0.89831739      1          0
14             0              0         0  0.00000000     -1          1
15            22             23         1  0.98719587      1          0
16             0              0         0  0.00000000     -1          2
17            24             25         1  0.58072817      1          0
18             0              0         0  0.00000000     -1          2
19            26             27         2  0.23997725      1          0
20            28             29         2  0.62870622      1          0
21             0              0         0  0.00000000     -1          2
22            30             31         1  0.69254490      1          0
23             0              0         0  0.00000000     -1          1
24             0              0         0  0.00000000     -1          1
25            32             33         2  0.86564835      1          0
26             0              0         0  0.00000000     -1          1
27             0              0         0  0.00000000     -1          1
28             0              0         0  0.00000000     -1          2
29            34             35         1  0.35457541      1          0
30            36             37         1  0.60703581      1          0
31            38             39         1  0.69759463      1          0
32            40             41         1  0.58816704      1          0
33             0              0         0  0.00000000     -1          1
34             0              0         0  0.00000000     -1          2
35             0              0         0  0.00000000     -1          2
36             0              0         0  0.00000000     -1          2
37             0              0         0  0.00000000     -1          2
38             0              0         0  0.00000000     -1          1
39             0              0         0  0.00000000     -1          2
40             0              0         0  0.00000000     -1          2
41             0              0         0  0.00000000     -1          1
