   left daughter right daughter split var split point status prediction
1              2              3         2 0.542737094      1          0
2              4              5         1 0.502470238      1          0
3              6              7         1 0.499411322      1          0
4              8              9         1 0.379463071      1          0
5             10             11         2 0.499662197      1          0
6             12             13         2 0.851061236      1          0
7             14             15         1 0.806444852      1          0
8             16             17         1 0.379110197      1          0
9              0              0         0 0.000000000     -1          1
10            18             19         2 0.002580935      1          0
11             0              0         0 0.000000000     -1          1
12            20             21         1 0.102215176      1          0
13            22             23         2 0.853024747      1          0
14            24             25         2 0.851278696      1          0
15            26             27         1 0.859830089      1          0
16            28             29         2 0.497152709      1          0
17             0              0         0 0.000000000     -1          2
18             0              0         0 0.000000000     -1          1
19            30             31         1 0.897022998      1          0
20             0              0         0 0.000000000     -1          2
21            32             33         1 0.342054855      1          0
22             0              0         0 0.000000000     -1          1
23            34             35         2 0.949069550      1          0
24            36             37         2 0.758810406      1          0
25             0              0         0 0.000000000     -1          1
26             0              0         0 0.000000000     -1          1
27             0              0         0 0.000000000     -1          1
28            38             39         1 0.114505960      1          0
29             0              0         0 0.000000000     -1          2
30            40             41         1 0.580734704      1          0
31             0              0         0 0.000000000     -1          2
32             0              0         0 0.000000000     -1          2
33             0              0         0 0.000000000     -1          2
34             0              0         0 0.000000000     -1          2
35             0              0         0 0.000000000     -1          2
36             0              0         0 0.000000000     -1          1
37             0              0         0 0.000000000     -1          1
38             0              0         0 0.000000000     -1          1
39             0              0         0 0.000000000     -1          1
40             0              0         0 0.000000000     -1          2
41             0              0         0 0.000000000     -1          2
