   left daughter right daughter split var split point status prediction
1              2              3         2   0.9806164      1          0
2              4              5         1   0.2713298      1          0
3              0              0         0   0.0000000     -1          1
4              6              7         2   0.5033374      1          0
5              8              9         2   0.4955951      1          0
6             10             11         2   0.2743392      1          0
7             12             13         2   0.7891855      1          0
8             14             15         1   0.5005941      1          0
9             16             17         1   0.4993025      1          0
10             0              0         0   0.0000000     -1          1
11             0              0         0   0.0000000     -1          1
12             0              0         0   0.0000000     -1          2
13             0              0         0   0.0000000     -1          2
14            18             19         2   0.2939473      1          0
15            20             21         1   0.9738610      1          0
16            22             23         2   0.5014544      1          0
17            24             25         1   0.6004001      1          0
18            26             27         1   0.3258035      1          0
19             0              0         0   0.0000000     -1          1
20            28             29         1   0.7215101      1          0
21             0              0         0   0.0000000     -1          2
22             0              0         0   0.0000000     -1          1
23            30             31         2   0.8982556      1          0
24             0              0         0   0.0000000     -1          1
25            32             33         1   0.9864028      1          0
26             0              0         0   0.0000000     -1          1
27             0              0         0   0.0000000     -1          1
28            34             35         2   0.3451264      1          0
29            36             37         1   0.8733950      1          0
30            38             39         1   0.3397932      1          0
31             0              0         0   0.0000000     -1          2
32            40             41         1   0.7651056      1          0
33             0              0         0   0.0000000     -1          1
34             0              0         0   0.0000000     -1          2
35             0              0         0   0.0000000     -1          2
36             0              0         0   0.0000000     -1          2
37             0              0         0   0.0000000     -1          2
38             0              0         0   0.0000000     -1          2
39             0              0         0   0.0000000     -1          2
40             0              0         0   0.0000000     -1          1
41             0              0         0   0.0000000     -1          1
