   left daughter right daughter split var split point status prediction
1              2              3         2  0.97920764      1          0
2              4              5         2  0.85127870      1          0
3              0              0         0  0.00000000     -1          1
4              6              7         2  0.72096438      1          0
5              8              9         2  0.88255972      1          0
6             10             11         1  0.50210687      1          0
7             12             13         1  0.49808855      1          0
8              0              0         0  0.00000000     -1          2
9             14             15         2  0.88467281      1          0
10            16             17         1  0.42043643      1          0
11            18             19         1  0.93079777      1          0
12             0              0         0  0.00000000     -1          2
13            20             21         2  0.80856369      1          0
14             0              0         0  0.00000000     -1          1
15            22             23         2  0.97474975      1          0
16            24             25         2  0.50145440      1          0
17             0              0         0  0.00000000     -1          1
18            26             27         2  0.50146322      1          0
19             0              0         0  0.00000000     -1          2
20             0              0         0  0.00000000     -1          1
21             0              0         0  0.00000000     -1          1
22            28             29         1  0.49858789      1          0
23             0              0         0  0.00000000     -1          2
24            30             31         2  0.06016085      1          0
25            32             33         1  0.15107662      1          0
26            34             35         2  0.34647252      1          0
27            36             37         2  0.69246101      1          0
28             0              0         0  0.00000000     -1          2
29             0              0         0  0.00000000     -1          1
30             0              0         0  0.00000000     -1          1
31            38             39         1  0.37011490      1          0
32             0              0         0  0.00000000     -1          2
33             0              0         0  0.00000000     -1          2
34            40             41         2  0.13894952      1          0
35             0              0         0  0.00000000     -1          2
36             0              0         0  0.00000000     -1          1
37             0              0         0  0.00000000     -1          1
38             0              0         0  0.00000000     -1          1
39             0              0         0  0.00000000     -1          1
40             0              0         0  0.00000000     -1          2
41             0              0         0  0.00000000     -1          2
