   left daughter right daughter split var split point status prediction
1              2              3         2 0.014724916      1          0
2              0              0         0 0.000000000     -1          1
3              4              5         1 0.281462972      1          0
4              6              7         1 0.219535526      1          0
5              8              9         2 0.490943507      1          0
6             10             11         2 0.497288001      1          0
7              0              0         0 0.000000000     -1          2
8             12             13         2 0.298682557      1          0
9             14             15         2 0.540150959      1          0
10            16             17         1 0.001491658      1          0
11            18             19         2 0.741130180      1          0
12            20             21         1 0.500957455      1          0
13            22             23         1 0.501661757      1          0
14             0              0         0 0.000000000     -1          1
15            24             25         1 0.499066048      1          0
16             0              0         0 0.000000000     -1          2
17            26             27         2 0.155732089      1          0
18             0              0         0 0.000000000     -1          2
19             0              0         0 0.000000000     -1          2
20            28             29         1 0.416228711      1          0
21            30             31         2 0.138949516      1          0
22             0              0         0 0.000000000     -1          1
23            32             33         2 0.448931727      1          0
24            34             35         1 0.391506291      1          0
25            36             37         1 0.789833118      1          0
26             0              0         0 0.000000000     -1          1
27             0              0         0 0.000000000     -1          1
28             0              0         0 0.000000000     -1          1
29             0              0         0 0.000000000     -1          1
30             0              0         0 0.000000000     -1          2
31             0              0         0 0.000000000     -1          2
32             0              0         0 0.000000000     -1          2
33             0              0         0 0.000000000     -1          2
34             0              0         0 0.000000000     -1          2
35             0              0         0 0.000000000     -1          2
36            38             39         2 0.692461010      1          0
37            40             41         2 0.655542594      1          0
38             0              0         0 0.000000000     -1          1
39             0              0         0 0.000000000     -1          1
40             0              0         0 0.000000000     -1          1
41             0              0         0 0.000000000     -1          1
