   left daughter right daughter split var split point status prediction
1              2              3         1 0.940880708      1          0
2              4              5         1 0.001660471      1          0
3              0              0         0 0.000000000     -1          1
4              0              0         0 0.000000000     -1          2
5              6              7         1 0.029289289      1          0
6              0              0         0 0.000000000     -1          1
7              8              9         1 0.315603187      1          0
8             10             11         1 0.296381764      1          0
9             12             13         1 0.326123007      1          0
10            14             15         2 0.499921354      1          0
11             0              0         0 0.000000000     -1          2
12             0              0         0 0.000000000     -1          1
13            16             17         1 0.328908600      1          0
14            18             19         1 0.052295805      1          0
15            20             21         1 0.218659033      1          0
16             0              0         0 0.000000000     -1          2
17            22             23         2 0.495804581      1          0
18             0              0         0 0.000000000     -1          1
19            24             25         1 0.093559447      1          0
20            26             27         2 0.797943037      1          0
21             0              0         0 0.000000000     -1          2
22            28             29         2 0.162942081      1          0
23            30             31         2 0.555459014      1          0
24             0              0         0 0.000000000     -1          1
25            32             33         1 0.094973329      1          0
26             0              0         0 0.000000000     -1          2
27             0              0         0 0.000000000     -1          2
28            34             35         2 0.076432044      1          0
29            36             37         1 0.499690846      1          0
30             0              0         0 0.000000000     -1          1
31            38             39         2 0.953501566      1          0
32             0              0         0 0.000000000     -1          2
33            40             41         2 0.218046599      1          0
34             0              0         0 0.000000000     -1          2
35             0              0         0 0.000000000     -1          1
36             0              0         0 0.000000000     -1          1
37             0              0         0 0.000000000     -1          2
38             0              0         0 0.000000000     -1          1
39             0              0         0 0.000000000     -1          1
40             0              0         0 0.000000000     -1          1
41             0              0         0 0.000000000     -1          1
