   left daughter right daughter split var split point status prediction
1              2              3         1 0.371376556      1          0
2              4              5         2 0.497067673      1          0
3              6              7         2 0.495212701      1          0
4              8              9         2 0.280136229      1          0
5             10             11         2 0.905996351      1          0
6             12             13         2 0.105521680      1          0
7             14             15         1 0.500034295      1          0
8             16             17         2 0.266042100      1          0
9              0              0         0 0.000000000     -1          1
10            18             19         2 0.728167066      1          0
11             0              0         0 0.000000000     -1          2
12             0              0         0 0.000000000     -1          2
13            20             21         1 0.500594090      1          0
14             0              0         0 0.000000000     -1          2
15            22             23         1 0.944312743      1          0
16            24             25         2 0.243199270      1          0
17             0              0         0 0.000000000     -1          2
18             0              0         0 0.000000000     -1          2
19            26             27         1 0.142793973      1          0
20             0              0         0 0.000000000     -1          1
21            28             29         1 0.987195865      1          0
22            30             31         2 0.502190118      1          0
23             0              0         0 0.000000000     -1          1
24            32             33         1 0.001491658      1          0
25             0              0         0 0.000000000     -1          1
26             0              0         0 0.000000000     -1          2
27             0              0         0 0.000000000     -1          2
28            34             35         2 0.399301630      1          0
29             0              0         0 0.000000000     -1          2
30             0              0         0 0.000000000     -1          2
31            36             37         2 0.850849524      1          0
32             0              0         0 0.000000000     -1          2
33            38             39         2 0.219216260      1          0
34            40             41         2 0.354637700      1          0
35             0              0         0 0.000000000     -1          2
36             0              0         0 0.000000000     -1          1
37             0              0         0 0.000000000     -1          1
38             0              0         0 0.000000000     -1          1
39             0              0         0 0.000000000     -1          1
40             0              0         0 0.000000000     -1          2
41             0              0         0 0.000000000     -1          2
