   left daughter right daughter split var split point status prediction
1              2              3         1  0.26916633      1          0
2              4              5         1  0.22024548      1          0
3              6              7         2  0.49503006      1          0
4              8              9         2  0.49728800      1          0
5              0              0         0  0.00000000     -1          2
6             10             11         2  0.13894952      1          0
7             12             13         2  0.96305557      1          0
8             14             15         2  0.21804660      1          0
9             16             17         1  0.21669040      1          0
10            18             19         1  0.50095745      1          0
11            20             21         1  0.49969085      1          0
12            22             23         2  0.85362396      1          0
13             0              0         0  0.00000000     -1          1
14             0              0         0  0.00000000     -1          1
15             0              0         0  0.00000000     -1          1
16            24             25         1  0.04212009      1          0
17             0              0         0  0.00000000     -1          1
18             0              0         0  0.00000000     -1          1
19             0              0         0  0.00000000     -1          2
20            26             27         1  0.46927632      1          0
21            28             29         1  0.70659969      1          0
22            30             31         2  0.76404086      1          0
23             0              0         0  0.00000000     -1          2
24             0              0         0  0.00000000     -1          2
25            32             33         1  0.04256195      1          0
26            34             35         2  0.14666818      1          0
27             0              0         0  0.00000000     -1          1
28             0              0         0  0.00000000     -1          2
29            36             37         1  0.71081225      1          0
30            38             39         2  0.53793552      1          0
31             0              0         0  0.00000000     -1          1
32             0              0         0  0.00000000     -1          1
33            40             41         2  0.81362407      1          0
34             0              0         0  0.00000000     -1          2
35             0              0         0  0.00000000     -1          1
36             0              0         0  0.00000000     -1          1
37             0              0         0  0.00000000     -1          2
38             0              0         0  0.00000000     -1          1
39             0              0         0  0.00000000     -1          1
40             0              0         0  0.00000000     -1          2
41             0              0         0  0.00000000     -1          2
