   left daughter right daughter split var split point status prediction
1              2              3         2 0.853024747      1          0
2              4              5         1 0.011808509      1          0
3              6              7         1 0.501751639      1          0
4              0              0         0 0.000000000     -1          2
5              8              9         1 0.022541481      1          0
6             10             11         1 0.322232668      1          0
7              0              0         0 0.000000000     -1          1
8              0              0         0 0.000000000     -1          1
9             12             13         2 0.848298911      1          0
10             0              0         0 0.000000000     -1          2
11             0              0         0 0.000000000     -1          2
12            14             15         1 0.046503654      1          0
13             0              0         0 0.000000000     -1          1
14             0              0         0 0.000000000     -1          2
15            16             17         2 0.581296719      1          0
16            18             19         2 0.467242099      1          0
17            20             21         2 0.655817311      1          0
18            22             23         1 0.500594090      1          0
19            24             25         1 0.479798557      1          0
20             0              0         0 0.000000000     -1          2
21            26             27         2 0.715567473      1          0
22            28             29         1 0.461203474      1          0
23            30             31         2 0.002580935      1          0
24             0              0         0 0.000000000     -1          2
25             0              0         0 0.000000000     -1          1
26             0              0         0 0.000000000     -1          1
27            32             33         2 0.774928352      1          0
28            34             35         2 0.076367449      1          0
29             0              0         0 0.000000000     -1          1
30             0              0         0 0.000000000     -1          1
31            36             37         1 0.718957087      1          0
32             0              0         0 0.000000000     -1          2
33             0              0         0 0.000000000     -1          1
34             0              0         0 0.000000000     -1          1
35            38             39         1 0.456241345      1          0
36            40             41         1 0.609494396      1          0
37             0              0         0 0.000000000     -1          2
38             0              0         0 0.000000000     -1          1
39             0              0         0 0.000000000     -1          2
40             0              0         0 0.000000000     -1          2
41             0              0         0 0.000000000     -1          2
