   left daughter right daughter split var split point status prediction
1              2              3         1 0.388525582      1          0
2              4              5         1 0.001660471      1          0
3              6              7         1 0.570350537      1          0
4              0              0         0 0.000000000     -1          2
5              8              9         2 0.500751419      1          0
6             10             11         2 0.441809739      1          0
7             12             13         2 0.502190118      1          0
8             14             15         2 0.074946800      1          0
9             16             17         1 0.102215176      1          0
10            18             19         1 0.500594090      1          0
11            20             21         2 0.963291070      1          0
12            22             23         2 0.006911685      1          0
13            24             25         2 0.832117602      1          0
14             0              0         0 0.000000000     -1          1
15            26             27         2 0.346250541      1          0
16             0              0         0 0.000000000     -1          2
17            28             29         1 0.342054855      1          0
18             0              0         0 0.000000000     -1          1
19             0              0         0 0.000000000     -1          2
20             0              0         0 0.000000000     -1          2
21             0              0         0 0.000000000     -1          1
22             0              0         0 0.000000000     -1          1
23            30             31         1 0.987195865      1          0
24            32             33         2 0.606249291      1          0
25             0              0         0 0.000000000     -1          1
26            34             35         2 0.131685763      1          0
27             0              0         0 0.000000000     -1          1
28            36             37         1 0.194130182      1          0
29             0              0         0 0.000000000     -1          2
30            38             39         2 0.337760258      1          0
31             0              0         0 0.000000000     -1          2
32             0              0         0 0.000000000     -1          1
33            40             41         1 0.586024703      1          0
34             0              0         0 0.000000000     -1          1
35             0              0         0 0.000000000     -1          1
36             0              0         0 0.000000000     -1          2
37             0              0         0 0.000000000     -1          2
38             0              0         0 0.000000000     -1          2
39             0              0         0 0.000000000     -1          2
40             0              0         0 0.000000000     -1          2
41             0              0         0 0.000000000     -1          1
