   left daughter right daughter split var split point status prediction
1              2              3         2 0.003777176      1          0
2              0              0         0 0.000000000     -1          1
3              4              5         1 0.436515748      1          0
4              6              7         1 0.183607096      1          0
5              8              9         2 0.502190118      1          0
6             10             11         2 0.493222853      1          0
7             12             13         2 0.500751419      1          0
8             14             15         1 0.499690846      1          0
9             16             17         1 0.500270764      1          0
10            18             19         1 0.001491658      1          0
11             0              0         0 0.000000000     -1          2
12            20             21         2 0.294125714      1          0
13            22             23         1 0.337584854      1          0
14             0              0         0 0.000000000     -1          1
15            24             25         1 0.692689996      1          0
16             0              0         0 0.000000000     -1          2
17            26             27         1 0.986402827      1          0
18             0              0         0 0.000000000     -1          2
19            28             29         2 0.063224148      1          0
20             0              0         0 0.000000000     -1          1
21             0              0         0 0.000000000     -1          1
22             0              0         0 0.000000000     -1          2
23             0              0         0 0.000000000     -1          2
24            30             31         1 0.605603101      1          0
25            32             33         1 0.699356748      1          0
26            34             35         1 0.625098409      1          0
27             0              0         0 0.000000000     -1          2
28             0              0         0 0.000000000     -1          1
29             0              0         0 0.000000000     -1          1
30             0              0         0 0.000000000     -1          2
31             0              0         0 0.000000000     -1          2
32             0              0         0 0.000000000     -1          1
33            36             37         1 0.987195865      1          0
34            38             39         1 0.580373968      1          0
35            40             41         2 0.804339956      1          0
36             0              0         0 0.000000000     -1          2
37             0              0         0 0.000000000     -1          2
38             0              0         0 0.000000000     -1          1
39             0              0         0 0.000000000     -1          1
40             0              0         0 0.000000000     -1          1
41             0              0         0 0.000000000     -1          1
