   left daughter right daughter split var split point status prediction
1              2              3         1 0.001491658      1          0
2              0              0         0 0.000000000     -1          2
3              4              5         2 0.980616390      1          0
4              6              7         2 0.974749754      1          0
5              0              0         0 0.000000000     -1          1
6              8              9         1 0.008158208      1          0
7              0              0         0 0.000000000     -1          2
8              0              0         0 0.000000000     -1          1
9             10             11         1 0.632564711      1          0
10            12             13         2 0.540150959      1          0
11            14             15         2 0.502190118      1          0
12            16             17         1 0.502470238      1          0
13            18             19         2 0.913174231      1          0
14            20             21         2 0.349135560      1          0
15            22             23         1 0.986402827      1          0
16            24             25         2 0.501454402      1          0
17             0              0         0 0.000000000     -1          2
18            26             27         2 0.909562605      1          0
19             0              0         0 0.000000000     -1          2
20            28             29         1 0.901677485      1          0
21             0              0         0 0.000000000     -1          2
22            30             31         2 0.542545133      1          0
23             0              0         0 0.000000000     -1          1
24            32             33         1 0.365537764      1          0
25             0              0         0 0.000000000     -1          2
26            34             35         1 0.499411322      1          0
27             0              0         0 0.000000000     -1          1
28            36             37         2 0.071125672      1          0
29             0              0         0 0.000000000     -1          2
30             0              0         0 0.000000000     -1          1
31            38             39         2 0.545152464      1          0
32            40             41         2 0.155732089      1          0
33             0              0         0 0.000000000     -1          1
34             0              0         0 0.000000000     -1          2
35             0              0         0 0.000000000     -1          1
36             0              0         0 0.000000000     -1          2
37             0              0         0 0.000000000     -1          2
38             0              0         0 0.000000000     -1          2
39             0              0         0 0.000000000     -1          1
40             0              0         0 0.000000000     -1          1
41             0              0         0 0.000000000     -1          1
