   left daughter right daughter split var split point status prediction
1              2              3         1  0.36831871      1          0
2              4              5         1  0.06457300      1          0
3              6              7         1  0.52845736      1          0
4              0              0         0  0.00000000     -1          1
5              8              9         1  0.06988782      1          0
6             10             11         1  0.49131179      1          0
7             12             13         1  0.54671565      1          0
8              0              0         0  0.00000000     -1          2
9             14             15         2  0.50048374      1          0
10            16             17         2  0.52332330      1          0
11             0              0         0  0.00000000     -1          1
12             0              0         0  0.00000000     -1          2
13            18             19         2  0.50475946      1          0
14            20             21         2  0.15649395      1          0
15            22             23         1  0.31488093      1          0
16            24             25         1  0.41112075      1          0
17             0              0         0  0.00000000     -1          2
18            26             27         1  0.69380031      1          0
19            28             29         2  0.85084952      1          0
20             0              0         0  0.00000000     -1          1
21            30             31         1  0.20419846      1          0
22            32             33         1  0.21865903      1          0
23             0              0         0  0.00000000     -1          2
24             0              0         0  0.00000000     -1          1
25             0              0         0  0.00000000     -1          1
26             0              0         0  0.00000000     -1          2
27            34             35         1  0.69647883      1          0
28            36             37         2  0.63233301      1          0
29             0              0         0  0.00000000     -1          1
30             0              0         0  0.00000000     -1          1
31             0              0         0  0.00000000     -1          1
32             0              0         0  0.00000000     -1          2
33             0              0         0  0.00000000     -1          2
34             0              0         0  0.00000000     -1          1
35            38             39         1  0.98567899      1          0
36             0              0         0  0.00000000     -1          1
37            40             41         2  0.64022805      1          0
38             0              0         0  0.00000000     -1          2
39             0              0         0  0.00000000     -1          2
40             0              0         0  0.00000000     -1          2
41             0              0         0  0.00000000     -1          1
