   left daughter right daughter split var split point status prediction
1              2              3         2  0.10619194      1          0
2              4              5         2  0.01262011      1          0
3              6              7         1  0.40595594      1          0
4              0              0         0  0.00000000     -1          1
5              0              0         0  0.00000000     -1          1
6              8              9         2  0.50145440      1          0
7             10             11         1  0.98719587      1          0
8             12             13         1  0.37012890      1          0
9             14             15         1  0.05756647      1          0
10            16             17         1  0.56116964      1          0
11             0              0         0  0.00000000     -1          1
12            18             19         1  0.05229580      1          0
13             0              0         0  0.00000000     -1          1
14             0              0         0  0.00000000     -1          2
15            20             21         1  0.31620435      1          0
16            22             23         1  0.54553173      1          0
17            24             25         2  0.50219012      1          0
18             0              0         0  0.00000000     -1          1
19            26             27         2  0.13168576      1          0
20            28             29         2  0.94079570      1          0
21             0              0         0  0.00000000     -1          2
22            30             31         1  0.40945241      1          0
23             0              0         0  0.00000000     -1          1
24            32             33         2  0.46454209      1          0
25            34             35         2  0.74848831      1          0
26             0              0         0  0.00000000     -1          1
27            36             37         1  0.24205872      1          0
28            38             39         2  0.73466716      1          0
29             0              0         0  0.00000000     -1          2
30             0              0         0  0.00000000     -1          1
31            40             41         2  0.55257715      1          0
32             0              0         0  0.00000000     -1          2
33             0              0         0  0.00000000     -1          2
34             0              0         0  0.00000000     -1          1
35             0              0         0  0.00000000     -1          1
36             0              0         0  0.00000000     -1          1
37             0              0         0  0.00000000     -1          1
38             0              0         0  0.00000000     -1          2
39             0              0         0  0.00000000     -1          2
40             0              0         0  0.00000000     -1          1
41             0              0         0  0.00000000     -1          2
