   left daughter right daughter split var split point status prediction
1              2              3         2  0.98061639      1          0
2              4              5         2  0.85084952      1          0
3              0              0         0  0.00000000     -1          1
4              6              7         1  0.92259606      1          0
5              8              9         1  0.49858789      1          0
6             10             11         2  0.11171994      1          0
7              0              0         0  0.00000000     -1          1
8              0              0         0  0.00000000     -1          2
9              0              0         0  0.00000000     -1          1
10            12             13         1  0.49420867      1          0
11            14             15         1  0.37844910      1          0
12             0              0         0  0.00000000     -1          1
13             0              0         0  0.00000000     -1          2
14            16             17         2  0.49715271      1          0
15            18             19         2  0.49580458      1          0
16            20             21         2  0.15728518      1          0
17            22             23         1  0.05756647      1          0
18            24             25         1  0.49969085      1          0
19            26             27         1  0.50237745      1          0
20             0              0         0  0.00000000     -1          2
21            28             29         2  0.24531103      1          0
22             0              0         0  0.00000000     -1          2
23            30             31         2  0.62581860      1          0
24             0              0         0  0.00000000     -1          1
25            32             33         2  0.19778934      1          0
26             0              0         0  0.00000000     -1          2
27            34             35         2  0.83211760      1          0
28             0              0         0  0.00000000     -1          1
29             0              0         0  0.00000000     -1          1
30             0              0         0  0.00000000     -1          2
31             0              0         0  0.00000000     -1          2
32             0              0         0  0.00000000     -1          2
33            36             37         1  0.87481142      1          0
34            38             39         2  0.54254513      1          0
35             0              0         0  0.00000000     -1          1
36            40             41         2  0.27718573      1          0
37             0              0         0  0.00000000     -1          2
38             0              0         0  0.00000000     -1          1
39             0              0         0  0.00000000     -1          1
40             0              0         0  0.00000000     -1          2
41             0              0         0  0.00000000     -1          2
