   left daughter right daughter split var split point status prediction
1              2              3         1  0.40248156      1          0
2              4              5         1  0.06285360      1          0
3              6              7         1  0.45388848      1          0
4              0              0         0  0.00000000     -1          1
5              8              9         1  0.06998676      1          0
6              0              0         0  0.00000000     -1          1
7             10             11         1  0.75335363      1          0
8              0              0         0  0.00000000     -1          2
9             12             13         2  0.50066638      1          0
10            14             15         2  0.51748835      1          0
11            16             17         1  0.96556161      1          0
12            18             19         2  0.06322415      1          0
13            20             21         1  0.10221518      1          0
14            22             23         1  0.50059409      1          0
15            24             25         2  0.61202230      1          0
16            26             27         1  0.96030581      1          0
17             0              0         0  0.00000000     -1          2
18             0              0         0  0.00000000     -1          1
19            28             29         2  0.12851758      1          0
20             0              0         0  0.00000000     -1          2
21            30             31         2  0.91063322      1          0
22             0              0         0  0.00000000     -1          1
23            32             33         2  0.49893530      1          0
24             0              0         0  0.00000000     -1          1
25            34             35         2  0.93927021      1          0
26            36             37         2  0.50219012      1          0
27             0              0         0  0.00000000     -1          1
28             0              0         0  0.00000000     -1          1
29            38             39         2  0.16008961      1          0
30            40             41         2  0.74729612      1          0
31             0              0         0  0.00000000     -1          2
32             0              0         0  0.00000000     -1          2
33             0              0         0  0.00000000     -1          1
34             0              0         0  0.00000000     -1          1
35             0              0         0  0.00000000     -1          1
36             0              0         0  0.00000000     -1          2
37             0              0         0  0.00000000     -1          1
38             0              0         0  0.00000000     -1          1
39             0              0         0  0.00000000     -1          1
40             0              0         0  0.00000000     -1          2
41             0              0         0  0.00000000     -1          2
