   left daughter right daughter split var split point status prediction
1              2              3         1 0.363899824      1          0
2              4              5         2 0.497152709      1          0
3              6              7         1 0.917450417      1          0
4              8              9         1 0.355562680      1          0
5             10             11         2 0.910209478      1          0
6             12             13         1 0.846970040      1          0
7              0              0         0 0.000000000     -1          1
8             14             15         2 0.158948429      1          0
9              0              0         0 0.000000000     -1          2
10            16             17         1 0.057566469      1          0
11             0              0         0 0.000000000     -1          2
12            18             19         2 0.495804581      1          0
13             0              0         0 0.000000000     -1          2
14             0              0         0 0.000000000     -1          1
15            20             21         1 0.204198465      1          0
16             0              0         0 0.000000000     -1          2
17            22             23         2 0.780347037      1          0
18            24             25         1 0.501963212      1          0
19            26             27         1 0.500270764      1          0
20             0              0         0 0.000000000     -1          1
21             0              0         0 0.000000000     -1          1
22            28             29         1 0.354575412      1          0
23             0              0         0 0.000000000     -1          2
24             0              0         0 0.000000000     -1          1
25            30             31         2 0.006911685      1          0
26             0              0         0 0.000000000     -1          2
27            32             33         1 0.806444852      1          0
28            34             35         1 0.153139017      1          0
29             0              0         0 0.000000000     -1          2
30             0              0         0 0.000000000     -1          1
31            36             37         1 0.522172251      1          0
32            38             39         2 0.831646740      1          0
33             0              0         0 0.000000000     -1          1
34             0              0         0 0.000000000     -1          2
35             0              0         0 0.000000000     -1          2
36             0              0         0 0.000000000     -1          2
37            40             41         1 0.605603101      1          0
38             0              0         0 0.000000000     -1          1
39             0              0         0 0.000000000     -1          1
40             0              0         0 0.000000000     -1          2
41             0              0         0 0.000000000     -1          2
