   left daughter right daughter split var split point status prediction
1              2              3         1   0.8335373      1          0
2              4              5         2   0.6104914      1          0
3              6              7         1   0.8779364      1          0
4              8              9         2   0.3163291      1          0
5             10             11         2   0.8009960      1          0
6              0              0         0   0.0000000     -1          1
7             12             13         1   0.8927173      1          0
8             14             15         2   0.2019361      1          0
9             16             17         1   0.2248232      1          0
10            18             19         2   0.7988596      1          0
11            20             21         2   0.8095198      1          0
12             0              0         0   0.0000000     -1          2
13            22             23         2   0.4048210      1          0
14            24             25         1   0.5039885      1          0
15            26             27         1   0.5155309      1          0
16             0              0         0   0.0000000     -1          1
17            28             29         1   0.2836696      1          0
18            30             31         2   0.7007766      1          0
19             0              0         0   0.0000000     -1          1
20             0              0         0   0.0000000     -1          2
21            32             33         1   0.5026090      1          0
22             0              0         0   0.0000000     -1          2
23             0              0         0   0.0000000     -1          1
24            34             35         1   0.1424184      1          0
25             0              0         0   0.0000000     -1          2
26             0              0         0   0.0000000     -1          1
27             0              0         0   0.0000000     -1          2
28             0              0         0   0.0000000     -1          2
29            36             37         2   0.4737135      1          0
30             0              0         0   0.0000000     -1          2
31            38             39         1   0.4980885      1          0
32            40             41         2   0.8135435      1          0
33             0              0         0   0.0000000     -1          1
34             0              0         0   0.0000000     -1          1
35             0              0         0   0.0000000     -1          1
36             0              0         0   0.0000000     -1          2
37             0              0         0   0.0000000     -1          1
38             0              0         0   0.0000000     -1          2
39             0              0         0   0.0000000     -1          1
40             0              0         0   0.0000000     -1          1
41             0              0         0   0.0000000     -1          2
