   left daughter right daughter split var split point status prediction
1              2              3         2  0.85127870      1          0
2              4              5         1  0.50737062      1          0
3              6              7         1  0.50175164      1          0
4              8              9         1  0.39613410      1          0
5             10             11         1  0.55057322      1          0
6             12             13         2  0.97901249      1          0
7              0              0         0  0.00000000     -1          1
8             14             15         2  0.50075142      1          0
9             16             17         2  0.51269484      1          0
10             0              0         0  0.00000000     -1          2
11            18             19         2  0.49893530      1          0
12             0              0         0  0.00000000     -1          2
13             0              0         0  0.00000000     -1          2
14            20             21         2  0.06016085      1          0
15            22             23         2  0.72816707      1          0
16            24             25         1  0.50059409      1          0
17             0              0         0  0.00000000     -1          2
18            26             27         1  0.87339500      1          0
19            28             29         2  0.80856369      1          0
20             0              0         0  0.00000000     -1          1
21            30             31         2  0.11771965      1          0
22             0              0         0  0.00000000     -1          2
23             0              0         0  0.00000000     -1          2
24             0              0         0  0.00000000     -1          1
25             0              0         0  0.00000000     -1          2
26            32             33         1  0.58269404      1          0
27             0              0         0  0.00000000     -1          2
28            34             35         2  0.80721993      1          0
29             0              0         0  0.00000000     -1          1
30             0              0         0  0.00000000     -1          1
31            36             37         2  0.12446791      1          0
32             0              0         0  0.00000000     -1          2
33            38             39         1  0.70609558      1          0
34            40             41         2  0.71278675      1          0
35             0              0         0  0.00000000     -1          2
36             0              0         0  0.00000000     -1          2
37             0              0         0  0.00000000     -1          1
38             0              0         0  0.00000000     -1          2
39             0              0         0  0.00000000     -1          2
40             0              0         0  0.00000000     -1          1
41             0              0         0  0.00000000     -1          1
