   left daughter right daughter split var split point status prediction
1              2              3         2 0.807219934      1          0
2              4              5         1 0.501870404      1          0
3              6              7         2 0.809301531      1          0
4              8              9         1 0.437817915      1          0
5             10             11         1 0.505582685      1          0
6              0              0         0 0.000000000     -1          2
7             12             13         1 0.497480729      1          0
8             14             15         1 0.430061815      1          0
9              0              0         0 0.000000000     -1          1
10             0              0         0 0.000000000     -1          2
11            16             17         1 0.510069562      1          0
12            18             19         2 0.813624072      1          0
13            20             21         2 0.851278696      1          0
14            22             23         1 0.379463071      1          0
15             0              0         0 0.000000000     -1          2
16             0              0         0 0.000000000     -1          1
17            24             25         1 0.545531728      1          0
18             0              0         0 0.000000000     -1          1
19            26             27         1 0.279914482      1          0
20             0              0         0 0.000000000     -1          1
21             0              0         0 0.000000000     -1          1
22            28             29         1 0.001660471      1          0
23             0              0         0 0.000000000     -1          1
24             0              0         0 0.000000000     -1          2
25            30             31         1 0.563767774      1          0
26             0              0         0 0.000000000     -1          2
27             0              0         0 0.000000000     -1          2
28             0              0         0 0.000000000     -1          2
29            32             33         1 0.374493193      1          0
30             0              0         0 0.000000000     -1          1
31            34             35         1 0.587145836      1          0
32            36             37         1 0.367474040      1          0
33             0              0         0 0.000000000     -1          2
34             0              0         0 0.000000000     -1          2
35            38             39         1 0.602440613      1          0
36            40             41         1 0.112324856      1          0
37             0              0         0 0.000000000     -1          1
38             0              0         0 0.000000000     -1          1
39             0              0         0 0.000000000     -1          2
40             0              0         0 0.000000000     -1          1
41             0              0         0 0.000000000     -1          1
