   left daughter right daughter split var split point status prediction
1              2              3         1  0.02387210      1          0
2              0              0         0  0.00000000     -1          2
3              4              5         1  0.33089031      1          0
4              6              7         2  0.50056878      1          0
5              8              9         1  0.98729361      1          0
6             10             11         1  0.27101227      1          0
7             12             13         1  0.19948265      1          0
8             14             15         2  0.49580458      1          0
9              0              0         0  0.00000000     -1          1
10            16             17         1  0.26992863      1          0
11             0              0         0  0.00000000     -1          1
12             0              0         0  0.00000000     -1          2
13             0              0         0  0.00000000     -1          2
14            18             19         1  0.50059409      1          0
15            20             21         2  0.97045819      1          0
16            22             23         2  0.18957275      1          0
17             0              0         0  0.00000000     -1          2
18            24             25         1  0.46939884      1          0
19            26             27         2  0.02022656      1          0
20            28             29         1  0.49964779      1          0
21             0              0         0  0.00000000     -1          1
22             0              0         0  0.00000000     -1          1
23             0              0         0  0.00000000     -1          1
24            30             31         1  0.46872983      1          0
25             0              0         0  0.00000000     -1          1
26             0              0         0  0.00000000     -1          1
27            32             33         2  0.49094351      1          0
28            34             35         1  0.39069171      1          0
29            36             37         2  0.50146322      1          0
30            38             39         2  0.29075472      1          0
31             0              0         0  0.00000000     -1          2
32            40             41         2  0.28502295      1          0
33             0              0         0  0.00000000     -1          2
34             0              0         0  0.00000000     -1          2
35             0              0         0  0.00000000     -1          2
36             0              0         0  0.00000000     -1          2
37             0              0         0  0.00000000     -1          1
38             0              0         0  0.00000000     -1          1
39             0              0         0  0.00000000     -1          1
40             0              0         0  0.00000000     -1          2
41             0              0         0  0.00000000     -1          2
