   left daughter right daughter split var split point status prediction
1              2              3         2 0.012789804      1          0
2              0              0         0 0.000000000     -1          2
3              4              5         1 0.420921096      1          0
4              6              7         2 0.501454402      1          0
5              8              9         2 0.501463218      1          0
6             10             11         2 0.074946800      1          0
7             12             13         2 0.521847580      1          0
8             14             15         1 0.499690846      1          0
9             16             17         1 0.500034295      1          0
10             0              0         0 0.000000000     -1          1
11            18             19         2 0.298969661      1          0
12             0              0         0 0.000000000     -1          2
13            20             21         2 0.741382907      1          0
14             0              0         0 0.000000000     -1          1
15            22             23         2 0.400204422      1          0
16             0              0         0 0.000000000     -1          2
17            24             25         2 0.607274929      1          0
18            26             27         1 0.405817396      1          0
19             0              0         0 0.000000000     -1          1
20            28             29         1 0.151076621      1          0
21            30             31         2 0.742071016      1          0
22            32             33         1 0.976680059      1          0
23             0              0         0 0.000000000     -1          2
24             0              0         0 0.000000000     -1          1
25            34             35         2 0.613623966      1          0
26            36             37         1 0.051051201      1          0
27             0              0         0 0.000000000     -1          2
28             0              0         0 0.000000000     -1          2
29             0              0         0 0.000000000     -1          2
30             0              0         0 0.000000000     -1          1
31            38             39         1 0.003811907      1          0
32            40             41         1 0.718957087      1          0
33             0              0         0 0.000000000     -1          2
34             0              0         0 0.000000000     -1          2
35             0              0         0 0.000000000     -1          1
36             0              0         0 0.000000000     -1          1
37             0              0         0 0.000000000     -1          1
38             0              0         0 0.000000000     -1          1
39             0              0         0 0.000000000     -1          2
40             0              0         0 0.000000000     -1          2
41             0              0         0 0.000000000     -1          2
