   left daughter right daughter split var split point status prediction
1              2              3         1   0.4059559      1          0
2              4              5         2   0.5005688      1          0
3              6              7         1   0.9223730      1          0
4              8              9         1   0.3555627      1          0
5             10             11         2   0.9106332      1          0
6             12             13         2   0.4840052      1          0
7              0              0         0   0.0000000     -1          1
8             14             15         2   0.1895728      1          0
9              0              0         0   0.0000000     -1          1
10            16             17         1   0.1510766      1          0
11             0              0         0   0.0000000     -1          2
12            18             19         1   0.4996908      1          0
13            20             21         2   0.8493804      1          0
14             0              0         0   0.0000000     -1          1
15            22             23         2   0.2180466      1          0
16             0              0         0   0.0000000     -1          2
17             0              0         0   0.0000000     -1          2
18             0              0         0   0.0000000     -1          1
19            24             25         1   0.8733157      1          0
20            26             27         2   0.5014632      1          0
21            28             29         1   0.7481903      1          0
22             0              0         0   0.0000000     -1          1
23             0              0         0   0.0000000     -1          1
24            30             31         1   0.6070358      1          0
25             0              0         0   0.0000000     -1          2
26             0              0         0   0.0000000     -1          1
27            32             33         2   0.5875978      1          0
28             0              0         0   0.0000000     -1          2
29             0              0         0   0.0000000     -1          1
30             0              0         0   0.0000000     -1          2
31            34             35         1   0.7068510      1          0
32             0              0         0   0.0000000     -1          1
33            36             37         2   0.7127867      1          0
34             0              0         0   0.0000000     -1          2
35             0              0         0   0.0000000     -1          2
36             0              0         0   0.0000000     -1          1
37            38             39         1   0.5023775      1          0
38             0              0         0   0.0000000     -1          2
39             0              0         0   0.0000000     -1          1
