   left daughter right daughter split var split point status prediction
1              2              3         1   0.3979306      1          0
2              4              5         2   0.5023859      1          0
3              6              7         1   0.4562413      1          0
4              8              9         1   0.3791102      1          0
5             10             11         1   0.3692561      1          0
6              0              0         0   0.0000000     -1          1
7             12             13         2   0.5014632      1          0
8             14             15         1   0.2144113      1          0
9              0              0         0   0.0000000     -1          1
10            16             17         2   0.9452087      1          0
11             0              0         0   0.0000000     -1          2
12            18             19         1   0.4985047      1          0
13            20             21         2   0.8494789      1          0
14            22             23         2   0.1895728      1          0
15             0              0         0   0.0000000     -1          1
16            24             25         2   0.5218476      1          0
17             0              0         0   0.0000000     -1          2
18             0              0         0   0.0000000     -1          1
19            26             27         1   0.9766801      1          0
20            28             29         2   0.6558173      1          0
21            30             31         1   0.4974807      1          0
22             0              0         0   0.0000000     -1          1
23             0              0         0   0.0000000     -1          1
24             0              0         0   0.0000000     -1          2
25            32             33         1   0.1024493      1          0
26            34             35         1   0.6926900      1          0
27             0              0         0   0.0000000     -1          2
28            36             37         2   0.6555981      1          0
29            38             39         1   0.7614091      1          0
30             0              0         0   0.0000000     -1          2
31            40             41         1   0.7299886      1          0
32             0              0         0   0.0000000     -1          2
33             0              0         0   0.0000000     -1          2
34             0              0         0   0.0000000     -1          2
35             0              0         0   0.0000000     -1          2
36             0              0         0   0.0000000     -1          1
37             0              0         0   0.0000000     -1          2
38             0              0         0   0.0000000     -1          1
39             0              0         0   0.0000000     -1          1
40             0              0         0   0.0000000     -1          1
41             0              0         0   0.0000000     -1          1
