   left daughter right daughter split var split point status prediction
1              2              3         1 0.940880708      1          0
2              4              5         2 0.626817804      1          0
3              0              0         0 0.000000000     -1          1
4              6              7         1 0.500118867      1          0
5              8              9         2 0.972474362      1          0
6             10             11         2 0.501539439      1          0
7             12             13         1 0.627519319      1          0
8             14             15         2 0.641702137      1          0
9              0              0         0 0.000000000     -1          1
10            16             17         1 0.001491658      1          0
11             0              0         0 0.000000000     -1          2
12             0              0         0 0.000000000     -1          2
13            18             19         2 0.499070316      1          0
14             0              0         0 0.000000000     -1          2
15            20             21         2 0.645406310      1          0
16             0              0         0 0.000000000     -1          2
17            22             23         1 0.043987614      1          0
18            24             25         1 0.692544896      1          0
19             0              0         0 0.000000000     -1          1
20             0              0         0 0.000000000     -1          1
21            26             27         1 0.495745389      1          0
22             0              0         0 0.000000000     -1          1
23            28             29         1 0.051300367      1          0
24             0              0         0 0.000000000     -1          2
25            30             31         1 0.697594633      1          0
26            32             33         1 0.048279509      1          0
27            34             35         2 0.653813888      1          0
28             0              0         0 0.000000000     -1          2
29            36             37         1 0.090296229      1          0
30             0              0         0 0.000000000     -1          1
31            38             39         1 0.726037729      1          0
32             0              0         0 0.000000000     -1          2
33            40             41         1 0.149375801      1          0
34             0              0         0 0.000000000     -1          2
35             0              0         0 0.000000000     -1          1
36             0              0         0 0.000000000     -1          1
37             0              0         0 0.000000000     -1          1
38             0              0         0 0.000000000     -1          2
39             0              0         0 0.000000000     -1          2
40             0              0         0 0.000000000     -1          2
41             0              0         0 0.000000000     -1          2
