   left daughter right daughter split var split point status prediction
1              2              3         1   0.3794631      1          0
2              4              5         2   0.5005688      1          0
3              6              7         2   0.4958046      1          0
4              8              9         1   0.3701289      1          0
5             10             11         2   0.9366495      1          0
6             12             13         1   0.5009575      1          0
7             14             15         1   0.5017545      1          0
8             16             17         1   0.2497285      1          0
9              0              0         0   0.0000000     -1          2
10            18             19         1   0.1022152      1          0
11             0              0         0   0.0000000     -1          2
12            20             21         1   0.4150070      1          0
13            22             23         2   0.3377603      1          0
14             0              0         0   0.0000000     -1          2
15            24             25         2   0.5014632      1          0
16            26             27         2   0.1557321      1          0
17             0              0         0   0.0000000     -1          1
18             0              0         0   0.0000000     -1          2
19            28             29         2   0.5257901      1          0
20             0              0         0   0.0000000     -1          1
21             0              0         0   0.0000000     -1          1
22            30             31         2   0.2054467      1          0
23             0              0         0   0.0000000     -1          2
24             0              0         0   0.0000000     -1          2
25            32             33         2   0.5426015      1          0
26             0              0         0   0.0000000     -1          1
27            34             35         1   0.2420880      1          0
28             0              0         0   0.0000000     -1          2
29            36             37         1   0.3420549      1          0
30             0              0         0   0.0000000     -1          2
31             0              0         0   0.0000000     -1          2
32             0              0         0   0.0000000     -1          1
33            38             39         2   0.5473321      1          0
34             0              0         0   0.0000000     -1          1
35             0              0         0   0.0000000     -1          2
36             0              0         0   0.0000000     -1          2
37             0              0         0   0.0000000     -1          2
38             0              0         0   0.0000000     -1          2
39            40             41         1   0.5803740      1          0
40             0              0         0   0.0000000     -1          1
41             0              0         0   0.0000000     -1          1
