   left daughter right daughter split var split point status prediction
1              2              3         2  0.85227175      1          0
2              4              5         2  0.76279028      1          0
3              6              7         2  0.88680947      1          0
4              8              9         2  0.63233301      1          0
5             10             11         2  0.76870322      1          0
6              0              0         0  0.00000000     -1          2
7             12             13         1  0.49858789      1          0
8             14             15         1  0.50059409      1          0
9             16             17         1  0.51224279      1          0
10             0              0         0  0.00000000     -1          1
11            18             19         2  0.77278716      1          0
12             0              0         0  0.00000000     -1          2
13             0              0         0  0.00000000     -1          1
14            20             21         1  0.39715118      1          0
15            22             23         2  0.50219012      1          0
16             0              0         0  0.00000000     -1          2
17             0              0         0  0.00000000     -1          1
18             0              0         0  0.00000000     -1          2
19            24             25         2  0.77991119      1          0
20            26             27         1  0.39590171      1          0
21             0              0         0  0.00000000     -1          1
22            28             29         1  0.98567899      1          0
23             0              0         0  0.00000000     -1          1
24             0              0         0  0.00000000     -1          1
25            30             31         2  0.78370250      1          0
26            32             33         2  0.50145440      1          0
27             0              0         0  0.00000000     -1          2
28            34             35         2  0.47979409      1          0
29             0              0         0  0.00000000     -1          1
30             0              0         0  0.00000000     -1          2
31             0              0         0  0.00000000     -1          1
32            36             37         2  0.06322415      1          0
33             0              0         0  0.00000000     -1          2
34            38             39         1  0.58073470      1          0
35             0              0         0  0.00000000     -1          2
36             0              0         0  0.00000000     -1          1
37            40             41         1  0.37011490      1          0
38             0              0         0  0.00000000     -1          2
39             0              0         0  0.00000000     -1          2
40             0              0         0  0.00000000     -1          1
41             0              0         0  0.00000000     -1          1
