   left daughter right daughter split var split point status prediction
1              2              3         1 0.006255719      1          0
2              0              0         0 0.000000000     -1          2
3              4              5         2 0.989649262      1          0
4              6              7         2 0.941540312      1          0
5              0              0         0 0.000000000     -1          2
6              8              9         1 0.239654319      1          0
7             10             11         1 0.526511810      1          0
8             12             13         2 0.513974231      1          0
9             14             15         2 0.407793332      1          0
10             0              0         0 0.000000000     -1          2
11             0              0         0 0.000000000     -1          1
12            16             17         2 0.206762146      1          0
13            18             19         2 0.936440294      1          0
14            20             21         2 0.394171169      1          0
15            22             23         2 0.750177502      1          0
16            24             25         1 0.236944301      1          0
17            26             27         2 0.503243038      1          0
18            28             29         2 0.574893542      1          0
19             0              0         0 0.000000000     -1          2
20            30             31         1 0.508709996      1          0
21             0              0         0 0.000000000     -1          2
22            32             33         1 0.477186193      1          0
23            34             35         2 0.863611412      1          0
24            36             37         1 0.069096337      1          0
25             0              0         0 0.000000000     -1          2
26            38             39         1 0.213744105      1          0
27             0              0         0 0.000000000     -1          1
28             0              0         0 0.000000000     -1          2
29            40             41         1 0.167038889      1          0
30            42             43         2 0.071787267      1          0
31            44             45         2 0.005548306      1          0
32            46             47         2 0.500844696      1          0
33            48             49         2 0.499050228      1          0
34            50             51         1 0.498285004      1          0
35            52             53         2 0.870821786      1          0
36             0              0         0 0.000000000     -1          1
37            54             55         1 0.074319650      1          0
38             0              0         0 0.000000000     -1          1
39             0              0         0 0.000000000     -1          1
40            56             57         2 0.628420090      1          0
41            58             59         2 0.643725340      1          0
42             0              0         0 0.000000000     -1          1
43            60             61         2 0.089787762      1          0
44             0              0         0 0.000000000     -1          1
45            62             63         2 0.241570329      1          0
46             0              0         0 0.000000000     -1          1
47             0              0         0 0.000000000     -1          2
48             0              0         0 0.000000000     -1          2
49             0              0         0 0.000000000     -1          1
50             0              0         0 0.000000000     -1          2
51             0              0         0 0.000000000     -1          1
52             0              0         0 0.000000000     -1          2
53             0              0         0 0.000000000     -1          1
54             0              0         0 0.000000000     -1          2
55             0              0         0 0.000000000     -1          1
56             0              0         0 0.000000000     -1          2
57             0              0         0 0.000000000     -1          2
58             0              0         0 0.000000000     -1          1
59             0              0         0 0.000000000     -1          2
60             0              0         0 0.000000000     -1          2
61             0              0         0 0.000000000     -1          1
62             0              0         0 0.000000000     -1          2
63             0              0         0 0.000000000     -1          2
