   left daughter right daughter split var split point status prediction
1              2              3         2  0.35965686      1          0
2              4              5         1  0.50871000      1          0
3              6              7         1  0.50034358      1          0
4              8              9         1  0.34508355      1          0
5             10             11         1  0.98926451      1          0
6             12             13         2  0.50137672      1          0
7             14             15         2  0.49485381      1          0
8             16             17         1  0.27883883      1          0
9             18             19         2  0.31603499      1          0
10            20             21         1  0.88677421      1          0
11             0              0         0  0.00000000     -1          1
12            22             23         2  0.47617704      1          0
13            24             25         2  0.94070183      1          0
14            26             27         1  0.92683715      1          0
15            28             29         2  0.53516338      1          0
16            30             31         2  0.35792340      1          0
17             0              0         0  0.00000000     -1          1
18            32             33         2  0.08978776      1          0
19             0              0         0  0.00000000     -1          2
20            34             35         2  0.08277772      1          0
21            36             37         2  0.13911531      1          0
22             0              0         0  0.00000000     -1          1
23            38             39         1  0.47680966      1          0
24            40             41         1  0.27259307      1          0
25             0              0         0  0.00000000     -1          2
26            42             43         1  0.92457093      1          0
27             0              0         0  0.00000000     -1          2
28            44             45         1  0.93425028      1          0
29            46             47         1  0.89882186      1          0
30            48             49         1  0.27588091      1          0
31             0              0         0  0.00000000     -1          2
32            50             51         2  0.06899374      1          0
33             0              0         0  0.00000000     -1          1
34             0              0         0  0.00000000     -1          2
35            52             53         1  0.54211440      1          0
36             0              0         0  0.00000000     -1          2
37            54             55         1  0.89120154      1          0
38             0              0         0  0.00000000     -1          1
39             0              0         0  0.00000000     -1          2
40            56             57         2  0.93756111      1          0
41            58             59         1  0.27611718      1          0
42            60             61         2  0.37226377      1          0
43             0              0         0  0.00000000     -1          1
44             0              0         0  0.00000000     -1          1
45             0              0         0  0.00000000     -1          2
46            62             63         1  0.66578805      1          0
47             0              0         0  0.00000000     -1          1
48             0              0         0  0.00000000     -1          1
49             0              0         0  0.00000000     -1          2
50             0              0         0  0.00000000     -1          1
51             0              0         0  0.00000000     -1          2
52             0              0         0  0.00000000     -1          2
53             0              0         0  0.00000000     -1          2
54             0              0         0  0.00000000     -1          1
55             0              0         0  0.00000000     -1          2
56             0              0         0  0.00000000     -1          2
57             0              0         0  0.00000000     -1          1
58             0              0         0  0.00000000     -1          1
59             0              0         0  0.00000000     -1          2
60             0              0         0  0.00000000     -1          1
61             0              0         0  0.00000000     -1          2
62             0              0         0  0.00000000     -1          1
63             0              0         0  0.00000000     -1          1
