   left daughter right daughter split var split point status prediction
1              2              3         2  0.98387090      1          0
2              4              5         1  0.77408260      1          0
3              6              7         2  0.98964926      1          0
4              8              9         2  0.50137672      1          0
5             10             11         2  0.51814233      1          0
6              0              0         0  0.00000000     -1          2
7             12             13         2  0.99696658      1          0
8             14             15         1  0.49925705      1          0
9             16             17         2  0.68279383      1          0
10            18             19         1  0.98926451      1          0
11            20             21         1  0.81445428      1          0
12             0              0         0  0.00000000     -1          2
13             0              0         0  0.00000000     -1          2
14            22             23         2  0.31556575      1          0
15            24             25         2  0.00731097      1          0
16            26             27         1  0.49707771      1          0
17            28             29         2  0.69694925      1          0
18            30             31         1  0.79737546      1          0
19             0              0         0  0.00000000     -1          1
20             0              0         0  0.00000000     -1          1
21            32             33         2  0.67891631      1          0
22            34             35         2  0.30503000      1          0
23            36             37         1  0.48284824      1          0
24             0              0         0  0.00000000     -1          1
25            38             39         1  0.50631283      1          0
26            40             41         1  0.21099813      1          0
27            42             43         2  0.54696161      1          0
28             0              0         0  0.00000000     -1          1
29            44             45         1  0.50237763      1          0
30             0              0         0  0.00000000     -1          2
31            46             47         1  0.87904278      1          0
32             0              0         0  0.00000000     -1          1
33            48             49         2  0.68873472      1          0
34            50             51         1  0.27922564      1          0
35             0              0         0  0.00000000     -1          2
36            52             53         2  0.46209518      1          0
37             0              0         0  0.00000000     -1          2
38             0              0         0  0.00000000     -1          2
39            54             55         2  0.33728185      1          0
40             0              0         0  0.00000000     -1          2
41            56             57         2  0.50943953      1          0
42             0              0         0  0.00000000     -1          1
43            58             59         2  0.64734664      1          0
44            60             61         2  0.89605945      1          0
45            62             63         1  0.68699116      1          0
46             0              0         0  0.00000000     -1          2
47             0              0         0  0.00000000     -1          2
48             0              0         0  0.00000000     -1          2
49             0              0         0  0.00000000     -1          1
50             0              0         0  0.00000000     -1          1
51             0              0         0  0.00000000     -1          1
52             0              0         0  0.00000000     -1          1
53             0              0         0  0.00000000     -1          1
54             0              0         0  0.00000000     -1          2
55             0              0         0  0.00000000     -1          2
56             0              0         0  0.00000000     -1          1
57             0              0         0  0.00000000     -1          2
58             0              0         0  0.00000000     -1          1
59             0              0         0  0.00000000     -1          1
60             0              0         0  0.00000000     -1          2
61             0              0         0  0.00000000     -1          2
62             0              0         0  0.00000000     -1          1
63             0              0         0  0.00000000     -1          1
