   left daughter right daughter split var split point status prediction
1              2              3         2  0.97866010      1          0
2              4              5         2  0.14330623      1          0
3              6              7         1  0.54144803      1          0
4              8              9         2  0.07364703      1          0
5             10             11         1  0.49445514      1          0
6              0              0         0  0.00000000     -1          2
7              0              0         0  0.00000000     -1          2
8             12             13         1  0.48898678      1          0
9             14             15         1  0.51307394      1          0
10            16             17         1  0.21374411      1          0
11            18             19         2  0.50030835      1          0
12            20             21         1  0.34071712      1          0
13            22             23         1  0.96477260      1          0
14            24             25         1  0.37969081      1          0
15            26             27         1  0.62743855      1          0
16            28             29         2  0.49681841      1          0
17            30             31         2  0.51037989      1          0
18            32             33         2  0.14537030      1          0
19            34             35         1  0.81445428      1          0
20            36             37         2  0.05343615      1          0
21             0              0         0  0.00000000     -1          1
22             0              0         0  0.00000000     -1          2
23             0              0         0  0.00000000     -1          1
24            38             39         1  0.28281228      1          0
25             0              0         0  0.00000000     -1          2
26             0              0         0  0.00000000     -1          2
27             0              0         0  0.00000000     -1          2
28            40             41         2  0.31309326      1          0
29            42             43         1  0.04129029      1          0
30            44             45         1  0.22201911      1          0
31            46             47         2  0.53527470      1          0
32             0              0         0  0.00000000     -1          1
33            48             49         1  0.50776613      1          0
34            50             51         2  0.86485473      1          0
35            52             53         2  0.69008278      1          0
36             0              0         0  0.00000000     -1          1
37             0              0         0  0.00000000     -1          1
38             0              0         0  0.00000000     -1          1
39             0              0         0  0.00000000     -1          1
40            54             55         1  0.18338152      1          0
41             0              0         0  0.00000000     -1          1
42            56             57         2  0.84161091      1          0
43            58             59         2  0.62754265      1          0
44             0              0         0  0.00000000     -1          2
45            60             61         2  0.47616160      1          0
46             0              0         0  0.00000000     -1          2
47            62             63         1  0.45571110      1          0
48             0              0         0  0.00000000     -1          1
49             0              0         0  0.00000000     -1          2
50             0              0         0  0.00000000     -1          1
51             0              0         0  0.00000000     -1          1
52             0              0         0  0.00000000     -1          1
53             0              0         0  0.00000000     -1          1
54             0              0         0  0.00000000     -1          1
55             0              0         0  0.00000000     -1          1
56             0              0         0  0.00000000     -1          2
57             0              0         0  0.00000000     -1          1
58             0              0         0  0.00000000     -1          2
59             0              0         0  0.00000000     -1          2
60             0              0         0  0.00000000     -1          1
61             0              0         0  0.00000000     -1          1
62             0              0         0  0.00000000     -1          2
63             0              0         0  0.00000000     -1          2
