   left daughter right daughter split var split point status prediction
1              2              3         2 0.895749334      1          0
2              4              5         1 0.428185263      1          0
3              6              7         1 0.516462529      1          0
4              8              9         1 0.006255719      1          0
5             10             11         1 0.894266207      1          0
6             12             13         2 0.938237143      1          0
7             14             15         2 0.935527131      1          0
8              0              0         0 0.000000000     -1          2
9             16             17         2 0.507181822      1          0
10            18             19         2 0.499050228      1          0
11            20             21         1 0.977797229      1          0
12            22             23         2 0.937122387      1          0
13             0              0         0 0.000000000     -1          2
14             0              0         0 0.000000000     -1          1
15            24             25         1 0.936392501      1          0
16            26             27         1 0.072774222      1          0
17            28             29         2 0.592784837      1          0
18            30             31         2 0.105002510      1          0
19            32             33         2 0.573353718      1          0
20            34             35         1 0.947998784      1          0
21            36             37         1 0.980497684      1          0
22            38             39         1 0.253651729      1          0
23             0              0         0 0.000000000     -1          1
24             0              0         0 0.000000000     -1          1
25             0              0         0 0.000000000     -1          1
26            40             41         2 0.498200865      1          0
27            42             43         2 0.359357036      1          0
28            44             45         2 0.574893542      1          0
29            46             47         2 0.733053881      1          0
30            48             49         2 0.094846098      1          0
31            50             51         1 0.506312829      1          0
32            52             53         1 0.497077712      1          0
33            54             55         2 0.614514300      1          0
34            56             57         2 0.517187968      1          0
35            58             59         1 0.970138902      1          0
36             0              0         0 0.000000000     -1          1
37             0              0         0 0.000000000     -1          1
38             0              0         0 0.000000000     -1          2
39             0              0         0 0.000000000     -1          2
40            60             61         2 0.295193251      1          0
41             0              0         0 0.000000000     -1          2
42            62             63         2 0.356643599      1          0
43             0              0         0 0.000000000     -1          1
44             0              0         0 0.000000000     -1          2
45             0              0         0 0.000000000     -1          1
46             0              0         0 0.000000000     -1          2
47             0              0         0 0.000000000     -1          2
48             0              0         0 0.000000000     -1          2
49             0              0         0 0.000000000     -1          1
50             0              0         0 0.000000000     -1          1
51             0              0         0 0.000000000     -1          2
52             0              0         0 0.000000000     -1          2
53             0              0         0 0.000000000     -1          1
54             0              0         0 0.000000000     -1          1
55             0              0         0 0.000000000     -1          1
56             0              0         0 0.000000000     -1          2
57             0              0         0 0.000000000     -1          1
58             0              0         0 0.000000000     -1          2
59             0              0         0 0.000000000     -1          2
60             0              0         0 0.000000000     -1          1
61             0              0         0 0.000000000     -1          1
62             0              0         0 0.000000000     -1          1
63             0              0         0 0.000000000     -1          2
