   left daughter right daughter split var split point status prediction
1              2              3         1  0.06523487      1          0
2              4              5         1  0.03640714      1          0
3              6              7         2  0.98001846      1          0
4              8              9         2  0.46345593      1          0
5             10             11         2  0.52856001      1          0
6             12             13         1  0.77408260      1          0
7              0              0         0  0.00000000     -1          2
8              0              0         0  0.00000000     -1          1
9             14             15         2  0.74037838      1          0
10             0              0         0  0.00000000     -1          1
11             0              0         0  0.00000000     -1          2
12            16             17         2  0.50984260      1          0
13            18             19         2  0.51814233      1          0
14             0              0         0  0.00000000     -1          2
15             0              0         0  0.00000000     -1          2
16            20             21         2  0.35659080      1          0
17            22             23         2  0.59475966      1          0
18            24             25         2  0.02500759      1          0
19            26             27         2  0.83841615      1          0
20            28             29         1  0.49925705      1          0
21            30             31         2  0.36839951      1          0
22            32             33         1  0.50372724      1          0
23            34             35         1  0.49625096      1          0
24             0              0         0  0.00000000     -1          1
25            36             37         2  0.11396342      1          0
26            38             39         1  0.79946461      1          0
27            40             41         1  0.81758511      1          0
28            42             43         2  0.35531100      1          0
29            44             45         1  0.62920079      1          0
30             0              0         0  0.00000000     -1          1
31            46             47         2  0.37710666      1          0
32            48             49         1  0.42603295      1          0
33            50             51         1  0.66025259      1          0
34            52             53         2  0.67487917      1          0
35            54             55         2  0.65230645      1          0
36             0              0         0  0.00000000     -1          2
37            56             57         1  0.88049751      1          0
38             0              0         0  0.00000000     -1          2
39            58             59         1  0.97485716      1          0
40             0              0         0  0.00000000     -1          2
41            60             61         1  0.93469616      1          0
42            62             63         2  0.10790990      1          0
43             0              0         0  0.00000000     -1          2
44             0              0         0  0.00000000     -1          2
45             0              0         0  0.00000000     -1          2
46             0              0         0  0.00000000     -1          2
47             0              0         0  0.00000000     -1          1
48             0              0         0  0.00000000     -1          2
49             0              0         0  0.00000000     -1          2
50             0              0         0  0.00000000     -1          1
51             0              0         0  0.00000000     -1          1
52             0              0         0  0.00000000     -1          2
53             0              0         0  0.00000000     -1          2
54             0              0         0  0.00000000     -1          1
55             0              0         0  0.00000000     -1          1
56             0              0         0  0.00000000     -1          2
57             0              0         0  0.00000000     -1          2
58             0              0         0  0.00000000     -1          1
59             0              0         0  0.00000000     -1          1
60             0              0         0  0.00000000     -1          1
61             0              0         0  0.00000000     -1          1
62             0              0         0  0.00000000     -1          1
63             0              0         0  0.00000000     -1          1
