   left daughter right daughter split var split point status prediction
1              2              3         2  0.43836620      1          0
2              4              5         1  0.50631283      1          0
3              6              7         2  0.66613176      1          0
4              8              9         1  0.37085953      1          0
5             10             11         1  0.88049751      1          0
6             12             13         2  0.64375088      1          0
7             14             15         2  0.98387090      1          0
8             16             17         1  0.24988196      1          0
9             18             19         1  0.37113903      1          0
10            20             21         2  0.33286714      1          0
11            22             23         1  0.88983548      1          0
12            24             25         1  0.50331286      1          0
13            26             27         2  0.65565868      1          0
14            28             29         1  0.48050369      1          0
15             0              0         0  0.00000000     -1          2
16            30             31         1  0.24835404      1          0
17            32             33         1  0.34429618      1          0
18             0              0         0  0.00000000     -1          2
19            34             35         1  0.39142246      1          0
20            36             37         2  0.08605547      1          0
21            38             39         2  0.33971348      1          0
22             0              0         0  0.00000000     -1          1
23            40             41         1  0.98428900      1          0
24            42             43         1  0.09533460      1          0
25            44             45         2  0.50126249      1          0
26             0              0         0  0.00000000     -1          2
27             0              0         0  0.00000000     -1          2
28            46             47         2  0.89733616      1          0
29            48             49         2  0.71835921      1          0
30            50             51         1  0.21807351      1          0
31             0              0         0  0.00000000     -1          2
32             0              0         0  0.00000000     -1          1
33             0              0         0  0.00000000     -1          1
34             0              0         0  0.00000000     -1          1
35            52             53         2  0.29961379      1          0
36            54             55         1  0.62291896      1          0
37             0              0         0  0.00000000     -1          2
38             0              0         0  0.00000000     -1          1
39            56             57         2  0.37280403      1          0
40            58             59         2  0.18939177      1          0
41             0              0         0  0.00000000     -1          1
42            60             61         2  0.49820087      1          0
43            62             63         1  0.11226079      1          0
44             0              0         0  0.00000000     -1          2
45             0              0         0  0.00000000     -1          1
46             0              0         0  0.00000000     -1          2
47             0              0         0  0.00000000     -1          2
48             0              0         0  0.00000000     -1          1
49             0              0         0  0.00000000     -1          1
50             0              0         0  0.00000000     -1          1
51             0              0         0  0.00000000     -1          1
52             0              0         0  0.00000000     -1          1
53             0              0         0  0.00000000     -1          1
54             0              0         0  0.00000000     -1          2
55             0              0         0  0.00000000     -1          2
56             0              0         0  0.00000000     -1          2
57             0              0         0  0.00000000     -1          2
58             0              0         0  0.00000000     -1          2
59             0              0         0  0.00000000     -1          2
60             0              0         0  0.00000000     -1          1
61             0              0         0  0.00000000     -1          2
62             0              0         0  0.00000000     -1          1
63             0              0         0  0.00000000     -1          2
