   left daughter right daughter split var split point status prediction
1              2              3         2  0.28812886      1          0
2              4              5         2  0.19466640      1          0
3              6              7         1  0.50422434      1          0
4              8              9         2  0.01128165      1          0
5             10             11         2  0.22509051      1          0
6             12             13         2  0.50084470      1          0
7             14             15         2  0.49918430      1          0
8              0              0         0  0.00000000     -1          2
9             16             17         2  0.05498158      1          0
10            18             19         1  0.52054201      1          0
11            20             21         1  0.54211440      1          0
12            22             23         1  0.48563554      1          0
13            24             25         1  0.45444958      1          0
14            26             27         2  0.37198762      1          0
15            28             29         2  0.53516338      1          0
16            30             31         2  0.02163874      1          0
17            32             33         1  0.50725670      1          0
18             0              0         0  0.00000000     -1          2
19             0              0         0  0.00000000     -1          2
20             0              0         0  0.00000000     -1          1
21            34             35         1  0.98508133      1          0
22            36             37         1  0.22182027      1          0
23             0              0         0  0.00000000     -1          2
24            38             39         2  0.82460558      1          0
25            40             41         1  0.46575915      1          0
26            42             43         1  0.51963287      1          0
27            44             45         2  0.45846061      1          0
28            46             47         2  0.52884088      1          0
29            48             49         1  0.69106442      1          0
30             0              0         0  0.00000000     -1          1
31            50             51         1  0.49326133      1          0
32            52             53         1  0.38446530      1          0
33            54             55         1  0.92539047      1          0
34            56             57         2  0.26127126      1          0
35             0              0         0  0.00000000     -1          1
36            58             59         2  0.36019641      1          0
37             0              0         0  0.00000000     -1          1
38            60             61         2  0.50718182      1          0
39            62             63         2  0.83019921      1          0
40             0              0         0  0.00000000     -1          1
41             0              0         0  0.00000000     -1          2
42             0              0         0  0.00000000     -1          1
43             0              0         0  0.00000000     -1          2
44             0              0         0  0.00000000     -1          2
45             0              0         0  0.00000000     -1          2
46             0              0         0  0.00000000     -1          1
47             0              0         0  0.00000000     -1          2
48             0              0         0  0.00000000     -1          1
49             0              0         0  0.00000000     -1          1
50             0              0         0  0.00000000     -1          1
51             0              0         0  0.00000000     -1          2
52             0              0         0  0.00000000     -1          1
53             0              0         0  0.00000000     -1          1
54             0              0         0  0.00000000     -1          2
55             0              0         0  0.00000000     -1          2
56             0              0         0  0.00000000     -1          2
57             0              0         0  0.00000000     -1          2
58             0              0         0  0.00000000     -1          1
59             0              0         0  0.00000000     -1          1
60             0              0         0  0.00000000     -1          2
61             0              0         0  0.00000000     -1          2
62             0              0         0  0.00000000     -1          1
63             0              0         0  0.00000000     -1          2
