   left daughter right daughter split var split point status prediction
1              2              3         1 0.774082603      1          0
2              4              5         1 0.577859602      1          0
3              6              7         1 0.827072502      1          0
4              8              9         1 0.006255719      1          0
5             10             11         1 0.680695511      1          0
6             12             13         2 0.553257736      1          0
7             14             15         1 0.827504799      1          0
8              0              0         0 0.000000000     -1          2
9             16             17         2 0.500818967      1          0
10            18             19         1 0.667361663      1          0
11            20             21         2 0.494656552      1          0
12            22             23         2 0.359656864      1          0
13             0              0         0 0.000000000     -1          1
14             0              0         0 0.000000000     -1          1
15            24             25         2 0.458460614      1          0
16            26             27         1 0.508709996      1          0
17            28             29         1 0.500343581      1          0
18            30             31         1 0.665788051      1          0
19            32             33         2 0.269546274      1          0
20            34             35         2 0.102985588      1          0
21            36             37         2 0.628943896      1          0
22             0              0         0 0.000000000     -1          2
23             0              0         0 0.000000000     -1          2
24            38             39         2 0.113963418      1          0
25            40             41         2 0.878831833      1          0
26            42             43         2 0.035644945      1          0
27            44             45         2 0.030088943      1          0
28            46             47         2 0.624869086      1          0
29            48             49         1 0.571305366      1          0
30            50             51         1 0.644978133      1          0
31             0              0         0 0.000000000     -1          2
32             0              0         0 0.000000000     -1          2
33             0              0         0 0.000000000     -1          1
34             0              0         0 0.000000000     -1          2
35             0              0         0 0.000000000     -1          2
36             0              0         0 0.000000000     -1          1
37            52             53         2 0.663217866      1          0
38             0              0         0 0.000000000     -1          2
39            54             55         2 0.116032194      1          0
40            56             57         1 0.843989929      1          0
41             0              0         0 0.000000000     -1          1
42             0              0         0 0.000000000     -1          1
43            58             59         2 0.314413378      1          0
44             0              0         0 0.000000000     -1          1
45            60             61         1 0.540684524      1          0
46             0              0         0 0.000000000     -1          2
47            62             63         1 0.454449576      1          0
48             0              0         0 0.000000000     -1          1
49             0              0         0 0.000000000     -1          2
50             0              0         0 0.000000000     -1          1
51             0              0         0 0.000000000     -1          1
52             0              0         0 0.000000000     -1          2
53             0              0         0 0.000000000     -1          1
54             0              0         0 0.000000000     -1          1
55             0              0         0 0.000000000     -1          2
56             0              0         0 0.000000000     -1          2
57             0              0         0 0.000000000     -1          1
58             0              0         0 0.000000000     -1          1
59             0              0         0 0.000000000     -1          1
60             0              0         0 0.000000000     -1          2
61             0              0         0 0.000000000     -1          2
62             0              0         0 0.000000000     -1          2
63             0              0         0 0.000000000     -1          2
