   left daughter right daughter split var split point status prediction
1              2              3         1  0.76768772      1          0
2              4              5         2  0.51718738      1          0
3              6              7         2  0.51814233      1          0
4              8              9         1  0.50725670      1          0
5             10             11         1  0.49968779      1          0
6             12             13         2  0.02390153      1          0
7             14             15         1  0.80000645      1          0
8             16             17         2  0.50081897      1          0
9             18             19         2  0.49225298      1          0
10            20             21         1  0.45444958      1          0
11            22             23         2  0.54194717      1          0
12             0              0         0  0.00000000     -1          2
13            24             25         1  0.93303580      1          0
14             0              0         0  0.00000000     -1          1
15            26             27         1  0.89763879      1          0
16            28             29         1  0.24988196      1          0
17             0              0         0  0.00000000     -1          2
18            30             31         1  0.66951086      1          0
19             0              0         0  0.00000000     -1          1
20            32             33         1  0.25719074      1          0
21             0              0         0  0.00000000     -1          2
22             0              0         0  0.00000000     -1          1
23            34             35         1  0.68699116      1          0
24            36             37         1  0.92522564      1          0
25             0              0         0  0.00000000     -1          2
26            38             39         2  0.88033997      1          0
27            40             41         1  0.90907060      1          0
28            42             43         2  0.31471656      1          0
29            44             45         1  0.49925705      1          0
30            46             47         2  0.03008894      1          0
31             0              0         0  0.00000000     -1          2
32            48             49         2  0.79605253      1          0
33            50             51         1  0.26539097      1          0
34            52             53         2  0.65230645      1          0
35            54             55         1  0.69842051      1          0
36            56             57         1  0.79737546      1          0
37             0              0         0  0.00000000     -1          1
38            58             59         1  0.84761778      1          0
39             0              0         0  0.00000000     -1          1
40             0              0         0  0.00000000     -1          2
41            60             61         1  0.97449956      1          0
42            62             63         2  0.29124239      1          0
43             0              0         0  0.00000000     -1          1
44             0              0         0  0.00000000     -1          1
45             0              0         0  0.00000000     -1          1
46             0              0         0  0.00000000     -1          1
47             0              0         0  0.00000000     -1          2
48             0              0         0  0.00000000     -1          2
49             0              0         0  0.00000000     -1          2
50             0              0         0  0.00000000     -1          1
51             0              0         0  0.00000000     -1          2
52             0              0         0  0.00000000     -1          1
53             0              0         0  0.00000000     -1          1
54             0              0         0  0.00000000     -1          2
55             0              0         0  0.00000000     -1          1
56             0              0         0  0.00000000     -1          2
57             0              0         0  0.00000000     -1          2
58             0              0         0  0.00000000     -1          1
59             0              0         0  0.00000000     -1          1
60             0              0         0  0.00000000     -1          1
61             0              0         0  0.00000000     -1          1
62             0              0         0  0.00000000     -1          1
63             0              0         0  0.00000000     -1          2
