   left daughter right daughter split var split point status prediction
1              2              3         2 0.987443063      1          0
2              4              5         2 0.985881571      1          0
3              6              7         1 0.510526322      1          0
4              8              9         1 0.054467283      1          0
5              0              0         0 0.000000000     -1          1
6              0              0         0 0.000000000     -1          2
7              0              0         0 0.000000000     -1          1
8             10             11         1 0.041290294      1          0
9             12             13         1 0.695770412      1          0
10            14             15         2 0.463455933      1          0
11             0              0         0 0.000000000     -1          2
12            16             17         2 0.499728012      1          0
13            18             19         2 0.501262486      1          0
14             0              0         0 0.000000000     -1          1
15            20             21         2 0.872278442      1          0
16            22             23         1 0.485625218      1          0
17            24             25         1 0.502377629      1          0
18            26             27         1 0.857883625      1          0
19            28             29         1 0.712360958      1          0
20             0              0         0 0.000000000     -1          2
21             0              0         0 0.000000000     -1          2
22            30             31         1 0.213744105      1          0
23            32             33         2 0.006369991      1          0
24            34             35         1 0.238865022      1          0
25            36             37         1 0.653415543      1          0
26            38             39         1 0.719916800      1          0
27            40             41         2 0.458460614      1          0
28             0              0         0 0.000000000     -1          1
29            42             43         1 0.898328088      1          0
30            44             45         1 0.084486962      1          0
31            46             47         2 0.359357036      1          0
32             0              0         0 0.000000000     -1          1
33            48             49         1 0.508709996      1          0
34            50             51         2 0.867592211      1          0
35            52             53         2 0.510088879      1          0
36            54             55         2 0.660926670      1          0
37            56             57         1 0.658627451      1          0
38             0              0         0 0.000000000     -1          2
39             0              0         0 0.000000000     -1          2
40            58             59         1 0.863204353      1          0
41             0              0         0 0.000000000     -1          1
42            60             61         2 0.863925210      1          0
43            62             63         1 0.905931870      1          0
44             0              0         0 0.000000000     -1          1
45             0              0         0 0.000000000     -1          1
46             0              0         0 0.000000000     -1          1
47             0              0         0 0.000000000     -1          1
48             0              0         0 0.000000000     -1          1
49             0              0         0 0.000000000     -1          2
50             0              0         0 0.000000000     -1          2
51             0              0         0 0.000000000     -1          2
52             0              0         0 0.000000000     -1          1
53             0              0         0 0.000000000     -1          2
54             0              0         0 0.000000000     -1          1
55             0              0         0 0.000000000     -1          1
56             0              0         0 0.000000000     -1          2
57             0              0         0 0.000000000     -1          1
58             0              0         0 0.000000000     -1          1
59             0              0         0 0.000000000     -1          2
60             0              0         0 0.000000000     -1          1
61             0              0         0 0.000000000     -1          1
62             0              0         0 0.000000000     -1          2
63             0              0         0 0.000000000     -1          1
