   left daughter right daughter split var split point status prediction
1              2              3         2 0.082777721      1          0
2              4              5         1 0.479300267      1          0
3              6              7         2 0.510761898      1          0
4              8              9         2 0.051823372      1          0
5             10             11         2 0.005548306      1          0
6             12             13         2 0.342633964      1          0
7             14             15         1 0.496250956      1          0
8             16             17         2 0.026246738      1          0
9              0              0         0 0.000000000     -1          2
10             0              0         0 0.000000000     -1          1
11            18             19         1 0.576387671      1          0
12            20             21         1 0.508709996      1          0
13            22             23         1 0.490707503      1          0
14            24             25         1 0.156515570      1          0
15            26             27         1 0.512025578      1          0
16             0              0         0 0.000000000     -1          1
17             0              0         0 0.000000000     -1          1
18             0              0         0 0.000000000     -1          2
19             0              0         0 0.000000000     -1          2
20            28             29         2 0.293144329      1          0
21            30             31         2 0.086055467      1          0
22            32             33         1 0.435220718      1          0
23            34             35         1 0.682115889      1          0
24            36             37         1 0.041951869      1          0
25            38             39         1 0.159470831      1          0
26             0              0         0 0.000000000     -1          1
27            40             41         2 0.535163377      1          0
28            42             43         1 0.279225645      1          0
29            44             45         2 0.296143526      1          0
30             0              0         0 0.000000000     -1          1
31            46             47         1 0.983207506      1          0
32            48             49         2 0.500844696      1          0
33             0              0         0 0.000000000     -1          1
34            50             51         1 0.649404352      1          0
35            52             53         2 0.499184296      1          0
36            54             55         2 0.740378376      1          0
37             0              0         0 0.000000000     -1          2
38             0              0         0 0.000000000     -1          1
39            56             57         2 0.776384063      1          0
40             0              0         0 0.000000000     -1          1
41            58             59         1 0.666090228      1          0
42            60             61         2 0.122527071      1          0
43             0              0         0 0.000000000     -1          1
44             0              0         0 0.000000000     -1          2
45            62             63         2 0.308789806      1          0
46             0              0         0 0.000000000     -1          2
47             0              0         0 0.000000000     -1          2
48             0              0         0 0.000000000     -1          1
49             0              0         0 0.000000000     -1          2
50             0              0         0 0.000000000     -1          2
51             0              0         0 0.000000000     -1          1
52             0              0         0 0.000000000     -1          2
53             0              0         0 0.000000000     -1          1
54             0              0         0 0.000000000     -1          2
55             0              0         0 0.000000000     -1          2
56             0              0         0 0.000000000     -1          2
57             0              0         0 0.000000000     -1          2
58             0              0         0 0.000000000     -1          1
59             0              0         0 0.000000000     -1          1
60             0              0         0 0.000000000     -1          1
61             0              0         0 0.000000000     -1          1
62             0              0         0 0.000000000     -1          1
63             0              0         0 0.000000000     -1          1
