   left daughter right daughter split var split point status prediction
1              2              3         1 0.731987820      1          0
2              4              5         1 0.014966261      1          0
3              6              7         2 0.499184296      1          0
4              8              9         2 0.466857345      1          0
5             10             11         2 0.510883680      1          0
6             12             13         2 0.360018372      1          0
7             14             15         1 0.933061173      1          0
8              0              0         0 0.000000000     -1          1
9              0              0         0 0.000000000     -1          2
10            16             17         1 0.486435576      1          0
11            18             19         2 0.992432954      1          0
12            20             21         1 0.886774205      1          0
13             0              0         0 0.000000000     -1          2
14            22             23         1 0.841081227      1          0
15            24             25         1 0.938279239      1          0
16            26             27         2 0.111538659      1          0
17            28             29         2 0.488099251      1          0
18            30             31         2 0.991331661      1          0
19             0              0         0 0.000000000     -1          2
20            32             33         2 0.359656864      1          0
21            34             35         1 0.891201540      1          0
22            36             37         2 0.519348301      1          0
23            38             39         2 0.740494435      1          0
24             0              0         0 0.000000000     -1          2
25            40             41         2 0.536008090      1          0
26            42             43         2 0.079357439      1          0
27            44             45         1 0.183381525      1          0
28            46             47         2 0.005548306      1          0
29             0              0         0 0.000000000     -1          1
30            48             49         2 0.959519564      1          0
31             0              0         0 0.000000000     -1          1
32             0              0         0 0.000000000     -1          2
33             0              0         0 0.000000000     -1          1
34             0              0         0 0.000000000     -1          1
35            50             51         1 0.989264514      1          0
36             0              0         0 0.000000000     -1          2
37            52             53         1 0.817097259      1          0
38            54             55         1 0.918042235      1          0
39             0              0         0 0.000000000     -1          1
40             0              0         0 0.000000000     -1          2
41            56             57         2 0.933859121      1          0
42            58             59         2 0.057851210      1          0
43             0              0         0 0.000000000     -1          1
44             0              0         0 0.000000000     -1          1
45            60             61         1 0.185421643      1          0
46             0              0         0 0.000000000     -1          1
47            62             63         1 0.508709996      1          0
48             0              0         0 0.000000000     -1          2
49             0              0         0 0.000000000     -1          2
50             0              0         0 0.000000000     -1          2
51             0              0         0 0.000000000     -1          2
52             0              0         0 0.000000000     -1          1
53             0              0         0 0.000000000     -1          1
54             0              0         0 0.000000000     -1          1
55             0              0         0 0.000000000     -1          2
56             0              0         0 0.000000000     -1          1
57             0              0         0 0.000000000     -1          2
58             0              0         0 0.000000000     -1          1
59             0              0         0 0.000000000     -1          1
60             0              0         0 0.000000000     -1          2
61             0              0         0 0.000000000     -1          1
62             0              0         0 0.000000000     -1          1
63             0              0         0 0.000000000     -1          2
