   left daughter right daughter split var split point status prediction
1              2              3         1 0.060020016      1          0
2              4              5         2 0.457083870      1          0
3              6              7         1 0.406589420      1          0
4              0              0         0 0.000000000     -1          1
5              8              9         2 0.871303917      1          0
6             10             11         1 0.185421643      1          0
7             12             13         1 0.411763564      1          0
8              0              0         0 0.000000000     -1          2
9              0              0         0 0.000000000     -1          2
10            14             15         1 0.164558918      1          0
11            16             17         1 0.209958291      1          0
12             0              0         0 0.000000000     -1          2
13            18             19         2 0.488176797      1          0
14            20             21         2 0.501350986      1          0
15            22             23         1 0.180570893      1          0
16            24             25         1 0.189286087      1          0
17            26             27         1 0.351132372      1          0
18            28             29         1 0.482848242      1          0
19            30             31         1 0.500343581      1          0
20            32             33         1 0.084766099      1          0
21            34             35         1 0.156027119      1          0
22            36             37         2 0.463436404      1          0
23             0              0         0 0.000000000     -1          2
24             0              0         0 0.000000000     -1          1
25             0              0         0 0.000000000     -1          1
26            38             39         2 0.493864474      1          0
27            40             41         1 0.395178893      1          0
28            42             43         1 0.442013380      1          0
29            44             45         2 0.458460614      1          0
30            46             47         2 0.536715078      1          0
31            48             49         2 0.990705500      1          0
32             0              0         0 0.000000000     -1          1
33            50             51         1 0.132426265      1          0
34             0              0         0 0.000000000     -1          2
35             0              0         0 0.000000000     -1          2
36             0              0         0 0.000000000     -1          1
37             0              0         0 0.000000000     -1          2
38            52             53         2 0.037840373      1          0
39            54             55         2 0.737431808      1          0
40            56             57         1 0.391422456      1          0
41             0              0         0 0.000000000     -1          1
42             0              0         0 0.000000000     -1          1
43             0              0         0 0.000000000     -1          1
44            58             59         2 0.005548306      1          0
45             0              0         0 0.000000000     -1          2
46             0              0         0 0.000000000     -1          2
47            60             61         2 0.643447875      1          0
48            62             63         2 0.496433524      1          0
49             0              0         0 0.000000000     -1          2
50             0              0         0 0.000000000     -1          1
51             0              0         0 0.000000000     -1          1
52             0              0         0 0.000000000     -1          2
53             0              0         0 0.000000000     -1          1
54             0              0         0 0.000000000     -1          2
55             0              0         0 0.000000000     -1          2
56             0              0         0 0.000000000     -1          1
57             0              0         0 0.000000000     -1          2
58             0              0         0 0.000000000     -1          1
59             0              0         0 0.000000000     -1          2
60             0              0         0 0.000000000     -1          2
61             0              0         0 0.000000000     -1          2
62             0              0         0 0.000000000     -1          2
63             0              0         0 0.000000000     -1          1
