   left daughter right daughter split var split point status prediction
1              2              3         1 0.985743775      1          0
2              4              5         1 0.006255719      1          0
3              0              0         0 0.000000000     -1          2
4              0              0         0 0.000000000     -1          2
5              6              7         1 0.006602222      1          0
6              0              0         0 0.000000000     -1          1
7              8              9         1 0.023640080      1          0
8              0              0         0 0.000000000     -1          2
9             10             11         1 0.042176439      1          0
10            12             13         1 0.039380999      1          0
11            14             15         2 0.997529398      1          0
12             0              0         0 0.000000000     -1          1
13             0              0         0 0.000000000     -1          1
14            16             17         2 0.330028603      1          0
15             0              0         0 0.000000000     -1          2
16            18             19         1 0.499257047      1          0
17            20             21         2 0.392023530      1          0
18            22             23         2 0.313942461      1          0
19            24             25         2 0.304516423      1          0
20            26             27         1 0.510540929      1          0
21            28             29         2 0.409493245      1          0
22            30             31         1 0.279225645      1          0
23             0              0         0 0.000000000     -1          1
24            32             33         1 0.719916800      1          0
25             0              0         0 0.000000000     -1          2
26            34             35         2 0.359357036      1          0
27            36             37         2 0.360175500      1          0
28            38             39         1 0.400260324      1          0
29            40             41         2 0.419676626      1          0
30            42             43         2 0.245452506      1          0
31            44             45         1 0.387277915      1          0
32            46             47         1 0.713089545      1          0
33             0              0         0 0.000000000     -1          2
34             0              0         0 0.000000000     -1          1
35             0              0         0 0.000000000     -1          1
36             0              0         0 0.000000000     -1          2
37             0              0         0 0.000000000     -1          2
38             0              0         0 0.000000000     -1          1
39             0              0         0 0.000000000     -1          2
40             0              0         0 0.000000000     -1          1
41            48             49         1 0.500343581      1          0
42            50             51         2 0.238166843      1          0
43             0              0         0 0.000000000     -1          1
44             0              0         0 0.000000000     -1          1
45            52             53         1 0.388837434      1          0
46            54             55         1 0.612822201      1          0
47             0              0         0 0.000000000     -1          1
48            56             57         1 0.190942413      1          0
49            58             59         2 0.499184296      1          0
50            60             61         2 0.023014108      1          0
51             0              0         0 0.000000000     -1          2
52             0              0         0 0.000000000     -1          2
53             0              0         0 0.000000000     -1          1
54             0              0         0 0.000000000     -1          2
55            62             63         1 0.615254484      1          0
56             0              0         0 0.000000000     -1          2
57             0              0         0 0.000000000     -1          2
58             0              0         0 0.000000000     -1          2
59             0              0         0 0.000000000     -1          1
60             0              0         0 0.000000000     -1          1
61             0              0         0 0.000000000     -1          1
62             0              0         0 0.000000000     -1          1
63             0              0         0 0.000000000     -1          2
