   left daughter right daughter split var split point status prediction
1              2              3         2  0.96744048      1          0
2              4              5         2  0.94154031      1          0
3              6              7         2  0.97100395      1          0
4              8              9         1  0.40475597      1          0
5             10             11         1  0.51870800      1          0
6              0              0         0  0.00000000     -1          2
7             12             13         1  0.52775990      1          0
8             14             15         1  0.35064558      1          0
9             16             17         1  0.97675654      1          0
10             0              0         0  0.00000000     -1          2
11             0              0         0  0.00000000     -1          1
12             0              0         0  0.00000000     -1          2
13             0              0         0  0.00000000     -1          1
14            18             19         2  0.50084470      1          0
15            20             21         1  0.37494017      1          0
16            22             23         1  0.83140250      1          0
17             0              0         0  0.00000000     -1          1
18            24             25         2  0.31734506      1          0
19            26             27         2  0.58806194      1          0
20            28             29         1  0.37225192      1          0
21            30             31         2  0.50233955      1          0
22            32             33         1  0.82707250      1          0
23            34             35         2  0.53516338      1          0
24            36             37         2  0.30463579      1          0
25            38             39         2  0.46209518      1          0
26             0              0         0  0.00000000     -1          2
27            40             41         1  0.27346305      1          0
28            42             43         2  0.53231477      1          0
29             0              0         0  0.00000000     -1          2
30             0              0         0  0.00000000     -1          1
31             0              0         0  0.00000000     -1          2
32            44             45         1  0.69514521      1          0
33             0              0         0  0.00000000     -1          1
34            46             47         2  0.02339012      1          0
35            48             49         1  0.89598201      1          0
36            50             51         2  0.11229668      1          0
37             0              0         0  0.00000000     -1          2
38             0              0         0  0.00000000     -1          1
39            52             53         1  0.30365654      1          0
40            54             55         1  0.16931239      1          0
41            56             57         1  0.27672363      1          0
42            58             59         2  0.10411932      1          0
43             0              0         0  0.00000000     -1          2
44            60             61         2  0.57707854      1          0
45            62             63         1  0.69620978      1          0
46             0              0         0  0.00000000     -1          1
47             0              0         0  0.00000000     -1          2
48             0              0         0  0.00000000     -1          1
49             0              0         0  0.00000000     -1          1
50             0              0         0  0.00000000     -1          1
51             0              0         0  0.00000000     -1          1
52             0              0         0  0.00000000     -1          1
53             0              0         0  0.00000000     -1          2
54             0              0         0  0.00000000     -1          2
55             0              0         0  0.00000000     -1          2
56             0              0         0  0.00000000     -1          1
57             0              0         0  0.00000000     -1          2
58             0              0         0  0.00000000     -1          1
59             0              0         0  0.00000000     -1          1
60             0              0         0  0.00000000     -1          2
61             0              0         0  0.00000000     -1          1
62             0              0         0  0.00000000     -1          1
63             0              0         0  0.00000000     -1          2
