   left daughter right daughter split var split point status prediction
1              2              3         1  0.01250367      1          0
2              0              0         0  0.00000000     -1          2
3              4              5         2  0.98387090      1          0
4              6              7         2  0.93712239      1          0
5              0              0         0  0.00000000     -1          2
6              8              9         1  0.52507338      1          0
7             10             11         2  0.94096637      1          0
8             12             13         2  0.50135099      1          0
9             14             15         1  0.98923229      1          0
10             0              0         0  0.00000000     -1          1
11            16             17         2  0.94280538      1          0
12            18             19         1  0.49925705      1          0
13            20             21         1  0.50034358      1          0
14            22             23         1  0.60629557      1          0
15             0              0         0  0.00000000     -1          1
16             0              0         0  0.00000000     -1          2
17            24             25         1  0.52233426      1          0
18            26             27         1  0.21544082      1          0
19             0              0         0  0.00000000     -1          2
20            28             29         1  0.04129029      1          0
21            30             31         1  0.51180638      1          0
22            32             33         2  0.50503684      1          0
23            34             35         2  0.49918430      1          0
24             0              0         0  0.00000000     -1          2
25             0              0         0  0.00000000     -1          1
26            36             37         1  0.21374411      1          0
27            38             39         2  0.14385259      1          0
28            40             41         1  0.03814657      1          0
29            42             43         1  0.21908506      1          0
30             0              0         0  0.00000000     -1          1
31             0              0         0  0.00000000     -1          1
32            44             45         2  0.24159362      1          0
33            46             47         1  0.59326398      1          0
34            48             49         1  0.88049751      1          0
35            50             51         2  0.53516338      1          0
36            52             53         2  0.11229668      1          0
37             0              0         0  0.00000000     -1          2
38            54             55         1  0.38883743      1          0
39            56             57         1  0.31091736      1          0
40             0              0         0  0.00000000     -1          2
41             0              0         0  0.00000000     -1          1
42            58             59         2  0.62754265      1          0
43            60             61         2  0.50943953      1          0
44             0              0         0  0.00000000     -1          2
45            62             63         2  0.26257731      1          0
46             0              0         0  0.00000000     -1          1
47             0              0         0  0.00000000     -1          2
48             0              0         0  0.00000000     -1          2
49             0              0         0  0.00000000     -1          2
50             0              0         0  0.00000000     -1          1
51             0              0         0  0.00000000     -1          1
52             0              0         0  0.00000000     -1          1
53             0              0         0  0.00000000     -1          1
54             0              0         0  0.00000000     -1          1
55             0              0         0  0.00000000     -1          1
56             0              0         0  0.00000000     -1          1
57             0              0         0  0.00000000     -1          1
58             0              0         0  0.00000000     -1          2
59             0              0         0  0.00000000     -1          2
60             0              0         0  0.00000000     -1          1
61             0              0         0  0.00000000     -1          2
62             0              0         0  0.00000000     -1          1
63             0              0         0  0.00000000     -1          2
