   left daughter right daughter split var split point status prediction
1              2              3         2  0.96744048      1          0
2              4              5         1  0.67594479      1          0
3              6              7         2  0.98305517      1          0
4              8              9         1  0.61282220      1          0
5             10             11         1  0.98923229      1          0
6              0              0         0  0.00000000     -1          2
7              0              0         0  0.00000000     -1          2
8             12             13         1  0.20627105      1          0
9             14             15         2  0.37012458      1          0
10            16             17         2  0.50060319      1          0
11             0              0         0  0.00000000     -1          1
12            18             19         2  0.50135099      1          0
13            20             21         2  0.50956131      1          0
14            22             23         1  0.61525448      1          0
15            24             25         2  0.43399944      1          0
16            26             27         1  0.79592247      1          0
17            28             29         2  0.65330960      1          0
18            30             31         1  0.13490301      1          0
19            32             33         1  0.16706097      1          0
20            34             35         1  0.49925705      1          0
21            36             37         2  0.91461198      1          0
22             0              0         0  0.00000000     -1          1
23            38             39         2  0.26175356      1          0
24             0              0         0  0.00000000     -1          1
25             0              0         0  0.00000000     -1          1
26             0              0         0  0.00000000     -1          2
27            40             41         2  0.02062010      1          0
28            42             43         1  0.97239983      1          0
29            44             45         1  0.79830367      1          0
30            46             47         1  0.08448696      1          0
31            48             49         1  0.13605584      1          0
32            50             51         1  0.04129029      1          0
33             0              0         0  0.00000000     -1          2
34            52             53         1  0.22186955      1          0
35            54             55         1  0.54068452      1          0
36            56             57         1  0.51180638      1          0
37            58             59         2  0.93656847      1          0
38             0              0         0  0.00000000     -1          2
39             0              0         0  0.00000000     -1          2
40             0              0         0  0.00000000     -1          2
41            60             61         2  0.36001837      1          0
42             0              0         0  0.00000000     -1          1
43             0              0         0  0.00000000     -1          2
44            62             63         1  0.76913626      1          0
45             0              0         0  0.00000000     -1          1
46             0              0         0  0.00000000     -1          1
47             0              0         0  0.00000000     -1          1
48             0              0         0  0.00000000     -1          2
49             0              0         0  0.00000000     -1          1
50             0              0         0  0.00000000     -1          2
51             0              0         0  0.00000000     -1          2
52             0              0         0  0.00000000     -1          1
53             0              0         0  0.00000000     -1          1
54             0              0         0  0.00000000     -1          2
55             0              0         0  0.00000000     -1          2
56             0              0         0  0.00000000     -1          2
57             0              0         0  0.00000000     -1          1
58             0              0         0  0.00000000     -1          1
59             0              0         0  0.00000000     -1          1
60             0              0         0  0.00000000     -1          2
61             0              0         0  0.00000000     -1          2
62             0              0         0  0.00000000     -1          1
63             0              0         0  0.00000000     -1          2
