   left daughter right daughter split var split point status prediction
1              2              3         2  0.96744048      1          0
2              4              5         2  0.93768737      1          0
3              6              7         2  0.99752940      1          0
4              8              9         2  0.89733616      1          0
5             10             11         1  0.47694297      1          0
6             12             13         1  0.54144803      1          0
7              0              0         0  0.00000000     -1          2
8             14             15         1  0.52448454      1          0
9             16             17         2  0.91035267      1          0
10             0              0         0  0.00000000     -1          2
11             0              0         0  0.00000000     -1          1
12             0              0         0  0.00000000     -1          2
13             0              0         0  0.00000000     -1          1
14            18             19         1  0.06002002      1          0
15            20             21         1  0.53642536      1          0
16             0              0         0  0.00000000     -1          2
17            22             23         2  0.91516072      1          0
18            24             25         1  0.05294224      1          0
19            26             27         2  0.50081897      1          0
20            28             29         1  0.52966509      1          0
21            30             31         1  0.94636516      1          0
22             0              0         0  0.00000000     -1          1
23            32             33         2  0.93712239      1          0
24            34             35         1  0.01250367      1          0
25             0              0         0  0.00000000     -1          2
26            36             37         1  0.50725670      1          0
27            38             39         1  0.49625096      1          0
28             0              0         0  0.00000000     -1          2
29             0              0         0  0.00000000     -1          2
30            40             41         1  0.91503626      1          0
31            42             43         2  0.53794828      1          0
32            44             45         1  0.54263388      1          0
33             0              0         0  0.00000000     -1          1
34             0              0         0  0.00000000     -1          2
35            46             47         2  0.49820087      1          0
36            48             49         2  0.20676215      1          0
37             0              0         0  0.00000000     -1          2
38            50             51         1  0.41176356      1          0
39             0              0         0  0.00000000     -1          1
40            52             53         2  0.49918430      1          0
41            54             55         2  0.16366589      1          0
42            56             57         1  0.98428900      1          0
43             0              0         0  0.00000000     -1          1
44             0              0         0  0.00000000     -1          2
45             0              0         0  0.00000000     -1          2
46             0              0         0  0.00000000     -1          1
47            58             59         1  0.03527042      1          0
48            60             61         1  0.21812279      1          0
49            62             63         2  0.35802444      1          0
50             0              0         0  0.00000000     -1          2
51             0              0         0  0.00000000     -1          2
52             0              0         0  0.00000000     -1          2
53             0              0         0  0.00000000     -1          1
54             0              0         0  0.00000000     -1          2
55             0              0         0  0.00000000     -1          1
56             0              0         0  0.00000000     -1          2
57             0              0         0  0.00000000     -1          2
58             0              0         0  0.00000000     -1          2
59             0              0         0  0.00000000     -1          2
60             0              0         0  0.00000000     -1          1
61             0              0         0  0.00000000     -1          1
62             0              0         0  0.00000000     -1          1
63             0              0         0  0.00000000     -1          1
