   left daughter right daughter split var split point status prediction
1              2              3         2  0.99761569      1          0
2              4              5         1  0.06141157      1          0
3              0              0         0  0.00000000     -1          2
4              6              7         2  0.50723327      1          0
5              8              9         2  0.78626519      1          0
6             10             11         1  0.05261569      1          0
7             12             13         1  0.04014219      1          0
8             14             15         2  0.71705179      1          0
9             16             17         2  0.80509250      1          0
10             0              0         0  0.00000000     -1          1
11             0              0         0  0.00000000     -1          2
12             0              0         0  0.00000000     -1          2
13             0              0         0  0.00000000     -1          2
14            18             19         2  0.24339732      1          0
15            20             21         2  0.71835921      1          0
16             0              0         0  0.00000000     -1          1
17            22             23         1  0.49187603      1          0
18            24             25         1  0.50287265      1          0
19            26             27         1  0.40938716      1          0
20             0              0         0  0.00000000     -1          2
21            28             29         1  0.50746461      1          0
22            30             31         1  0.32401082      1          0
23            32             33         2  0.99070550      1          0
24            34             35         1  0.26217228      1          0
25            36             37         1  0.61778991      1          0
26            38             39         2  0.50084470      1          0
27            40             41         1  0.42973334      1          0
28            42             43         2  0.73716735      1          0
29             0              0         0  0.00000000     -1          1
30            44             45         1  0.32195408      1          0
31             0              0         0  0.00000000     -1          2
32            46             47         1  0.93469616      1          0
33             0              0         0  0.00000000     -1          1
34            48             49         1  0.24428084      1          0
35            50             51         1  0.38911710      1          0
36            52             53         1  0.60500397      1          0
37            54             55         1  0.98019097      1          0
38            56             57         1  0.21368606      1          0
39            58             59         2  0.62219315      1          0
40             0              0         0  0.00000000     -1          2
41            60             61         2  0.49918430      1          0
42             0              0         0  0.00000000     -1          2
43            62             63         2  0.77803683      1          0
44             0              0         0  0.00000000     -1          2
45             0              0         0  0.00000000     -1          1
46             0              0         0  0.00000000     -1          1
47             0              0         0  0.00000000     -1          1
48             0              0         0  0.00000000     -1          1
49             0              0         0  0.00000000     -1          2
50             0              0         0  0.00000000     -1          1
51             0              0         0  0.00000000     -1          1
52             0              0         0  0.00000000     -1          2
53             0              0         0  0.00000000     -1          1
54             0              0         0  0.00000000     -1          2
55             0              0         0  0.00000000     -1          2
56             0              0         0  0.00000000     -1          1
57             0              0         0  0.00000000     -1          1
58             0              0         0  0.00000000     -1          2
59             0              0         0  0.00000000     -1          2
60             0              0         0  0.00000000     -1          2
61             0              0         0  0.00000000     -1          1
62             0              0         0  0.00000000     -1          2
63             0              0         0  0.00000000     -1          2
