   left daughter right daughter split var split point status prediction
1              2              3         2 0.989649262      1          0
2              4              5         1 0.127656896      1          0
3              6              7         2 0.996966585      1          0
4              8              9         1 0.014890203      1          0
5             10             11         1 0.215121721      1          0
6              0              0         0 0.000000000     -1          2
7              0              0         0 0.000000000     -1          2
8              0              0         0 0.000000000     -1          2
9             12             13         2 0.501350986      1          0
10            14             15         1 0.198675548      1          0
11            16             17         2 0.465654676      1          0
12            18             19         1 0.054403842      1          0
13            20             21         1 0.036266659      1          0
14            22             23         2 0.495354295      1          0
15             0              0         0 0.000000000     -1          1
16            24             25         2 0.451356087      1          0
17            26             27         1 0.498157553      1          0
18            28             29         1 0.052942242      1          0
19             0              0         0 0.000000000     -1          1
20             0              0         0 0.000000000     -1          2
21             0              0         0 0.000000000     -1          2
22            30             31         1 0.194184502      1          0
23            32             33         1 0.165382564      1          0
24            34             35         1 0.491957364      1          0
25             0              0         0 0.000000000     -1          2
26            36             37         2 0.500844696      1          0
27            38             39         2 0.500308353      1          0
28             0              0         0 0.000000000     -1          1
29             0              0         0 0.000000000     -1          2
30            40             41         1 0.165723312      1          0
31             0              0         0 0.000000000     -1          2
32             0              0         0 0.000000000     -1          2
33             0              0         0 0.000000000     -1          2
34            42             43         2 0.358788030      1          0
35            44             45         1 0.508978402      1          0
36             0              0         0 0.000000000     -1          1
37            46             47         1 0.479720379      1          0
38             0              0         0 0.000000000     -1          2
39            48             49         1 0.731988912      1          0
40             0              0         0 0.000000000     -1          1
41            50             51         2 0.070169251      1          0
42            52             53         1 0.279225645      1          0
43             0              0         0 0.000000000     -1          1
44             0              0         0 0.000000000     -1          2
45            54             55         2 0.005548306      1          0
46            56             57         2 0.831001835      1          0
47             0              0         0 0.000000000     -1          2
48            58             59         1 0.729965918      1          0
49            60             61         2 0.678916312      1          0
50             0              0         0 0.000000000     -1          2
51            62             63         1 0.185421643      1          0
52             0              0         0 0.000000000     -1          1
53             0              0         0 0.000000000     -1          1
54             0              0         0 0.000000000     -1          1
55             0              0         0 0.000000000     -1          2
56             0              0         0 0.000000000     -1          2
57             0              0         0 0.000000000     -1          2
58             0              0         0 0.000000000     -1          1
59             0              0         0 0.000000000     -1          2
60             0              0         0 0.000000000     -1          1
61             0              0         0 0.000000000     -1          1
62             0              0         0 0.000000000     -1          1
63             0              0         0 0.000000000     -1          1
