   left daughter right daughter split var split point status prediction
1              2              3         1  0.42823467      1          0
2              4              5         1  0.08942946      1          0
3              6              7         1  0.43568398      1          0
4              8              9         1  0.07645242      1          0
5             10             11         2  0.50718182      1          0
6              0              0         0  0.00000000     -1          2
7             12             13         1  0.98923229      1          0
8             14             15         2  0.50566337      1          0
9              0              0         0  0.00000000     -1          2
10            16             17         2  0.50081897      1          0
11            18             19         1  0.42425402      1          0
12            20             21         2  0.51946745      1          0
13             0              0         0  0.00000000     -1          1
14            22             23         1  0.07205291      1          0
15            24             25         1  0.04014219      1          0
16            26             27         1  0.24988196      1          0
17             0              0         0  0.00000000     -1          1
18            28             29         2  0.92140182      1          0
19             0              0         0  0.00000000     -1          1
20            30             31         1  0.46884136      1          0
21            32             33         1  0.49625096      1          0
22            34             35         1  0.05294224      1          0
23             0              0         0  0.00000000     -1          1
24             0              0         0  0.00000000     -1          2
25            36             37         1  0.04129029      1          0
26            38             39         2  0.32269080      1          0
27            40             41         2  0.14330623      1          0
28            42             43         1  0.09274397      1          0
29            44             45         2  0.93823714      1          0
30            46             47         1  0.45585972      1          0
31            48             49         2  0.49918430      1          0
32            50             51         2  0.68158576      1          0
33            52             53         1  0.61051063      1          0
34             0              0         0  0.00000000     -1          1
35             0              0         0  0.00000000     -1          1
36             0              0         0  0.00000000     -1          1
37             0              0         0  0.00000000     -1          2
38            54             55         1  0.22969243      1          0
39            56             57         1  0.21352345      1          0
40            58             59         1  0.28281228      1          0
41             0              0         0  0.00000000     -1          1
42             0              0         0  0.00000000     -1          2
43            60             61         1  0.27300614      1          0
44             0              0         0  0.00000000     -1          1
45             0              0         0  0.00000000     -1          2
46             0              0         0  0.00000000     -1          1
47             0              0         0  0.00000000     -1          1
48            62             63         1  0.48562522      1          0
49             0              0         0  0.00000000     -1          2
50             0              0         0  0.00000000     -1          1
51             0              0         0  0.00000000     -1          2
52             0              0         0  0.00000000     -1          1
53             0              0         0  0.00000000     -1          1
54             0              0         0  0.00000000     -1          1
55             0              0         0  0.00000000     -1          2
56             0              0         0  0.00000000     -1          1
57             0              0         0  0.00000000     -1          1
58             0              0         0  0.00000000     -1          1
59             0              0         0  0.00000000     -1          1
60             0              0         0  0.00000000     -1          2
61             0              0         0  0.00000000     -1          2
62             0              0         0  0.00000000     -1          1
63             0              0         0  0.00000000     -1          2
