   left daughter right daughter split var split point status prediction
1              2              3         1 0.014890203      1          0
2              4              5         2 0.463455933      1          0
3              6              7         2 0.327490804      1          0
4              0              0         0 0.000000000     -1          1
5              0              0         0 0.000000000     -1          2
6              8              9         1 0.507256698      1          0
7             10             11         2 0.510761898      1          0
8             12             13         2 0.308789806      1          0
9             14             15         1 0.983207506      1          0
10            16             17         2 0.356923539      1          0
11            18             19         1 0.498285004      1          0
12            20             21         2 0.035644945      1          0
13             0              0         0 0.000000000     -1          2
14            22             23         1 0.615254484      1          0
15             0              0         0 0.000000000     -1          1
16            24             25         2 0.330028603      1          0
17            26             27         1 0.482848242      1          0
18            28             29         1 0.041290294      1          0
19            30             31         2 0.862681895      1          0
20             0              0         0 0.000000000     -1          1
21            32             33         2 0.143306234      1          0
22            34             35         2 0.006369991      1          0
23            36             37         2 0.304516423      1          0
24             0              0         0 0.000000000     -1          1
25             0              0         0 0.000000000     -1          1
26            38             39         1 0.219873691      1          0
27            40             41         1 0.926837145      1          0
28             0              0         0 0.000000000     -1          2
29            42             43         2 0.776384063      1          0
30            44             45         1 0.950110141      1          0
31            46             47         2 0.869413109      1          0
32            48             49         2 0.142118705      1          0
33            50             51         2 0.211495883      1          0
34             0              0         0 0.000000000     -1          1
35            52             53         1 0.612822201      1          0
36            54             55         1 0.925390466      1          0
37             0              0         0 0.000000000     -1          2
38            56             57         2 0.368972299      1          0
39             0              0         0 0.000000000     -1          1
40            58             59         1 0.920091185      1          0
41             0              0         0 0.000000000     -1          2
42            60             61         2 0.657229282      1          0
43            62             63         2 0.777915233      1          0
44             0              0         0 0.000000000     -1          1
45             0              0         0 0.000000000     -1          1
46             0              0         0 0.000000000     -1          2
47             0              0         0 0.000000000     -1          1
48             0              0         0 0.000000000     -1          1
49             0              0         0 0.000000000     -1          2
50             0              0         0 0.000000000     -1          1
51             0              0         0 0.000000000     -1          1
52             0              0         0 0.000000000     -1          2
53             0              0         0 0.000000000     -1          1
54             0              0         0 0.000000000     -1          2
55             0              0         0 0.000000000     -1          2
56             0              0         0 0.000000000     -1          2
57             0              0         0 0.000000000     -1          1
58             0              0         0 0.000000000     -1          2
59             0              0         0 0.000000000     -1          1
60             0              0         0 0.000000000     -1          2
61             0              0         0 0.000000000     -1          2
62             0              0         0 0.000000000     -1          1
63             0              0         0 0.000000000     -1          2
