   left daughter right daughter split var split point status prediction
1              2              3         2 0.982745188      1          0
2              4              5         1 0.006985446      1          0
3              6              7         2 0.996966585      1          0
4              0              0         0 0.000000000     -1          2
5              8              9         1 0.391816044      1          0
6              0              0         0 0.000000000     -1          2
7              0              0         0 0.000000000     -1          2
8             10             11         2 0.496286390      1          0
9             12             13         2 0.487972675      1          0
10            14             15         2 0.243073953      1          0
11            16             17         2 0.748588120      1          0
12            18             19         1 0.489180389      1          0
13            20             21         1 0.498285004      1          0
14            22             23         1 0.068109904      1          0
15            24             25         1 0.056983939      1          0
16            26             27         2 0.657229282      1          0
17            28             29         2 0.753785858      1          0
18             0              0         0 0.000000000     -1          1
19            30             31         2 0.241570329      1          0
20            32             33         2 0.504918700      1          0
21            34             35         2 0.499184296      1          0
22             0              0         0 0.000000000     -1          1
23            36             37         2 0.238810391      1          0
24             0              0         0 0.000000000     -1          1
25            38             39         1 0.213744105      1          0
26            40             41         2 0.653530070      1          0
27             0              0         0 0.000000000     -1          2
28             0              0         0 0.000000000     -1          1
29            42             43         2 0.940701828      1          0
30            44             45         1 0.983207506      1          0
31            46             47         1 0.991554503      1          0
32             0              0         0 0.000000000     -1          1
33            48             49         2 0.656690684      1          0
34             0              0         0 0.000000000     -1          2
35            50             51         1 0.571305366      1          0
36            52             53         1 0.084504214      1          0
37             0              0         0 0.000000000     -1          2
38             0              0         0 0.000000000     -1          1
39            54             55         1 0.219187582      1          0
40            56             57         1 0.219085064      1          0
41             0              0         0 0.000000000     -1          1
42            58             59         1 0.316229269      1          0
43             0              0         0 0.000000000     -1          2
44            60             61         1 0.713092633      1          0
45             0              0         0 0.000000000     -1          2
46            62             63         1 0.600910390      1          0
47             0              0         0 0.000000000     -1          1
48             0              0         0 0.000000000     -1          2
49             0              0         0 0.000000000     -1          2
50             0              0         0 0.000000000     -1          1
51             0              0         0 0.000000000     -1          1
52             0              0         0 0.000000000     -1          2
53             0              0         0 0.000000000     -1          1
54             0              0         0 0.000000000     -1          2
55             0              0         0 0.000000000     -1          1
56             0              0         0 0.000000000     -1          2
57             0              0         0 0.000000000     -1          2
58             0              0         0 0.000000000     -1          2
59             0              0         0 0.000000000     -1          2
60             0              0         0 0.000000000     -1          2
61             0              0         0 0.000000000     -1          2
62             0              0         0 0.000000000     -1          2
63             0              0         0 0.000000000     -1          2
