   left daughter right daughter split var split point status prediction
1              2              3         1 0.006255719      1          0
2              0              0         0 0.000000000     -1          2
3              4              5         1 0.975799004      1          0
4              6              7         1 0.870200308      1          0
5              0              0         0 0.000000000     -1          1
6              8              9         1 0.857990149      1          0
7             10             11         1 0.873395608      1          0
8             12             13         1 0.832338796      1          0
9              0              0         0 0.000000000     -1          1
10             0              0         0 0.000000000     -1          2
11            14             15         1 0.875079407      1          0
12            16             17         2 0.506025587      1          0
13            18             19         2 0.543759337      1          0
14             0              0         0 0.000000000     -1          1
15            20             21         2 0.537948284      1          0
16            22             23         2 0.375808521      1          0
17            24             25         1 0.502377629      1          0
18             0              0         0 0.000000000     -1          2
19             0              0         0 0.000000000     -1          1
20            26             27         2 0.466136870      1          0
21            28             29         2 0.678916312      1          0
22            30             31         2 0.372784676      1          0
23            32             33         2 0.438366196      1          0
24            34             35         2 0.574028380      1          0
25            36             37         2 0.537575773      1          0
26            38             39         1 0.931080349      1          0
27             0              0         0 0.000000000     -1          2
28             0              0         0 0.000000000     -1          1
29            40             41         2 0.759577874      1          0
30            42             43         2 0.314398525      1          0
31             0              0         0 0.000000000     -1          2
32            44             45         1 0.578076094      1          0
33            46             47         1 0.482848242      1          0
34             0              0         0 0.000000000     -1          2
35            48             49         2 0.576488123      1          0
36             0              0         0 0.000000000     -1          1
37            50             51         1 0.684494771      1          0
38            52             53         1 0.929008015      1          0
39             0              0         0 0.000000000     -1          2
40             0              0         0 0.000000000     -1          2
41            54             55         1 0.934696163      1          0
42            56             57         1 0.491957364      1          0
43            58             59         1 0.524938664      1          0
44             0              0         0 0.000000000     -1          1
45             0              0         0 0.000000000     -1          2
46            60             61         2 0.501376715      1          0
47            62             63         1 0.688248559      1          0
48             0              0         0 0.000000000     -1          1
49             0              0         0 0.000000000     -1          2
50             0              0         0 0.000000000     -1          1
51             0              0         0 0.000000000     -1          1
52             0              0         0 0.000000000     -1          2
53             0              0         0 0.000000000     -1          1
54             0              0         0 0.000000000     -1          1
55             0              0         0 0.000000000     -1          1
56             0              0         0 0.000000000     -1          1
57             0              0         0 0.000000000     -1          2
58             0              0         0 0.000000000     -1          1
59             0              0         0 0.000000000     -1          2
60             0              0         0 0.000000000     -1          1
61             0              0         0 0.000000000     -1          2
62             0              0         0 0.000000000     -1          2
63             0              0         0 0.000000000     -1          2
