   left daughter right daughter split var split point status prediction
1              2              3         1 0.006255719      1          0
2              0              0         0 0.000000000     -1          2
3              4              5         2 0.610786666      1          0
4              6              7         2 0.330028603      1          0
5              8              9         1 0.504516189      1          0
6             10             11         1 0.504325951      1          0
7             12             13         2 0.395377661      1          0
8             14             15         1 0.411763564      1          0
9             16             17         1 0.513226298      1          0
10            18             19         1 0.279225645      1          0
11            20             21         2 0.145370301      1          0
12            22             23         1 0.485635542      1          0
13            24             25         2 0.554411339      1          0
14            26             27         2 0.872278442      1          0
15            28             29         1 0.412623634      1          0
16             0              0         0 0.000000000     -1          2
17            30             31         1 0.686991162      1          0
18            32             33         2 0.298607091      1          0
19            34             35         1 0.344296181      1          0
20            36             37         1 0.961891095      1          0
21            38             39         2 0.241593618      1          0
22            40             41         1 0.219187582      1          0
23            42             43         2 0.372263774      1          0
24            44             45         2 0.451471322      1          0
25            46             47         2 0.595794929      1          0
26            48             49         2 0.627542648      1          0
27            50             51         1 0.277076703      1          0
28             0              0         0 0.000000000     -1          1
29            52             53         1 0.430513301      1          0
30            54             55         2 0.665128445      1          0
31            56             57         1 0.692400968      1          0
32            58             59         1 0.236944301      1          0
33             0              0         0 0.000000000     -1          2
34             0              0         0 0.000000000     -1          1
35            60             61         2 0.310753413      1          0
36            62             63         1 0.708091537      1          0
37             0              0         0 0.000000000     -1          1
38             0              0         0 0.000000000     -1          2
39             0              0         0 0.000000000     -1          2
40             0              0         0 0.000000000     -1          1
41             0              0         0 0.000000000     -1          1
42             0              0         0 0.000000000     -1          1
43             0              0         0 0.000000000     -1          2
44             0              0         0 0.000000000     -1          1
45             0              0         0 0.000000000     -1          2
46             0              0         0 0.000000000     -1          1
47             0              0         0 0.000000000     -1          1
48             0              0         0 0.000000000     -1          2
49             0              0         0 0.000000000     -1          2
50             0              0         0 0.000000000     -1          2
51             0              0         0 0.000000000     -1          2
52             0              0         0 0.000000000     -1          2
53             0              0         0 0.000000000     -1          2
54             0              0         0 0.000000000     -1          1
55             0              0         0 0.000000000     -1          1
56             0              0         0 0.000000000     -1          2
57             0              0         0 0.000000000     -1          1
58             0              0         0 0.000000000     -1          1
59             0              0         0 0.000000000     -1          2
60             0              0         0 0.000000000     -1          1
61             0              0         0 0.000000000     -1          2
62             0              0         0 0.000000000     -1          2
63             0              0         0 0.000000000     -1          2
