    left daughter right daughter split var split point status prediction
1               2              3         1  0.94908570      1          0
2               4              5         2  0.07348310      1          0
3               6              7         1  0.97189908      1          0
4               8              9         2  0.06787380      1          0
5              10             11         2  0.16076160      1          0
6              12             13         1  0.95996972      1          0
7              14             15         1  0.99459396      1          0
8              16             17         2  0.05074334      1          0
9               0              0         0  0.00000000     -1          1
10             18             19         1  0.49046721      1          0
11             20             21         1  0.48320239      1          0
12              0              0         0  0.00000000     -1          2
13              0              0         0  0.00000000     -1          2
14             22             23         2  0.46971339      1          0
15              0              0         0  0.00000000     -1          2
16             24             25         1  0.49393731      1          0
17             26             27         1  0.62703491      1          0
18             28             29         1  0.08020844      1          0
19             30             31         2  0.15773961      1          0
20             32             33         2  0.50046485      1          0
21             34             35         1  0.57897071      1          0
22             36             37         2  0.10784124      1          0
23             38             39         1  0.99286570      1          0
24              0              0         0  0.00000000     -1          1
25             40             41         2  0.01162371      1          0
26              0              0         0  0.00000000     -1          1
27              0              0         0  0.00000000     -1          2
28              0              0         0  0.00000000     -1          2
29             42             43         2  0.14577179      1          0
30             44             45         1  0.79917515      1          0
31              0              0         0  0.00000000     -1          1
32             46             47         2  0.33062509      1          0
33             48             49         2  0.97335348      1          0
34             50             51         2  0.43938436      1          0
35             52             53         1  0.59553610      1          0
36              0              0         0  0.00000000     -1          2
37              0              0         0  0.00000000     -1          2
38             54             55         1  0.98568126      1          0
39              0              0         0  0.00000000     -1          2
40              0              0         0  0.00000000     -1          2
41              0              0         0  0.00000000     -1          2
42              0              0         0  0.00000000     -1          1
43              0              0         0  0.00000000     -1          1
44              0              0         0  0.00000000     -1          2
45              0              0         0  0.00000000     -1          2
46             56             57         2  0.22121018      1          0
47             58             59         2  0.33381722      1          0
48             60             61         2  0.66706318      1          0
49              0              0         0  0.00000000     -1          2
50             62             63         1  0.51019324      1          0
51             64             65         2  0.86728523      1          0
52              0              0         0  0.00000000     -1          2
53             66             67         1  0.62338877      1          0
54              0              0         0  0.00000000     -1          1
55              0              0         0  0.00000000     -1          1
56             68             69         1  0.39838532      1          0
57             70             71         1  0.12120913      1          0
58              0              0         0  0.00000000     -1          2
59             72             73         1  0.44181228      1          0
60             74             75         2  0.56220450      1          0
61             76             77         1  0.02033792      1          0
62              0              0         0  0.00000000     -1          1
63             78             79         2  0.32375450      1          0
64             80             81         1  0.52098576      1          0
65              0              0         0  0.00000000     -1          1
66             82             83         1  0.61424876      1          0
67             84             85         2  0.49146444      1          0
68             86             87         2  0.21165290      1          0
69              0              0         0  0.00000000     -1          2
70              0              0         0  0.00000000     -1          1
71              0              0         0  0.00000000     -1          1
72             88             89         2  0.44859959      1          0
73              0              0         0  0.00000000     -1          2
74             90             91         1  0.25969092      1          0
75              0              0         0  0.00000000     -1          2
76              0              0         0  0.00000000     -1          1
77             92             93         1  0.18854142      1          0
78              0              0         0  0.00000000     -1          2
79              0              0         0  0.00000000     -1          2
80             94             95         1  0.51838649      1          0
81              0              0         0  0.00000000     -1          1
82              0              0         0  0.00000000     -1          1
83              0              0         0  0.00000000     -1          1
84             96             97         2  0.28896726      1          0
85             98             99         2  0.63771832      1          0
86              0              0         0  0.00000000     -1          1
87              0              0         0  0.00000000     -1          2
88            100            101         1  0.11067858      1          0
89              0              0         0  0.00000000     -1          1
90              0              0         0  0.00000000     -1          2
91              0              0         0  0.00000000     -1          2
92            102            103         2  0.66791553      1          0
93              0              0         0  0.00000000     -1          2
94              0              0         0  0.00000000     -1          1
95              0              0         0  0.00000000     -1          2
96            104            105         1  0.75327494      1          0
97            106            107         2  0.43206747      1          0
98            108            109         2  0.53332004      1          0
99            110            111         2  0.64567833      1          0
100             0              0         0  0.00000000     -1          1
101           112            113         2  0.43714831      1          0
102             0              0         0  0.00000000     -1          1
103           114            115         1  0.17366714      1          0
104           116            117         2  0.23471248      1          0
105           118            119         2  0.26504075      1          0
106           120            121         1  0.65678444      1          0
107             0              0         0  0.00000000     -1          2
108             0              0         0  0.00000000     -1          1
109             0              0         0  0.00000000     -1          1
110             0              0         0  0.00000000     -1          2
111           122            123         2  0.88744001      1          0
112             0              0         0  0.00000000     -1          1
113             0              0         0  0.00000000     -1          1
114           124            125         2  0.93179904      1          0
115             0              0         0  0.00000000     -1          1
116             0              0         0  0.00000000     -1          2
117             0              0         0  0.00000000     -1          1
118             0              0         0  0.00000000     -1          2
119             0              0         0  0.00000000     -1          2
120             0              0         0  0.00000000     -1          2
121             0              0         0  0.00000000     -1          2
122           126            127         2  0.87811685      1          0
123             0              0         0  0.00000000     -1          1
124             0              0         0  0.00000000     -1          2
125             0              0         0  0.00000000     -1          2
126             0              0         0  0.00000000     -1          1
127             0              0         0  0.00000000     -1          2
