    left daughter right daughter split var split point status prediction
1               2              3         1  0.12380754      1          0
2               4              5         2  0.49815265      1          0
3               6              7         1  0.93334496      1          0
4               8              9         2  0.12268441      1          0
5              10             11         1  0.05848661      1          0
6              12             13         1  0.12512081      1          0
7              14             15         2  0.49698749      1          0
8               0              0         0  0.00000000     -1          1
9              16             17         2  0.17898927      1          0
10             18             19         1  0.05333306      1          0
11             20             21         1  0.10170352      1          0
12              0              0         0  0.00000000     -1          1
13             22             23         2  0.43071952      1          0
14             24             25         1  0.97938427      1          0
15             26             27         2  0.85855053      1          0
16              0              0         0  0.00000000     -1          2
17             28             29         2  0.29096232      1          0
18             30             31         1  0.01389880      1          0
19              0              0         0  0.00000000     -1          1
20              0              0         0  0.00000000     -1          2
21              0              0         0  0.00000000     -1          2
22             32             33         2  0.35452269      1          0
23             34             35         2  0.47115436      1          0
24             36             37         2  0.36717034      1          0
25              0              0         0  0.00000000     -1          2
26              0              0         0  0.00000000     -1          1
27              0              0         0  0.00000000     -1          1
28              0              0         0  0.00000000     -1          1
29             38             39         1  0.04910419      1          0
30              0              0         0  0.00000000     -1          2
31              0              0         0  0.00000000     -1          2
32             40             41         2  0.35051366      1          0
33             42             43         2  0.41702590      1          0
34             44             45         2  0.45374810      1          0
35             46             47         1  0.49134636      1          0
36             48             49         2  0.33115332      1          0
37              0              0         0  0.00000000     -1          2
38              0              0         0  0.00000000     -1          1
39              0              0         0  0.00000000     -1          1
40             50             51         2  0.06132416      1          0
41              0              0         0  0.00000000     -1          1
42             52             53         2  0.41476003      1          0
43              0              0         0  0.00000000     -1          2
44             54             55         2  0.43714831      1          0
45              0              0         0  0.00000000     -1          1
46             56             57         2  0.49588778      1          0
47             58             59         2  0.49774639      1          0
48              0              0         0  0.00000000     -1          2
49              0              0         0  0.00000000     -1          1
50             60             61         1  0.49269421      1          0
51             62             63         1  0.50023000      1          0
52             64             65         1  0.49481126      1          0
53              0              0         0  0.00000000     -1          1
54              0              0         0  0.00000000     -1          1
55              0              0         0  0.00000000     -1          2
56              0              0         0  0.00000000     -1          1
57             66             67         2  0.98563727      1          0
58              0              0         0  0.00000000     -1          2
59             68             69         1  0.84073024      1          0
60             70             71         1  0.29643007      1          0
61             72             73         1  0.92335182      1          0
62             74             75         2  0.22121018      1          0
63             76             77         2  0.27197368      1          0
64             78             79         2  0.37952876      1          0
65              0              0         0  0.00000000     -1          2
66             80             81         1  0.25240704      1          0
67              0              0         0  0.00000000     -1          1
68             82             83         2  0.63771832      1          0
69             84             85         2  0.66452959      1          0
70              0              0         0  0.00000000     -1          1
71              0              0         0  0.00000000     -1          1
72             86             87         1  0.76166186      1          0
73              0              0         0  0.00000000     -1          1
74             88             89         1  0.39838532      1          0
75              0              0         0  0.00000000     -1          1
76             90             91         2  0.08800657      1          0
77             92             93         2  0.27822511      1          0
78              0              0         0  0.00000000     -1          1
79              0              0         0  0.00000000     -1          1
80             94             95         1  0.24701562      1          0
81             96             97         2  0.97279511      1          0
82              0              0         0  0.00000000     -1          1
83             98             99         1  0.65427535      1          0
84            100            101         2  0.64078338      1          0
85            102            103         1  0.84302534      1          0
86              0              0         0  0.00000000     -1          2
87              0              0         0  0.00000000     -1          2
88            104            105         1  0.22849721      1          0
89              0              0         0  0.00000000     -1          2
90            106            107         1  0.87105496      1          0
91            108            109         2  0.13414999      1          0
92              0              0         0  0.00000000     -1          1
93            110            111         1  0.54922485      1          0
94            112            113         1  0.18611274      1          0
95              0              0         0  0.00000000     -1          1
96            114            115         2  0.71224801      1          0
97              0              0         0  0.00000000     -1          2
98            116            117         2  0.64604639      1          0
99              0              0         0  0.00000000     -1          1
100           118            119         1  0.86723269      1          0
101             0              0         0  0.00000000     -1          2
102             0              0         0  0.00000000     -1          2
103           120            121         1  0.90493413      1          0
104             0              0         0  0.00000000     -1          1
105             0              0         0  0.00000000     -1          1
106           122            123         2  0.08573494      1          0
107             0              0         0  0.00000000     -1          1
108             0              0         0  0.00000000     -1          2
109           124            125         1  0.60786991      1          0
110             0              0         0  0.00000000     -1          1
111           126            127         1  0.89010585      1          0
112             0              0         0  0.00000000     -1          2
113             0              0         0  0.00000000     -1          2
114             0              0         0  0.00000000     -1          2
115             0              0         0  0.00000000     -1          2
116             0              0         0  0.00000000     -1          2
117             0              0         0  0.00000000     -1          1
118             0              0         0  0.00000000     -1          1
119             0              0         0  0.00000000     -1          1
120             0              0         0  0.00000000     -1          1
121             0              0         0  0.00000000     -1          1
122             0              0         0  0.00000000     -1          2
123             0              0         0  0.00000000     -1          1
124             0              0         0  0.00000000     -1          2
125             0              0         0  0.00000000     -1          2
126             0              0         0  0.00000000     -1          2
127             0              0         0  0.00000000     -1          2
