    left daughter right daughter split var split point status prediction
1               2              3         1  0.17366714      1          0
2               4              5         2  0.48761601      1          0
3               6              7         2  0.43593882      1          0
4               8              9         2  0.16838373      1          0
5              10             11         1  0.04071549      1          0
6              12             13         1  0.49936974      1          0
7              14             15         2  0.46903762      1          0
8              16             17         1  0.06755995      1          0
9              18             19         1  0.12026934      1          0
10             20             21         2  0.66929314      1          0
11             22             23         2  0.64321895      1          0
12             24             25         1  0.44153118      1          0
13             26             27         1  0.53752446      1          0
14             28             29         1  0.57526564      1          0
15             30             31         1  0.50286054      1          0
16              0              0         0  0.00000000     -1          1
17              0              0         0  0.00000000     -1          1
18             32             33         2  0.40827646      1          0
19              0              0         0  0.00000000     -1          1
20              0              0         0  0.00000000     -1          2
21              0              0         0  0.00000000     -1          2
22             34             35         2  0.64197908      1          0
23              0              0         0  0.00000000     -1          2
24             36             37         2  0.02818425      1          0
25             38             39         2  0.20879749      1          0
26             40             41         1  0.53605735      1          0
27             42             43         1  0.97258715      1          0
28              0              0         0  0.00000000     -1          1
29              0              0         0  0.00000000     -1          2
30             44             45         1  0.39371045      1          0
31             46             47         1  0.94392836      1          0
32             48             49         1  0.10160658      1          0
33              0              0         0  0.00000000     -1          1
34              0              0         0  0.00000000     -1          2
35              0              0         0  0.00000000     -1          1
36              0              0         0  0.00000000     -1          1
37             50             51         2  0.25146622      1          0
38              0              0         0  0.00000000     -1          1
39              0              0         0  0.00000000     -1          2
40             52             53         2  0.17125273      1          0
41              0              0         0  0.00000000     -1          1
42             54             55         1  0.68935821      1          0
43              0              0         0  0.00000000     -1          2
44             56             57         2  0.49828649      1          0
45             58             59         2  0.98652304      1          0
46             60             61         1  0.52098576      1          0
47             62             63         2  0.49698749      1          0
48              0              0         0  0.00000000     -1          1
49              0              0         0  0.00000000     -1          2
50             64             65         2  0.24288395      1          0
51              0              0         0  0.00000000     -1          1
52              0              0         0  0.00000000     -1          2
53              0              0         0  0.00000000     -1          2
54             66             67         2  0.26156993      1          0
55             68             69         2  0.02165099      1          0
56              0              0         0  0.00000000     -1          1
57             70             71         1  0.17537520      1          0
58             72             73         2  0.56362902      1          0
59              0              0         0  0.00000000     -1          1
60             74             75         1  0.51898016      1          0
61             76             77         2  0.49371041      1          0
62              0              0         0  0.00000000     -1          2
63             78             79         1  0.95749899      1          0
64             80             81         2  0.13998764      1          0
65              0              0         0  0.00000000     -1          2
66             82             83         2  0.25193632      1          0
67             84             85         2  0.35658057      1          0
68              0              0         0  0.00000000     -1          2
69             86             87         2  0.14600981      1          0
70              0              0         0  0.00000000     -1          1
71             88             89         1  0.25045627      1          0
72              0              0         0  0.00000000     -1          1
73             90             91         1  0.45019419      1          0
74              0              0         0  0.00000000     -1          1
75              0              0         0  0.00000000     -1          2
76              0              0         0  0.00000000     -1          2
77             92             93         2  0.65404072      1          0
78              0              0         0  0.00000000     -1          2
79             94             95         2  0.66732263      1          0
80              0              0         0  0.00000000     -1          1
81             96             97         1  0.40062336      1          0
82             98             99         2  0.01730011      1          0
83              0              0         0  0.00000000     -1          1
84            100            101         1  0.65294646      1          0
85              0              0         0  0.00000000     -1          2
86              0              0         0  0.00000000     -1          2
87            102            103         2  0.15559289      1          0
88            104            105         1  0.24701562      1          0
89            106            107         2  0.97279511      1          0
90              0              0         0  0.00000000     -1          2
91              0              0         0  0.00000000     -1          2
92              0              0         0  0.00000000     -1          1
93            108            109         1  0.85501987      1          0
94              0              0         0  0.00000000     -1          1
95              0              0         0  0.00000000     -1          1
96            110            111         2  0.15584898      1          0
97              0              0         0  0.00000000     -1          2
98              0              0         0  0.00000000     -1          2
99            112            113         2  0.13131362      1          0
100             0              0         0  0.00000000     -1          2
101             0              0         0  0.00000000     -1          2
102             0              0         0  0.00000000     -1          1
103           114            115         2  0.33993486      1          0
104             0              0         0  0.00000000     -1          2
105             0              0         0  0.00000000     -1          1
106             0              0         0  0.00000000     -1          2
107             0              0         0  0.00000000     -1          2
108           116            117         1  0.64815633      1          0
109           118            119         1  0.86205185      1          0
110             0              0         0  0.00000000     -1          2
111             0              0         0  0.00000000     -1          1
112             0              0         0  0.00000000     -1          2
113             0              0         0  0.00000000     -1          2
114           120            121         2  0.33879062      1          0
115             0              0         0  0.00000000     -1          2
116           122            123         1  0.63927161      1          0
117             0              0         0  0.00000000     -1          1
118             0              0         0  0.00000000     -1          2
119           124            125         1  0.90562338      1          0
120           126            127         1  0.84054834      1          0
121             0              0         0  0.00000000     -1          1
122             0              0         0  0.00000000     -1          1
123             0              0         0  0.00000000     -1          2
124             0              0         0  0.00000000     -1          1
125             0              0         0  0.00000000     -1          1
126             0              0         0  0.00000000     -1          2
127             0              0         0  0.00000000     -1          2
