    left daughter right daughter split var split point status prediction
1               2              3         2  0.85496026      1          0
2               4              5         1  0.51369974      1          0
3               6              7         1  0.49537875      1          0
4               8              9         1  0.23499636      1          0
5              10             11         2  0.49372081      1          0
6              12             13         2  0.89149441      1          0
7              14             15         2  0.94334320      1          0
8              16             17         1  0.07509378      1          0
9              18             19         1  0.26362991      1          0
10             20             21         1  0.74172063      1          0
11             22             23         2  0.64195154      1          0
12              0              0         0  0.00000000     -1          1
13             24             25         1  0.32725872      1          0
14             26             27         1  0.55835842      1          0
15              0              0         0  0.00000000     -1          1
16             28             29         2  0.48741779      1          0
17             30             31         1  0.07854047      1          0
18             32             33         1  0.25294761      1          0
19             34             35         1  0.29131427      1          0
20             36             37         1  0.74083778      1          0
21             38             39         2  0.12221040      1          0
22             40             41         2  0.49774639      1          0
23             42             43         1  0.52418952      1          0
24             44             45         2  0.92594876      1          0
25              0              0         0  0.00000000     -1          2
26              0              0         0  0.00000000     -1          1
27             46             47         1  0.72008590      1          0
28             48             49         2  0.15873907      1          0
29             50             51         2  0.66979930      1          0
30              0              0         0  0.00000000     -1          2
31             52             53         1  0.20715656      1          0
32              0              0         0  0.00000000     -1          1
33              0              0         0  0.00000000     -1          1
34             54             55         1  0.28263630      1          0
35             56             57         2  0.50447432      1          0
36             58             59         2  0.07040235      1          0
37              0              0         0  0.00000000     -1          1
38             60             61         1  0.97407934      1          0
39             62             63         1  0.98034952      1          0
40              0              0         0  0.00000000     -1          1
41             64             65         1  0.85282772      1          0
42              0              0         0  0.00000000     -1          2
43             66             67         1  0.87180161      1          0
44              0              0         0  0.00000000     -1          2
45             68             69         1  0.21747961      1          0
46              0              0         0  0.00000000     -1          1
47             70             71         2  0.88681019      1          0
48              0              0         0  0.00000000     -1          1
49             72             73         2  0.44332989      1          0
50              0              0         0  0.00000000     -1          2
51              0              0         0  0.00000000     -1          2
52             74             75         2  0.48761601      1          0
53             76             77         1  0.21676254      1          0
54             78             79         1  0.26759802      1          0
55              0              0         0  0.00000000     -1          2
56             80             81         1  0.50023000      1          0
57             82             83         1  0.45171950      1          0
58              0              0         0  0.00000000     -1          2
59             84             85         1  0.65080136      1          0
60             86             87         1  0.97089531      1          0
61              0              0         0  0.00000000     -1          2
62             88             89         2  0.17575330      1          0
63              0              0         0  0.00000000     -1          2
64              0              0         0  0.00000000     -1          1
65             90             91         1  0.86723269      1          0
66             92             93         2  0.64604639      1          0
67             94             95         2  0.66124793      1          0
68              0              0         0  0.00000000     -1          2
69              0              0         0  0.00000000     -1          1
70              0              0         0  0.00000000     -1          1
71              0              0         0  0.00000000     -1          1
72              0              0         0  0.00000000     -1          1
73              0              0         0  0.00000000     -1          1
74             96             97         1  0.08054293      1          0
75             98             99         1  0.18099966      1          0
76              0              0         0  0.00000000     -1          2
77              0              0         0  0.00000000     -1          2
78              0              0         0  0.00000000     -1          2
79              0              0         0  0.00000000     -1          1
80            100            101         1  0.43936190      1          0
81              0              0         0  0.00000000     -1          1
82            102            103         1  0.35840521      1          0
83              0              0         0  0.00000000     -1          1
84            104            105         2  0.27795177      1          0
85            106            107         1  0.65349139      1          0
86            108            109         2  0.07319070      1          0
87              0              0         0  0.00000000     -1          1
88              0              0         0  0.00000000     -1          2
89            110            111         1  0.88660051      1          0
90              0              0         0  0.00000000     -1          2
91              0              0         0  0.00000000     -1          1
92              0              0         0  0.00000000     -1          2
93            112            113         1  0.66842155      1          0
94              0              0         0  0.00000000     -1          2
95            114            115         2  0.75998088      1          0
96              0              0         0  0.00000000     -1          2
97            116            117         2  0.33013886      1          0
98              0              0         0  0.00000000     -1          2
99              0              0         0  0.00000000     -1          2
100             0              0         0  0.00000000     -1          1
101           118            119         2  0.20226616      1          0
102             0              0         0  0.00000000     -1          2
103           120            121         1  0.36207966      1          0
104           122            123         2  0.27390413      1          0
105             0              0         0  0.00000000     -1          2
106             0              0         0  0.00000000     -1          1
107           124            125         2  0.27431007      1          0
108             0              0         0  0.00000000     -1          2
109             0              0         0  0.00000000     -1          2
110             0              0         0  0.00000000     -1          2
111           126            127         2  0.33404458      1          0
112             0              0         0  0.00000000     -1          1
113             0              0         0  0.00000000     -1          1
114             0              0         0  0.00000000     -1          1
115             0              0         0  0.00000000     -1          2
116             0              0         0  0.00000000     -1          1
117             0              0         0  0.00000000     -1          1
118             0              0         0  0.00000000     -1          1
119             0              0         0  0.00000000     -1          1
120             0              0         0  0.00000000     -1          1
121             0              0         0  0.00000000     -1          2
122             0              0         0  0.00000000     -1          2
123             0              0         0  0.00000000     -1          1
124             0              0         0  0.00000000     -1          2
125             0              0         0  0.00000000     -1          2
126             0              0         0  0.00000000     -1          2
127             0              0         0  0.00000000     -1          2
