    left daughter right daughter split var split point status prediction
1               2              3         2  0.95440107      1          0
2               4              5         2  0.07348310      1          0
3               6              7         2  0.99874252      1          0
4               8              9         1  0.49131244      1          0
5              10             11         2  0.08415117      1          0
6              12             13         1  0.49572224      1          0
7               0              0         0  0.00000000     -1          2
8              14             15         1  0.05781491      1          0
9              16             17         1  0.53487792      1          0
10             18             19         2  0.07423798      1          0
11             20             21         1  0.24701562      1          0
12              0              0         0  0.00000000     -1          2
13              0              0         0  0.00000000     -1          1
14              0              0         0  0.00000000     -1          2
15              0              0         0  0.00000000     -1          1
16              0              0         0  0.00000000     -1          2
17             22             23         1  0.59762241      1          0
18              0              0         0  0.00000000     -1          2
19              0              0         0  0.00000000     -1          2
20             24             25         2  0.49939688      1          0
21             26             27         2  0.43945755      1          0
22              0              0         0  0.00000000     -1          1
23             28             29         2  0.02165099      1          0
24             30             31         1  0.20967875      1          0
25             32             33         2  0.85718947      1          0
26             34             35         1  0.49510984      1          0
27             36             37         2  0.93340988      1          0
28              0              0         0  0.00000000     -1          2
29              0              0         0  0.00000000     -1          2
30             38             39         2  0.24393650      1          0
31              0              0         0  0.00000000     -1          1
32             40             41         2  0.68425372      1          0
33             42             43         2  0.86393835      1          0
34             44             45         1  0.40283903      1          0
35             46             47         1  0.97987387      1          0
36             48             49         1  0.49254652      1          0
37             50             51         2  0.94603601      1          0
38             52             53         2  0.16914554      1          0
39             54             55         2  0.25569454      1          0
40             56             57         2  0.67321234      1          0
41              0              0         0  0.00000000     -1          2
42              0              0         0  0.00000000     -1          1
43             58             59         2  0.93115061      1          0
44              0              0         0  0.00000000     -1          1
45             60             61         1  0.40625458      1          0
46             62             63         2  0.08841005      1          0
47              0              0         0  0.00000000     -1          1
48             64             65         2  0.50046485      1          0
49             66             67         2  0.49774639      1          0
50              0              0         0  0.00000000     -1          2
51              0              0         0  0.00000000     -1          1
52              0              0         0  0.00000000     -1          1
53              0              0         0  0.00000000     -1          1
54              0              0         0  0.00000000     -1          2
55             68             69         1  0.12667711      1          0
56              0              0         0  0.00000000     -1          2
57              0              0         0  0.00000000     -1          1
58              0              0         0  0.00000000     -1          2
59              0              0         0  0.00000000     -1          2
60              0              0         0  0.00000000     -1          2
61             70             71         2  0.42133032      1          0
62              0              0         0  0.00000000     -1          1
63             72             73         2  0.27801091      1          0
64             74             75         2  0.47685998      1          0
65             76             77         1  0.25079444      1          0
66             78             79         2  0.46207542      1          0
67             80             81         1  0.49977467      1          0
68             82             83         1  0.11429194      1          0
69              0              0         0  0.00000000     -1          1
70             84             85         1  0.41424489      1          0
71              0              0         0  0.00000000     -1          2
72             86             87         1  0.58486216      1          0
73             88             89         1  0.95672555      1          0
74              0              0         0  0.00000000     -1          1
75              0              0         0  0.00000000     -1          1
76              0              0         0  0.00000000     -1          1
77             90             91         1  0.36042109      1          0
78              0              0         0  0.00000000     -1          1
79             92             93         1  0.81678768      1          0
80              0              0         0  0.00000000     -1          2
81             94             95         2  0.64195154      1          0
82             96             97         1  0.04356619      1          0
83              0              0         0  0.00000000     -1          2
84              0              0         0  0.00000000     -1          1
85             98             99         2  0.37315130      1          0
86            100            101         1  0.55427208      1          0
87            102            103         1  0.97272816      1          0
88            104            105         2  0.34344490      1          0
89              0              0         0  0.00000000     -1          2
90              0              0         0  0.00000000     -1          2
91            106            107         2  0.56362902      1          0
92              0              0         0  0.00000000     -1          2
93              0              0         0  0.00000000     -1          2
94            108            109         2  0.53332004      1          0
95            110            111         2  0.65805012      1          0
96              0              0         0  0.00000000     -1          1
97              0              0         0  0.00000000     -1          1
98            112            113         2  0.23347658      1          0
99              0              0         0  0.00000000     -1          1
100             0              0         0  0.00000000     -1          2
101             0              0         0  0.00000000     -1          1
102           114            115         2  0.16523764      1          0
103             0              0         0  0.00000000     -1          2
104           116            117         1  0.88476003      1          0
105             0              0         0  0.00000000     -1          2
106             0              0         0  0.00000000     -1          2
107           118            119         1  0.36336264      1          0
108           120            121         1  0.82549700      1          0
109             0              0         0  0.00000000     -1          1
110             0              0         0  0.00000000     -1          2
111           122            123         1  0.82511727      1          0
112             0              0         0  0.00000000     -1          1
113             0              0         0  0.00000000     -1          1
114           124            125         2  0.15773961      1          0
115           126            127         2  0.25292211      1          0
116             0              0         0  0.00000000     -1          2
117             0              0         0  0.00000000     -1          2
118             0              0         0  0.00000000     -1          1
119             0              0         0  0.00000000     -1          2
120             0              0         0  0.00000000     -1          1
121             0              0         0  0.00000000     -1          1
122             0              0         0  0.00000000     -1          1
123             0              0         0  0.00000000     -1          1
124             0              0         0  0.00000000     -1          2
125             0              0         0  0.00000000     -1          1
126             0              0         0  0.00000000     -1          2
127             0              0         0  0.00000000     -1          2
