    left daughter right daughter split var split point status prediction
1               2              3         2  0.98730412      1          0
2               4              5         1  0.23998357      1          0
3               0              0         0  0.00000000     -1          1
4               6              7         2  0.49538620      1          0
5               8              9         2  0.48994968      1          0
6              10             11         2  0.33007516      1          0
7              12             13         2  0.66706318      1          0
8              14             15         1  0.49888960      1          0
9              16             17         2  0.97780797      1          0
10             18             19         2  0.24556001      1          0
11             20             21         1  0.13956834      1          0
12              0              0         0  0.00000000     -1          2
13             22             23         2  0.68425372      1          0
14             24             25         2  0.02818425      1          0
15             26             27         2  0.36799841      1          0
16             28             29         2  0.74270548      1          0
17              0              0         0  0.00000000     -1          2
18             30             31         1  0.22117912      1          0
19              0              0         0  0.00000000     -1          1
20             32             33         2  0.36533346      1          0
21              0              0         0  0.00000000     -1          1
22              0              0         0  0.00000000     -1          1
23             34             35         2  0.85718947      1          0
24              0              0         0  0.00000000     -1          1
25             36             37         1  0.40285066      1          0
26             38             39         2  0.36652003      1          0
27              0              0         0  0.00000000     -1          2
28             40             41         2  0.64686412      1          0
29             42             43         1  0.48673077      1          0
30             44             45         1  0.17186902      1          0
31              0              0         0  0.00000000     -1          2
32              0              0         0  0.00000000     -1          2
33              0              0         0  0.00000000     -1          1
34             46             47         1  0.04981526      1          0
35             48             49         2  0.86319315      1          0
36              0              0         0  0.00000000     -1          1
37             50             51         1  0.40544351      1          0
38             52             53         1  0.97997807      1          0
39              0              0         0  0.00000000     -1          1
40             54             55         2  0.56427959      1          0
41             56             57         1  0.52426948      1          0
42             58             59         2  0.87875262      1          0
43             60             61         1  0.81765366      1          0
44             62             63         2  0.16838373      1          0
45              0              0         0  0.00000000     -1          1
46              0              0         0  0.00000000     -1          2
47              0              0         0  0.00000000     -1          2
48              0              0         0  0.00000000     -1          1
49             64             65         2  0.93179904      1          0
50              0              0         0  0.00000000     -1          2
51             66             67         2  0.47350223      1          0
52             68             69         1  0.54922485      1          0
53              0              0         0  0.00000000     -1          1
54             70             71         2  0.53969095      1          0
55             72             73         2  0.56873611      1          0
56              0              0         0  0.00000000     -1          2
57             74             75         1  0.94825754      1          0
58              0              0         0  0.00000000     -1          2
59             76             77         1  0.24965468      1          0
60             78             79         2  0.75662469      1          0
61             80             81         1  0.83263236      1          0
62             82             83         2  0.15166152      1          0
63              0              0         0  0.00000000     -1          1
64              0              0         0  0.00000000     -1          2
65              0              0         0  0.00000000     -1          2
66             84             85         1  0.44315835      1          0
67              0              0         0  0.00000000     -1          2
68             86             87         2  0.17125273      1          0
69             88             89         1  0.89046744      1          0
70             90             91         1  0.32606904      1          0
71             92             93         1  0.34641508      1          0
72              0              0         0  0.00000000     -1          2
73             94             95         1  0.51325514      1          0
74             96             97         2  0.65867521      1          0
75              0              0         0  0.00000000     -1          1
76              0              0         0  0.00000000     -1          1
77              0              0         0  0.00000000     -1          2
78              0              0         0  0.00000000     -1          2
79             98             99         1  0.65125576      1          0
80              0              0         0  0.00000000     -1          2
81            100            101         2  0.76848671      1          0
82            102            103         1  0.03839052      1          0
83              0              0         0  0.00000000     -1          2
84            104            105         2  0.43941354      1          0
85              0              0         0  0.00000000     -1          1
86              0              0         0  0.00000000     -1          2
87              0              0         0  0.00000000     -1          1
88            106            107         2  0.28948988      1          0
89            108            109         2  0.03564211      1          0
90              0              0         0  0.00000000     -1          2
91            110            111         2  0.53723861      1          0
92              0              0         0  0.00000000     -1          2
93              0              0         0  0.00000000     -1          1
94              0              0         0  0.00000000     -1          2
95            112            113         1  0.99090780      1          0
96              0              0         0  0.00000000     -1          1
97              0              0         0  0.00000000     -1          1
98            114            115         1  0.64114160      1          0
99              0              0         0  0.00000000     -1          1
100             0              0         0  0.00000000     -1          2
101           116            117         2  0.81907869      1          0
102             0              0         0  0.00000000     -1          1
103             0              0         0  0.00000000     -1          1
104           118            119         1  0.43981062      1          0
105             0              0         0  0.00000000     -1          1
106           120            121         2  0.22001272      1          0
107             0              0         0  0.00000000     -1          2
108             0              0         0  0.00000000     -1          1
109           122            123         1  0.97272816      1          0
110           124            125         2  0.49774639      1          0
111             0              0         0  0.00000000     -1          2
112           126            127         2  0.64218789      1          0
113             0              0         0  0.00000000     -1          2
114             0              0         0  0.00000000     -1          1
115             0              0         0  0.00000000     -1          2
116             0              0         0  0.00000000     -1          1
117             0              0         0  0.00000000     -1          1
118             0              0         0  0.00000000     -1          1
119             0              0         0  0.00000000     -1          2
120             0              0         0  0.00000000     -1          2
121             0              0         0  0.00000000     -1          2
122             0              0         0  0.00000000     -1          2
123             0              0         0  0.00000000     -1          2
124             0              0         0  0.00000000     -1          1
125             0              0         0  0.00000000     -1          1
126             0              0         0  0.00000000     -1          1
127             0              0         0  0.00000000     -1          2
