    left daughter right daughter split var split point status prediction
1               2              3         1  0.24764274      1          0
2               4              5         1  0.04404009      1          0
3               6              7         2  0.49327833      1          0
4               8              9         2  0.48741779      1          0
5              10             11         2  0.49538620      1          0
6              12             13         1  0.50023000      1          0
7              14             15         1  0.49134636      1          0
8              16             17         1  0.03252080      1          0
9              18             19         2  0.61854666      1          0
10             20             21         2  0.05415559      1          0
11             22             23         1  0.05807761      1          0
12             24             25         1  0.44181228      1          0
13             26             27         1  0.88876625      1          0
14             28             29         1  0.25016448      1          0
15             30             31         2  0.82401883      1          0
16              0              0         0  0.00000000     -1          1
17              0              0         0  0.00000000     -1          1
18              0              0         0  0.00000000     -1          2
19              0              0         0  0.00000000     -1          2
20              0              0         0  0.00000000     -1          1
21             32             33         1  0.06683302      1          0
22              0              0         0  0.00000000     -1          2
23             34             35         2  0.85134928      1          0
24             36             37         2  0.02818425      1          0
25             38             39         1  0.44315835      1          0
26             40             41         2  0.08687376      1          0
27             42             43         2  0.08613236      1          0
28              0              0         0  0.00000000     -1          1
29             44             45         1  0.45945067      1          0
30             46             47         1  0.99286570      1          0
31             48             49         1  0.55409999      1          0
32              0              0         0  0.00000000     -1          2
33             50             51         1  0.12110887      1          0
34              0              0         0  0.00000000     -1          2
35             52             53         1  0.17366714      1          0
36              0              0         0  0.00000000     -1          1
37              0              0         0  0.00000000     -1          1
38              0              0         0  0.00000000     -1          2
39             54             55         1  0.47061066      1          0
40             56             57         2  0.08180907      1          0
41             58             59         2  0.15763916      1          0
42              0              0         0  0.00000000     -1          1
43             60             61         1  0.98038925      1          0
44             62             63         1  0.44984451      1          0
45              0              0         0  0.00000000     -1          2
46             64             65         1  0.50193405      1          0
47              0              0         0  0.00000000     -1          2
48              0              0         0  0.00000000     -1          1
49             66             67         1  0.98568126      1          0
50             68             69         1  0.10537053      1          0
51             70             71         2  0.24556001      1          0
52              0              0         0  0.00000000     -1          2
53              0              0         0  0.00000000     -1          2
54              0              0         0  0.00000000     -1          1
55              0              0         0  0.00000000     -1          1
56             72             73         1  0.76166186      1          0
57              0              0         0  0.00000000     -1          1
58              0              0         0  0.00000000     -1          2
59             74             75         1  0.57546746      1          0
60             76             77         2  0.36717034      1          0
61              0              0         0  0.00000000     -1          2
62             78             79         2  0.50046485      1          0
63              0              0         0  0.00000000     -1          1
64              0              0         0  0.00000000     -1          2
65             80             81         1  0.63871797      1          0
66              0              0         0  0.00000000     -1          1
67              0              0         0  0.00000000     -1          1
68              0              0         0  0.00000000     -1          1
69              0              0         0  0.00000000     -1          2
70             82             83         2  0.24288395      1          0
71              0              0         0  0.00000000     -1          1
72             84             85         1  0.72306997      1          0
73              0              0         0  0.00000000     -1          2
74             86             87         1  0.56897984      1          0
75             88             89         2  0.16676713      1          0
76             90             91         2  0.36071124      1          0
77              0              0         0  0.00000000     -1          2
78              0              0         0  0.00000000     -1          1
79             92             93         1  0.39594704      1          0
80             94             95         2  0.70660121      1          0
81             96             97         1  0.66842155      1          0
82              0              0         0  0.00000000     -1          1
83              0              0         0  0.00000000     -1          2
84             98             99         2  0.02790978      1          0
85              0              0         0  0.00000000     -1          1
86            100            101         1  0.54922485      1          0
87              0              0         0  0.00000000     -1          1
88              0              0         0  0.00000000     -1          1
89            102            103         1  0.75074606      1          0
90            104            105         2  0.18107487      1          0
91              0              0         0  0.00000000     -1          1
92            106            107         1  0.39299881      1          0
93              0              0         0  0.00000000     -1          2
94              0              0         0  0.00000000     -1          1
95              0              0         0  0.00000000     -1          1
96              0              0         0  0.00000000     -1          2
97            108            109         1  0.82395731      1          0
98              0              0         0  0.00000000     -1          2
99            110            111         1  0.62703491      1          0
100             0              0         0  0.00000000     -1          2
101             0              0         0  0.00000000     -1          2
102           112            113         2  0.42813766      1          0
103             0              0         0  0.00000000     -1          2
104             0              0         0  0.00000000     -1          2
105           114            115         2  0.31790492      1          0
106           116            117         1  0.25723917      1          0
107             0              0         0  0.00000000     -1          1
108           118            119         2  0.69143244      1          0
109           120            121         2  0.79329126      1          0
110             0              0         0  0.00000000     -1          2
111             0              0         0  0.00000000     -1          2
112           122            123         2  0.26024771      1          0
113             0              0         0  0.00000000     -1          2
114             0              0         0  0.00000000     -1          2
115             0              0         0  0.00000000     -1          2
116             0              0         0  0.00000000     -1          2
117           124            125         2  0.98471631      1          0
118             0              0         0  0.00000000     -1          1
119             0              0         0  0.00000000     -1          1
120           126            127         2  0.67236853      1          0
121             0              0         0  0.00000000     -1          2
122             0              0         0  0.00000000     -1          2
123             0              0         0  0.00000000     -1          2
124             0              0         0  0.00000000     -1          2
125             0              0         0  0.00000000     -1          1
126             0              0         0  0.00000000     -1          1
127             0              0         0  0.00000000     -1          1
