    left daughter right daughter split var split point status prediction
1               2              3         1  0.04205019      1          0
2               4              5         1  0.03547642      1          0
3               6              7         1  0.17372425      1          0
4               0              0         0  0.00000000     -1          1
5               0              0         0  0.00000000     -1          1
6               8              9         1  0.17027085      1          0
7              10             11         2  0.45320345      1          0
8              12             13         1  0.15277628      1          0
9               0              0         0  0.00000000     -1          2
10             14             15         1  0.49888960      1          0
11             16             17         1  0.50286054      1          0
12             18             19         1  0.06808570      1          0
13             20             21         1  0.15581396      1          0
14             22             23         2  0.17071208      1          0
15             24             25         1  0.97258715      1          0
16             26             27         1  0.24701562      1          0
17             28             29         2  0.49372081      1          0
18             30             31         2  0.03857413      1          0
19             32             33         2  0.48761601      1          0
20              0              0         0  0.00000000     -1          1
21              0              0         0  0.00000000     -1          2
22              0              0         0  0.00000000     -1          1
23             34             35         1  0.40285066      1          0
24             36             37         2  0.01814877      1          0
25             38             39         1  0.97407934      1          0
26             40             41         2  0.49939688      1          0
27             42             43         1  0.24965468      1          0
28              0              0         0  0.00000000     -1          2
29             44             45         2  0.90902693      1          0
30              0              0         0  0.00000000     -1          1
31             46             47         1  0.05384352      1          0
32             48             49         2  0.27841696      1          0
33             50             51         2  0.92798156      1          0
34              0              0         0  0.00000000     -1          1
35             52             53         2  0.23841612      1          0
36              0              0         0  0.00000000     -1          2
37             54             55         1  0.54915349      1          0
38              0              0         0  0.00000000     -1          1
39              0              0         0  0.00000000     -1          2
40              0              0         0  0.00000000     -1          1
41              0              0         0  0.00000000     -1          2
42              0              0         0  0.00000000     -1          1
43             56             57         2  0.50046485      1          0
44             58             59         2  0.74251798      1          0
45              0              0         0  0.00000000     -1          1
46              0              0         0  0.00000000     -1          2
47              0              0         0  0.00000000     -1          2
48              0              0         0  0.00000000     -1          1
49              0              0         0  0.00000000     -1          1
50              0              0         0  0.00000000     -1          2
51              0              0         0  0.00000000     -1          2
52              0              0         0  0.00000000     -1          2
53              0              0         0  0.00000000     -1          1
54             60             61         1  0.50701354      1          0
55             62             63         1  0.95306881      1          0
56             64             65         2  0.47685998      1          0
57             66             67         1  0.35468527      1          0
58             68             69         2  0.69422472      1          0
59             70             71         1  0.63397348      1          0
60              0              0         0  0.00000000     -1          2
61             72             73         1  0.54709984      1          0
62             74             75         2  0.25795693      1          0
63              0              0         0  0.00000000     -1          2
64              0              0         0  0.00000000     -1          1
65              0              0         0  0.00000000     -1          1
66             76             77         2  0.98471631      1          0
67             78             79         2  0.55984869      1          0
68             80             81         1  0.94177494      1          0
69              0              0         0  0.00000000     -1          1
70              0              0         0  0.00000000     -1          1
71             82             83         2  0.76314680      1          0
72             84             85         2  0.04982167      1          0
73              0              0         0  0.00000000     -1          1
74             86             87         1  0.74710690      1          0
75             88             89         1  0.68272330      1          0
76             90             91         1  0.25240704      1          0
77              0              0         0  0.00000000     -1          1
78              0              0         0  0.00000000     -1          2
79             92             93         1  0.36336264      1          0
80             94             95         2  0.69361170      1          0
81              0              0         0  0.00000000     -1          1
82              0              0         0  0.00000000     -1          2
83             96             97         2  0.90613887      1          0
84              0              0         0  0.00000000     -1          1
85             98             99         1  0.53339725      1          0
86            100            101         1  0.65300221      1          0
87            102            103         1  0.76228842      1          0
88            104            105         1  0.67648354      1          0
89              0              0         0  0.00000000     -1          2
90              0              0         0  0.00000000     -1          2
91              0              0         0  0.00000000     -1          2
92              0              0         0  0.00000000     -1          1
93            106            107         2  0.72050466      1          0
94            108            109         2  0.53341527      1          0
95              0              0         0  0.00000000     -1          2
96            110            111         1  0.90493413      1          0
97              0              0         0  0.00000000     -1          2
98              0              0         0  0.00000000     -1          2
99              0              0         0  0.00000000     -1          2
100           112            113         1  0.63905654      1          0
101             0              0         0  0.00000000     -1          2
102             0              0         0  0.00000000     -1          1
103           114            115         1  0.87574286      1          0
104             0              0         0  0.00000000     -1          2
105             0              0         0  0.00000000     -1          1
106           116            117         1  0.45988906      1          0
107             0              0         0  0.00000000     -1          2
108           118            119         2  0.53068859      1          0
109           120            121         1  0.65244588      1          0
110           122            123         2  0.87811685      1          0
111             0              0         0  0.00000000     -1          2
112           124            125         2  0.07111421      1          0
113             0              0         0  0.00000000     -1          1
114           126            127         2  0.08932487      1          0
115             0              0         0  0.00000000     -1          2
116             0              0         0  0.00000000     -1          2
117             0              0         0  0.00000000     -1          2
118             0              0         0  0.00000000     -1          1
119             0              0         0  0.00000000     -1          2
120             0              0         0  0.00000000     -1          1
121             0              0         0  0.00000000     -1          1
122             0              0         0  0.00000000     -1          1
123             0              0         0  0.00000000     -1          1
124             0              0         0  0.00000000     -1          2
125             0              0         0  0.00000000     -1          2
126             0              0         0  0.00000000     -1          2
127             0              0         0  0.00000000     -1          2
