    left daughter right daughter split var split point status prediction
1               2              3         2  0.05161575      1          0
2               4              5         1  0.55820619      1          0
3               6              7         1  0.94908570      1          0
4               8              9         2  0.02793879      1          0
5               0              0         0  0.00000000     -1          2
6              10             11         1  0.48269159      1          0
7              12             13         2  0.51127891      1          0
8               0              0         0  0.00000000     -1          1
9               0              0         0  0.00000000     -1          1
10             14             15         2  0.49989845      1          0
11             16             17         1  0.49802934      1          0
12             18             19         2  0.36740123      1          0
13              0              0         0  0.00000000     -1          1
14             20             21         2  0.43941354      1          0
15             22             23         1  0.05807761      1          0
16             24             25         2  0.46934865      1          0
17             26             27         1  0.88059445      1          0
18             28             29         2  0.30005162      1          0
19              0              0         0  0.00000000     -1          2
20             30             31         1  0.40285066      1          0
21              0              0         0  0.00000000     -1          1
22              0              0         0  0.00000000     -1          2
23             32             33         1  0.16188490      1          0
24              0              0         0  0.00000000     -1          1
25              0              0         0  0.00000000     -1          1
26             34             35         2  0.49983496      1          0
27             36             37         2  0.49612263      1          0
28             38             39         2  0.26317795      1          0
29              0              0         0  0.00000000     -1          1
30             40             41         1  0.12003868      1          0
31             42             43         1  0.40625458      1          0
32             44             45         1  0.10433095      1          0
33             46             47         1  0.16329644      1          0
34             48             49         1  0.68245965      1          0
35             50             51         1  0.88004797      1          0
36             52             53         1  0.89046744      1          0
37              0              0         0  0.00000000     -1          1
38             54             55         2  0.24497124      1          0
39              0              0         0  0.00000000     -1          2
40             56             57         1  0.10537053      1          0
41             58             59         1  0.21384610      1          0
42              0              0         0  0.00000000     -1          2
43             60             61         2  0.42041303      1          0
44             62             63         1  0.10170352      1          0
45              0              0         0  0.00000000     -1          2
46              0              0         0  0.00000000     -1          1
47             64             65         1  0.25807987      1          0
48             66             67         1  0.67919870      1          0
49             68             69         1  0.74083778      1          0
50             70             71         1  0.85501987      1          0
51              0              0         0  0.00000000     -1          2
52              0              0         0  0.00000000     -1          1
53              0              0         0  0.00000000     -1          2
54             72             73         1  0.96104946      1          0
55              0              0         0  0.00000000     -1          1
56             74             75         2  0.39093110      1          0
57              0              0         0  0.00000000     -1          2
58             76             77         1  0.20755839      1          0
59              0              0         0  0.00000000     -1          1
60             78             79         2  0.18896411      1          0
61              0              0         0  0.00000000     -1          2
62              0              0         0  0.00000000     -1          2
63              0              0         0  0.00000000     -1          1
64             80             81         2  0.56220450      1          0
65             82             83         1  0.36042109      1          0
66             84             85         1  0.59793727      1          0
67              0              0         0  0.00000000     -1          1
68              0              0         0  0.00000000     -1          2
69             86             87         1  0.74172063      1          0
70             88             89         1  0.55387641      1          0
71              0              0         0  0.00000000     -1          1
72              0              0         0  0.00000000     -1          2
73              0              0         0  0.00000000     -1          2
74             90             91         2  0.15199117      1          0
75              0              0         0  0.00000000     -1          2
76              0              0         0  0.00000000     -1          1
77              0              0         0  0.00000000     -1          2
78              0              0         0  0.00000000     -1          1
79             92             93         1  0.47605367      1          0
80              0              0         0  0.00000000     -1          2
81             94             95         1  0.24764274      1          0
82             96             97         2  0.98471631      1          0
83             98             99         1  0.36741360      1          0
84            100            101         1  0.59602010      1          0
85            102            103         1  0.64980030      1          0
86              0              0         0  0.00000000     -1          1
87            104            105         2  0.09004853      1          0
88            106            107         2  0.72522638      1          0
89            108            109         2  0.64119502      1          0
90              0              0         0  0.00000000     -1          1
91              0              0         0  0.00000000     -1          1
92              0              0         0  0.00000000     -1          1
93              0              0         0  0.00000000     -1          2
94            110            111         2  0.68362015      1          0
95              0              0         0  0.00000000     -1          1
96              0              0         0  0.00000000     -1          2
97              0              0         0  0.00000000     -1          1
98              0              0         0  0.00000000     -1          1
99            112            113         2  0.55842046      1          0
100           114            115         2  0.32375450      1          0
101             0              0         0  0.00000000     -1          1
102             0              0         0  0.00000000     -1          2
103           116            117         1  0.65300221      1          0
104             0              0         0  0.00000000     -1          2
105           118            119         1  0.84582418      1          0
106             0              0         0  0.00000000     -1          1
107           120            121         2  0.93274353      1          0
108             0              0         0  0.00000000     -1          1
109           122            123         2  0.64567833      1          0
110             0              0         0  0.00000000     -1          2
111             0              0         0  0.00000000     -1          2
112             0              0         0  0.00000000     -1          2
113           124            125         1  0.45566359      1          0
114           126            127         1  0.57855297      1          0
115             0              0         0  0.00000000     -1          2
116             0              0         0  0.00000000     -1          1
117             0              0         0  0.00000000     -1          2
118             0              0         0  0.00000000     -1          2
119             0              0         0  0.00000000     -1          2
120             0              0         0  0.00000000     -1          1
121             0              0         0  0.00000000     -1          1
122             0              0         0  0.00000000     -1          2
123             0              0         0  0.00000000     -1          1
124             0              0         0  0.00000000     -1          2
125             0              0         0  0.00000000     -1          2
126             0              0         0  0.00000000     -1          2
127             0              0         0  0.00000000     -1          2
