    left daughter right daughter split var split point status prediction
1               2              3         2  0.69081642      1          0
2               4              5         1  0.49765970      1          0
3               6              7         2  0.84334139      1          0
4               8              9         1  0.17372425      1          0
5              10             11         1  0.50654675      1          0
6              12             13         1  0.49044904      1          0
7              14             15         1  0.49086239      1          0
8              16             17         2  0.48761601      1          0
9              18             19         2  0.49767798      1          0
10              0              0         0  0.00000000     -1          2
11             20             21         2  0.49371041      1          0
12             22             23         1  0.45566359      1          0
13             24             25         1  0.82511727      1          0
14             26             27         1  0.06089326      1          0
15             28             29         2  0.89086839      1          0
16             30             31         1  0.12003868      1          0
17             32             33         2  0.66979930      1          0
18             34             35         1  0.28263630      1          0
19             36             37         2  0.56268923      1          0
20             38             39         1  0.50992845      1          0
21             40             41         2  0.64095868      1          0
22             42             43         1  0.04201599      1          0
23              0              0         0  0.00000000     -1          2
24             44             45         2  0.71337569      1          0
25             46             47         2  0.79506279      1          0
26              0              0         0  0.00000000     -1          1
27             48             49         2  0.97335348      1          0
28              0              0         0  0.00000000     -1          1
29             50             51         2  0.89480647      1          0
30             52             53         2  0.36007591      1          0
31              0              0         0  0.00000000     -1          1
32              0              0         0  0.00000000     -1          2
33              0              0         0  0.00000000     -1          1
34             54             55         1  0.21364102      1          0
35             56             57         2  0.02839559      1          0
36             58             59         1  0.25969092      1          0
37             60             61         2  0.65782246      1          0
38              0              0         0  0.00000000     -1          1
39             62             63         1  0.97938427      1          0
40             64             65         2  0.49971931      1          0
41             66             67         1  0.85639244      1          0
42              0              0         0  0.00000000     -1          2
43              0              0         0  0.00000000     -1          2
44              0              0         0  0.00000000     -1          1
45              0              0         0  0.00000000     -1          1
46              0              0         0  0.00000000     -1          1
47              0              0         0  0.00000000     -1          2
48             68             69         2  0.92539345      1          0
49              0              0         0  0.00000000     -1          2
50              0              0         0  0.00000000     -1          2
51             70             71         2  0.93975632      1          0
52             72             73         2  0.31777100      1          0
53              0              0         0  0.00000000     -1          1
54             74             75         1  0.20755839      1          0
55              0              0         0  0.00000000     -1          1
56              0              0         0  0.00000000     -1          1
57             76             77         2  0.47350223      1          0
58              0              0         0  0.00000000     -1          1
59              0              0         0  0.00000000     -1          2
60              0              0         0  0.00000000     -1          2
61              0              0         0  0.00000000     -1          2
62             78             79         1  0.68245965      1          0
63              0              0         0  0.00000000     -1          2
64              0              0         0  0.00000000     -1          1
65             80             81         1  0.94964853      1          0
66             82             83         1  0.52418952      1          0
67              0              0         0  0.00000000     -1          2
68             84             85         2  0.88150711      1          0
69             86             87         1  0.27818711      1          0
70             88             89         2  0.93498533      1          0
71              0              0         0  0.00000000     -1          1
72             90             91         1  0.06755995      1          0
73              0              0         0  0.00000000     -1          2
74              0              0         0  0.00000000     -1          1
75              0              0         0  0.00000000     -1          2
76             92             93         2  0.22052763      1          0
77              0              0         0  0.00000000     -1          1
78             94             95         2  0.35754781      1          0
79             96             97         2  0.15489779      1          0
80             98             99         2  0.53332004      1          0
81              0              0         0  0.00000000     -1          1
82              0              0         0  0.00000000     -1          2
83            100            101         1  0.67267125      1          0
84            102            103         2  0.87426281      1          0
85              0              0         0  0.00000000     -1          2
86              0              0         0  0.00000000     -1          2
87              0              0         0  0.00000000     -1          2
88            104            105         2  0.91128749      1          0
89              0              0         0  0.00000000     -1          2
90            106            107         2  0.16838373      1          0
91              0              0         0  0.00000000     -1          1
92            108            109         1  0.39838532      1          0
93            110            111         2  0.37758169      1          0
94            112            113         2  0.34889438      1          0
95            114            115         2  0.43342577      1          0
96            116            117         2  0.14660367      1          0
97            118            119         2  0.28948988      1          0
98              0              0         0  0.00000000     -1          1
99              0              0         0  0.00000000     -1          1
100             0              0         0  0.00000000     -1          1
101             0              0         0  0.00000000     -1          1
102             0              0         0  0.00000000     -1          2
103             0              0         0  0.00000000     -1          1
104             0              0         0  0.00000000     -1          1
105             0              0         0  0.00000000     -1          1
106             0              0         0  0.00000000     -1          2
107             0              0         0  0.00000000     -1          1
108             0              0         0  0.00000000     -1          1
109           120            121         1  0.41148505      1          0
110           122            123         2  0.37315130      1          0
111             0              0         0  0.00000000     -1          1
112           124            125         2  0.21068861      1          0
113             0              0         0  0.00000000     -1          1
114             0              0         0  0.00000000     -1          2
115             0              0         0  0.00000000     -1          2
116           126            127         2  0.07798917      1          0
117             0              0         0  0.00000000     -1          1
118             0              0         0  0.00000000     -1          2
119             0              0         0  0.00000000     -1          2
120             0              0         0  0.00000000     -1          2
121             0              0         0  0.00000000     -1          1
122             0              0         0  0.00000000     -1          1
123             0              0         0  0.00000000     -1          2
124             0              0         0  0.00000000     -1          2
125             0              0         0  0.00000000     -1          2
126             0              0         0  0.00000000     -1          2
127             0              0         0  0.00000000     -1          2
