    left daughter right daughter split var split point status prediction
1               2              3         1  0.02029400      1          0
2               0              0         0  0.00000000     -1          1
3               4              5         1  0.88081229      1          0
4               6              7         1  0.88004221      1          0
5               8              9         1  0.89539268      1          0
6              10             11         2  0.61404659      1          0
7               0              0         0  0.00000000     -1          2
8              12             13         1  0.89108142      1          0
9              14             15         1  0.98919860      1          0
10             16             17         2  0.08458670      1          0
11             18             19         1  0.49134636      1          0
12              0              0         0  0.00000000     -1          1
13              0              0         0  0.00000000     -1          1
14             20             21         1  0.98707276      1          0
15              0              0         0  0.00000000     -1          2
16             22             23         2  0.04448601      1          0
17             24             25         1  0.46468210      1          0
18             26             27         1  0.05848661      1          0
19             28             29         2  0.65651272      1          0
20             30             31         1  0.95811786      1          0
21              0              0         0  0.00000000     -1          1
22             32             33         1  0.49393731      1          0
23             34             35         1  0.50666360      1          0
24             36             37         1  0.02425628      1          0
25             38             39         1  0.87950745      1          0
26              0              0         0  0.00000000     -1          2
27             40             41         2  0.98658893      1          0
28              0              0         0  0.00000000     -1          1
29             42             43         1  0.66842155      1          0
30             44             45         2  0.49378358      1          0
31             46             47         1  0.96242070      1          0
32              0              0         0  0.00000000     -1          1
33              0              0         0  0.00000000     -1          2
34             48             49         2  0.05625706      1          0
35              0              0         0  0.00000000     -1          2
36              0              0         0  0.00000000     -1          2
37             50             51         1  0.12062551      1          0
38             52             53         2  0.49774639      1          0
39              0              0         0  0.00000000     -1          1
40             54             55         1  0.25045627      1          0
41              0              0         0  0.00000000     -1          2
42             56             57         2  0.93885918      1          0
43             58             59         1  0.72190504      1          0
44             60             61         1  0.95672555      1          0
45             62             63         1  0.90554248      1          0
46              0              0         0  0.00000000     -1          2
47             64             65         1  0.97833921      1          0
48              0              0         0  0.00000000     -1          1
49              0              0         0  0.00000000     -1          1
50             66             67         1  0.09716753      1          0
51             68             69         2  0.49989845      1          0
52             70             71         2  0.28278845      1          0
53             72             73         1  0.49023898      1          0
54             74             75         2  0.67421600      1          0
55             76             77         2  0.72050466      1          0
56             78             79         2  0.91210378      1          0
57              0              0         0  0.00000000     -1          1
58              0              0         0  0.00000000     -1          1
59             80             81         1  0.72449598      1          0
60             82             83         2  0.03564211      1          0
61              0              0         0  0.00000000     -1          1
62              0              0         0  0.00000000     -1          2
63              0              0         0  0.00000000     -1          1
64              0              0         0  0.00000000     -1          1
65              0              0         0  0.00000000     -1          2
66             84             85         1  0.05642448      1          0
67              0              0         0  0.00000000     -1          2
68             86             87         1  0.44181228      1          0
69             88             89         2  0.56267828      1          0
70             90             91         1  0.87574286      1          0
71             92             93         1  0.51262747      1          0
72              0              0         0  0.00000000     -1          2
73              0              0         0  0.00000000     -1          1
74             94             95         1  0.18099966      1          0
75             96             97         1  0.24764274      1          0
76             98             99         2  0.71698150      1          0
77              0              0         0  0.00000000     -1          2
78            100            101         2  0.89681286      1          0
79              0              0         0  0.00000000     -1          1
80              0              0         0  0.00000000     -1          2
81            102            103         1  0.83995938      1          0
82              0              0         0  0.00000000     -1          1
83              0              0         0  0.00000000     -1          2
84            104            105         2  0.17450328      1          0
85              0              0         0  0.00000000     -1          1
86            106            107         2  0.24556001      1          0
87              0              0         0  0.00000000     -1          1
88              0              0         0  0.00000000     -1          2
89              0              0         0  0.00000000     -1          2
90            108            109         1  0.52699069      1          0
91              0              0         0  0.00000000     -1          1
92              0              0         0  0.00000000     -1          1
93            110            111         1  0.64913234      1          0
94              0              0         0  0.00000000     -1          2
95              0              0         0  0.00000000     -1          1
96            112            113         2  0.93115061      1          0
97              0              0         0  0.00000000     -1          1
98              0              0         0  0.00000000     -1          2
99              0              0         0  0.00000000     -1          1
100           114            115         1  0.64509798      1          0
101             0              0         0  0.00000000     -1          2
102             0              0         0  0.00000000     -1          1
103             0              0         0  0.00000000     -1          1
104             0              0         0  0.00000000     -1          2
105             0              0         0  0.00000000     -1          1
106           116            117         1  0.39838532      1          0
107             0              0         0  0.00000000     -1          1
108             0              0         0  0.00000000     -1          2
109           118            119         1  0.53339725      1          0
110             0              0         0  0.00000000     -1          2
111           120            121         2  0.49146444      1          0
112             0              0         0  0.00000000     -1          2
113             0              0         0  0.00000000     -1          2
114             0              0         0  0.00000000     -1          1
115             0              0         0  0.00000000     -1          2
116           122            123         2  0.24288395      1          0
117             0              0         0  0.00000000     -1          1
118             0              0         0  0.00000000     -1          1
119           124            125         2  0.27592124      1          0
120           126            127         1  0.65267736      1          0
121             0              0         0  0.00000000     -1          1
122             0              0         0  0.00000000     -1          1
123             0              0         0  0.00000000     -1          2
124             0              0         0  0.00000000     -1          2
125             0              0         0  0.00000000     -1          1
126             0              0         0  0.00000000     -1          1
127             0              0         0  0.00000000     -1          2
