    left daughter right daughter split var split point status prediction
1               2              3         1 0.972728158      1          0
2               4              5         1 0.949085695      1          0
3               6              7         2 0.105415270      1          0
4               8              9         1 0.007942249      1          0
5              10             11         1 0.960031990      1          0
6               0              0         0 0.000000000     -1          2
7              12             13         1 0.985434420      1          0
8               0              0         0 0.000000000     -1          1
9              14             15         1 0.174770443      1          0
10              0              0         0 0.000000000     -1          2
11             16             17         2 0.560247257      1          0
12              0              0         0 0.000000000     -1          1
13              0              0         0 0.000000000     -1          1
14             18             19         2 0.493110624      1          0
15             20             21         2 0.506738454      1          0
16              0              0         0 0.000000000     -1          2
17              0              0         0 0.000000000     -1          1
18             22             23         1 0.121108866      1          0
19             24             25         2 0.751282546      1          0
20             26             27         2 0.051042019      1          0
21             28             29         2 0.530688586      1          0
22             30             31         1 0.108983884      1          0
23              0              0         0 0.000000000     -1          1
24             32             33         2 0.728677717      1          0
25             34             35         2 0.880603964      1          0
26             36             37         2 0.030017335      1          0
27             38             39         2 0.483576342      1          0
28              0              0         0 0.000000000     -1          1
29             40             41         2 0.790077430      1          0
30             42             43         2 0.158739072      1          0
31              0              0         0 0.000000000     -1          2
32             44             45         1 0.020104669      1          0
33              0              0         0 0.000000000     -1          1
34             46             47         2 0.872881145      1          0
35              0              0         0 0.000000000     -1          2
36             48             49         1 0.492694211      1          0
37              0              0         0 0.000000000     -1          1
38             50             51         1 0.498889599      1          0
39             52             53         2 0.489949677      1          0
40             54             55         1 0.504894694      1          0
41             56             57         1 0.492292880      1          0
42              0              0         0 0.000000000     -1          1
43             58             59         1 0.080542927      1          0
44              0              0         0 0.000000000     -1          1
45             60             61         2 0.641979078      1          0
46              0              0         0 0.000000000     -1          2
47              0              0         0 0.000000000     -1          1
48              0              0         0 0.000000000     -1          1
49              0              0         0 0.000000000     -1          2
50             62             63         1 0.402839029      1          0
51             64             65         2 0.478756046      1          0
52              0              0         0 0.000000000     -1          2
53              0              0         0 0.000000000     -1          2
54             66             67         1 0.252407039      1          0
55             68             69         1 0.553859058      1          0
56             70             71         1 0.319693256      1          0
57             72             73         1 0.806470798      1          0
58             74             75         1 0.079096878      1          0
59              0              0         0 0.000000000     -1          1
60              0              0         0 0.000000000     -1          2
61              0              0         0 0.000000000     -1          2
62             76             77         1 0.225418258      1          0
63             78             79         1 0.405443506      1          0
64             80             81         2 0.354504642      1          0
65              0              0         0 0.000000000     -1          1
66              0              0         0 0.000000000     -1          2
67             82             83         1 0.451719501      1          0
68              0              0         0 0.000000000     -1          1
69             84             85         2 0.533547342      1          0
70             86             87         1 0.294366980      1          0
71              0              0         0 0.000000000     -1          2
72             88             89         2 0.885744549      1          0
73              0              0         0 0.000000000     -1          1
74             90             91         1 0.046045802      1          0
75              0              0         0 0.000000000     -1          2
76             92             93         2 0.162218214      1          0
77              0              0         0 0.000000000     -1          1
78              0              0         0 0.000000000     -1          2
79             94             95         1 0.480255999      1          0
80             96             97         2 0.350513657      1          0
81              0              0         0 0.000000000     -1          2
82             98             99         2 0.787327171      1          0
83              0              0         0 0.000000000     -1          2
84              0              0         0 0.000000000     -1          2
85            100            101         1 0.851944913      1          0
86            102            103         2 0.922151963      1          0
87              0              0         0 0.000000000     -1          1
88              0              0         0 0.000000000     -1          1
89            104            105         2 0.886810195      1          0
90              0              0         0 0.000000000     -1          1
91              0              0         0 0.000000000     -1          1
92              0              0         0 0.000000000     -1          1
93              0              0         0 0.000000000     -1          1
94            106            107         1 0.479367831      1          0
95            108            109         1 0.490029179      1          0
96            110            111         1 0.890467435      1          0
97              0              0         0 0.000000000     -1          1
98            112            113         1 0.393710446      1          0
99              0              0         0 0.000000000     -1          1
100           114            115         2 0.693611701      1          0
101           116            117         1 0.862051853      1          0
102             0              0         0 0.000000000     -1          2
103             0              0         0 0.000000000     -1          2
104             0              0         0 0.000000000     -1          2
105           118            119         1 0.654268154      1          0
106           120            121         1 0.416479538      1          0
107             0              0         0 0.000000000     -1          2
108             0              0         0 0.000000000     -1          1
109             0              0         0 0.000000000     -1          1
110           122            123         2 0.288967265      1          0
111             0              0         0 0.000000000     -1          2
112             0              0         0 0.000000000     -1          2
113             0              0         0 0.000000000     -1          2
114             0              0         0 0.000000000     -1          1
115           124            125         2 0.694224724      1          0
116             0              0         0 0.000000000     -1          2
117           126            127         2 0.766472947      1          0
118             0              0         0 0.000000000     -1          1
119             0              0         0 0.000000000     -1          1
120             0              0         0 0.000000000     -1          1
121             0              0         0 0.000000000     -1          1
122             0              0         0 0.000000000     -1          2
123             0              0         0 0.000000000     -1          2
124             0              0         0 0.000000000     -1          2
125             0              0         0 0.000000000     -1          1
126             0              0         0 0.000000000     -1          1
127             0              0         0 0.000000000     -1          1
