    left daughter right daughter split var split point status prediction
1               2              3         2 0.004062811      1          0
2               0              0         0 0.000000000     -1          1
3               4              5         1 0.020104669      1          0
4               0              0         0 0.000000000     -1          1
5               6              7         1 0.120977537      1          0
6               8              9         2 0.498152647      1          0
7              10             11         1 0.408492622      1          0
8              12             13         1 0.105370526      1          0
9              14             15         1 0.058077606      1          0
10             16             17         2 0.495386203      1          0
11             18             19         1 0.555632326      1          0
12             20             21         2 0.168383728      1          0
13              0              0         0 0.000000000     -1          2
14             22             23         1 0.053333061      1          0
15              0              0         0 0.000000000     -1          2
16             24             25         2 0.034918497      1          0
17             26             27         1 0.393710446      1          0
18             28             29         2 0.571653001      1          0
19             30             31         2 0.491464439      1          0
20              0              0         0 0.000000000     -1          1
21             32             33         2 0.330075157      1          0
22             34             35         1 0.038774665      1          0
23              0              0         0 0.000000000     -1          1
24              0              0         0 0.000000000     -1          2
25             36             37         2 0.245560010      1          0
26             38             39         1 0.173667136      1          0
27              0              0         0 0.000000000     -1          1
28             40             41         1 0.498646077      1          0
29             42             43         2 0.987117110      1          0
30             44             45         2 0.257956926      1          0
31             46             47         1 0.839959382      1          0
32              0              0         0 0.000000000     -1          1
33             48             49         1 0.043566188      1          0
34              0              0         0 0.000000000     -1          2
35              0              0         0 0.000000000     -1          2
36             50             51         2 0.242883952      1          0
37              0              0         0 0.000000000     -1          1
38             52             53         2 0.669408138      1          0
39             54             55         2 0.651074746      1          0
40             56             57         1 0.411373676      1          0
41             58             59         2 0.473328849      1          0
42             60             61         1 0.490862389      1          0
43              0              0         0 0.000000000     -1          1
44             62             63         1 0.845824180      1          0
45             64             65         1 0.980349515      1          0
46             66             67         2 0.641195020      1          0
47             68             69         2 0.641951543      1          0
48              0              0         0 0.000000000     -1          1
49              0              0         0 0.000000000     -1          1
50             70             71         1 0.228497211      1          0
51              0              0         0 0.000000000     -1          2
52              0              0         0 0.000000000     -1          2
53              0              0         0 0.000000000     -1          2
54             72             73         2 0.562678278      1          0
55             74             75         1 0.177504597      1          0
56              0              0         0 0.000000000     -1          2
57             76             77         1 0.446339102      1          0
58             78             79         2 0.171252725      1          0
59              0              0         0 0.000000000     -1          1
60              0              0         0 0.000000000     -1          2
61              0              0         0 0.000000000     -1          1
62             80             81         1 0.575072492      1          0
63             82             83         2 0.251031207      1          0
64             84             85         1 0.558494366      1          0
65              0              0         0 0.000000000     -1          1
66              0              0         0 0.000000000     -1          1
67             86             87         2 0.645678328      1          0
68             88             89         2 0.584680319      1          0
69             90             91         2 0.659364084      1          0
70             92             93         1 0.221384199      1          0
71              0              0         0 0.000000000     -1          1
72              0              0         0 0.000000000     -1          2
73              0              0         0 0.000000000     -1          2
74              0              0         0 0.000000000     -1          1
75             94             95         1 0.245109988      1          0
76             96             97         1 0.439361896      1          0
77             98             99         2 0.469348651      1          0
78              0              0         0 0.000000000     -1          2
79            100            101         2 0.238903938      1          0
80              0              0         0 0.000000000     -1          1
81            102            103         1 0.762288422      1          0
82            104            105         1 0.974079339      1          0
83              0              0         0 0.000000000     -1          1
84              0              0         0 0.000000000     -1          1
85            106            107         1 0.956725548      1          0
86              0              0         0 0.000000000     -1          2
87            108            109         2 0.888855133      1          0
88              0              0         0 0.000000000     -1          1
89              0              0         0 0.000000000     -1          1
90              0              0         0 0.000000000     -1          2
91            110            111         2 0.832876605      1          0
92            112            113         1 0.208967676      1          0
93              0              0         0 0.000000000     -1          2
94            114            115         2 0.696657625      1          0
95            116            117         1 0.250456271      1          0
96              0              0         0 0.000000000     -1          1
97              0              0         0 0.000000000     -1          1
98            118            119         2 0.224509590      1          0
99              0              0         0 0.000000000     -1          2
100             0              0         0 0.000000000     -1          1
101             0              0         0 0.000000000     -1          2
102           120            121         1 0.740689234      1          0
103             0              0         0 0.000000000     -1          2
104           122            123         2 0.119755128      1          0
105             0              0         0 0.000000000     -1          2
106           124            125         1 0.886600511      1          0
107             0              0         0 0.000000000     -1          2
108           126            127         2 0.885744549      1          0
109             0              0         0 0.000000000     -1          1
110             0              0         0 0.000000000     -1          1
111             0              0         0 0.000000000     -1          1
112             0              0         0 0.000000000     -1          1
113             0              0         0 0.000000000     -1          1
114             0              0         0 0.000000000     -1          2
115             0              0         0 0.000000000     -1          2
116             0              0         0 0.000000000     -1          1
117             0              0         0 0.000000000     -1          2
118             0              0         0 0.000000000     -1          1
119             0              0         0 0.000000000     -1          1
120             0              0         0 0.000000000     -1          2
121             0              0         0 0.000000000     -1          1
122             0              0         0 0.000000000     -1          2
123             0              0         0 0.000000000     -1          2
124             0              0         0 0.000000000     -1          2
125             0              0         0 0.000000000     -1          2
126             0              0         0 0.000000000     -1          1
127             0              0         0 0.000000000     -1          2
