    left daughter right daughter split var split point status prediction
1               2              3         2  0.43961183      1          0
2               4              5         2  0.42454831      1          0
3               6              7         2  0.46983443      1          0
4               8              9         2  0.01393026      1          0
5               0              0         0  0.00000000     -1          2
6              10             11         2  0.45053616      1          0
7              12             13         2  0.98730412      1          0
8               0              0         0  0.00000000     -1          1
9              14             15         1  0.49888960      1          0
10              0              0         0  0.00000000     -1          1
11             16             17         1  0.57986018      1          0
12             18             19         1  0.49639767      1          0
13              0              0         0  0.00000000     -1          1
14             20             21         1  0.12026934      1          0
15             22             23         2  0.35450464      1          0
16              0              0         0  0.00000000     -1          1
17              0              0         0  0.00000000     -1          2
18             24             25         2  0.49588778      1          0
19             26             27         1  0.82337330      1          0
20             28             29         1  0.10537053      1          0
21             30             31         2  0.02818425      1          0
22             32             33         2  0.35066285      1          0
23              0              0         0  0.00000000     -1          2
24              0              0         0  0.00000000     -1          1
25             34             35         2  0.87946973      1          0
26             36             37         1  0.73550879      1          0
27             38             39         2  0.49698749      1          0
28             40             41         1  0.06683302      1          0
29              0              0         0  0.00000000     -1          2
30              0              0         0  0.00000000     -1          2
31             42             43         1  0.40285066      1          0
32             44             45         1  0.73444487      1          0
33              0              0         0  0.00000000     -1          1
34             46             47         1  0.25240704      1          0
35             48             49         2  0.88823910      1          0
36             50             51         1  0.72107195      1          0
37              0              0         0  0.00000000     -1          1
38              0              0         0  0.00000000     -1          2
39             52             53         1  0.87358354      1          0
40             54             55         2  0.16838373      1          0
41              0              0         0  0.00000000     -1          1
42             56             57         2  0.24285893      1          0
43             58             59         2  0.16697228      1          0
44             60             61         2  0.21068861      1          0
45             62             63         2  0.28948988      1          0
46             64             65         2  0.67951280      1          0
47             66             67         1  0.45171950      1          0
48              0              0         0  0.00000000     -1          1
49             68             69         1  0.32725872      1          0
50             70             71         2  0.49983496      1          0
51              0              0         0  0.00000000     -1          1
52             72             73         2  0.75438188      1          0
53             74             75         2  0.64195154      1          0
54              0              0         0  0.00000000     -1          1
55              0              0         0  0.00000000     -1          1
56              0              0         0  0.00000000     -1          1
57             76             77         1  0.17575834      1          0
58              0              0         0  0.00000000     -1          1
59             78             79         1  0.41424489      1          0
60             80             81         1  0.68722652      1          0
61             82             83         2  0.21448461      1          0
62             84             85         2  0.28861746      1          0
63              0              0         0  0.00000000     -1          2
64             86             87         1  0.16188490      1          0
65             88             89         2  0.75439347      1          0
66              0              0         0  0.00000000     -1          2
67              0              0         0  0.00000000     -1          2
68             90             91         2  0.92215196      1          0
69              0              0         0  0.00000000     -1          2
70              0              0         0  0.00000000     -1          2
71             92             93         1  0.63927161      1          0
72              0              0         0  0.00000000     -1          1
73              0              0         0  0.00000000     -1          1
74              0              0         0  0.00000000     -1          1
75             94             95         1  0.96393532      1          0
76              0              0         0  0.00000000     -1          1
77              0              0         0  0.00000000     -1          1
78              0              0         0  0.00000000     -1          2
79              0              0         0  0.00000000     -1          1
80              0              0         0  0.00000000     -1          2
81              0              0         0  0.00000000     -1          2
82              0              0         0  0.00000000     -1          1
83             96             97         2  0.27390413      1          0
84             98             99         2  0.25911408      1          0
85              0              0         0  0.00000000     -1          1
86            100            101         1  0.02055636      1          0
87            102            103         1  0.16620669      1          0
88              0              0         0  0.00000000     -1          2
89              0              0         0  0.00000000     -1          2
90              0              0         0  0.00000000     -1          2
91            104            105         1  0.21417758      1          0
92              0              0         0  0.00000000     -1          1
93            106            107         2  0.74650697      1          0
94            108            109         1  0.90562338      1          0
95              0              0         0  0.00000000     -1          1
96            110            111         2  0.25795693      1          0
97            112            113         2  0.28045206      1          0
98            114            115         2  0.25292211      1          0
99              0              0         0  0.00000000     -1          2
100             0              0         0  0.00000000     -1          2
101             0              0         0  0.00000000     -1          2
102             0              0         0  0.00000000     -1          1
103           116            117         1  0.25177001      1          0
104             0              0         0  0.00000000     -1          2
105             0              0         0  0.00000000     -1          1
106           118            119         2  0.71595572      1          0
107             0              0         0  0.00000000     -1          1
108             0              0         0  0.00000000     -1          1
109             0              0         0  0.00000000     -1          1
110             0              0         0  0.00000000     -1          2
111             0              0         0  0.00000000     -1          2
112             0              0         0  0.00000000     -1          1
113           120            121         2  0.32411695      1          0
114           122            123         2  0.23827465      1          0
115             0              0         0  0.00000000     -1          1
116           124            125         2  0.65107475      1          0
117             0              0         0  0.00000000     -1          1
118           126            127         2  0.63769141      1          0
119             0              0         0  0.00000000     -1          2
120             0              0         0  0.00000000     -1          2
121             0              0         0  0.00000000     -1          2
122             0              0         0  0.00000000     -1          2
123             0              0         0  0.00000000     -1          2
124             0              0         0  0.00000000     -1          2
125             0              0         0  0.00000000     -1          1
126             0              0         0  0.00000000     -1          1
127             0              0         0  0.00000000     -1          1
