    left daughter right daughter split var split point status prediction
1               2              3         1  0.92688459      1          0
2               4              5         2  0.92337563      1          0
3               6              7         2  0.53864774      1          0
4               8              9         2  0.05191443      1          0
5              10             11         1  0.49537875      1          0
6              12             13         1  0.99107163      1          0
7              14             15         1  0.96242445      1          0
8              16             17         2  0.04291926      1          0
9              18             19         2  0.43957297      1          0
10             20             21         1  0.29631831      1          0
11              0              0         0  0.00000000     -1          1
12             22             23         2  0.17291136      1          0
13              0              0         0  0.00000000     -1          2
14              0              0         0  0.00000000     -1          2
15             24             25         1  0.98568126      1          0
16             26             27         1  0.49393731      1          0
17              0              0         0  0.00000000     -1          1
18             28             29         2  0.25851998      1          0
19             30             31         2  0.69477903      1          0
20              0              0         0  0.00000000     -1          2
21             32             33         2  0.98652304      1          0
22              0              0         0  0.00000000     -1          2
23             34             35         2  0.17575330      1          0
24              0              0         0  0.00000000     -1          1
25              0              0         0  0.00000000     -1          1
26              0              0         0  0.00000000     -1          1
27              0              0         0  0.00000000     -1          2
28             36             37         1  0.46677889      1          0
29             38             39         2  0.28861746      1          0
30             40             41         1  0.47974346      1          0
31             42             43         2  0.76306364      1          0
32              0              0         0  0.00000000     -1          2
33              0              0         0  0.00000000     -1          1
34              0              0         0  0.00000000     -1          1
35             44             45         2  0.36717034      1          0
36             46             47         2  0.12468566      1          0
37             48             49         1  0.65300221      1          0
38             50             51         1  0.40060334      1          0
39             52             53         1  0.54915349      1          0
40             54             55         1  0.26135445      1          0
41             56             57         1  0.65291491      1          0
42             58             59         2  0.73235968      1          0
43             60             61         1  0.49086239      1          0
44             62             63         2  0.34908535      1          0
45              0              0         0  0.00000000     -1          2
46             64             65         2  0.05668651      1          0
47             66             67         1  0.07604120      1          0
48             68             69         1  0.64631765      1          0
49             70             71         2  0.23679591      1          0
50              0              0         0  0.00000000     -1          1
51             72             73         2  0.28116730      1          0
52             74             75         1  0.43936190      1          0
53             76             77         2  0.29028540      1          0
54             78             79         2  0.49265804      1          0
55             80             81         2  0.49324168      1          0
56             82             83         1  0.49254652      1          0
57             84             85         2  0.49891106      1          0
58             86             87         2  0.72756283      1          0
59              0              0         0  0.00000000     -1          2
60             88             89         1  0.01789060      1          0
61             90             91         2  0.88425588      1          0
62              0              0         0  0.00000000     -1          2
63              0              0         0  0.00000000     -1          1
64              0              0         0  0.00000000     -1          1
65              0              0         0  0.00000000     -1          1
66              0              0         0  0.00000000     -1          2
67             92             93         1  0.39373615      1          0
68             94             95         1  0.59793727      1          0
69              0              0         0  0.00000000     -1          1
70             96             97         2  0.15489779      1          0
71              0              0         0  0.00000000     -1          2
72              0              0         0  0.00000000     -1          2
73              0              0         0  0.00000000     -1          2
74             98             99         1  0.12162127      1          0
75              0              0         0  0.00000000     -1          1
76              0              0         0  0.00000000     -1          1
77            100            101         2  0.43206747      1          0
78              0              0         0  0.00000000     -1          1
79            102            103         1  0.24368205      1          0
80              0              0         0  0.00000000     -1          1
81            104            105         1  0.39371045      1          0
82              0              0         0  0.00000000     -1          1
83            106            107         2  0.47875605      1          0
84              0              0         0  0.00000000     -1          2
85            108            109         2  0.53332004      1          0
86            110            111         2  0.72050466      1          0
87              0              0         0  0.00000000     -1          1
88              0              0         0  0.00000000     -1          1
89            112            113         2  0.78913424      1          0
90            114            115         1  0.87590285      1          0
91              0              0         0  0.00000000     -1          1
92            116            117         2  0.24285893      1          0
93              0              0         0  0.00000000     -1          1
94            118            119         1  0.59567326      1          0
95              0              0         0  0.00000000     -1          2
96            120            121         2  0.15134826      1          0
97              0              0         0  0.00000000     -1          2
98              0              0         0  0.00000000     -1          1
99              0              0         0  0.00000000     -1          1
100             0              0         0  0.00000000     -1          2
101             0              0         0  0.00000000     -1          2
102           122            123         2  0.64197908      1          0
103             0              0         0  0.00000000     -1          1
104             0              0         0  0.00000000     -1          2
105           124            125         1  0.39625659      1          0
106             0              0         0  0.00000000     -1          1
107           126            127         2  0.68752435      1          0
108             0              0         0  0.00000000     -1          1
109             0              0         0  0.00000000     -1          1
110             0              0         0  0.00000000     -1          2
111             0              0         0  0.00000000     -1          2
112             0              0         0  0.00000000     -1          2
113             0              0         0  0.00000000     -1          2
114             0              0         0  0.00000000     -1          1
115             0              0         0  0.00000000     -1          1
116             0              0         0  0.00000000     -1          1
117             0              0         0  0.00000000     -1          2
118             0              0         0  0.00000000     -1          2
119             0              0         0  0.00000000     -1          1
120             0              0         0  0.00000000     -1          2
121             0              0         0  0.00000000     -1          1
122             0              0         0  0.00000000     -1          2
123             0              0         0  0.00000000     -1          2
124             0              0         0  0.00000000     -1          1
125             0              0         0  0.00000000     -1          2
126             0              0         0  0.00000000     -1          1
127             0              0         0  0.00000000     -1          1
