    left daughter right daughter split var split point status prediction
1               2              3         2  0.41505886      1          0
2               4              5         2  0.35432280      1          0
3               6              7         1  0.50116603      1          0
4               8              9         2  0.34828707      1          0
5              10             11         2  0.36091323      1          0
6              12             13         1  0.05807761      1          0
7              14             15         1  0.95065605      1          0
8              16             17         2  0.33062509      1          0
9               0              0         0  0.00000000     -1          1
10              0              0         0  0.00000000     -1          2
11             18             19         1  0.44101509      1          0
12             20             21         1  0.05015994      1          0
13             22             23         2  0.50046485      1          0
14             24             25         2  0.49371041      1          0
15             26             27         1  0.96242445      1          0
16             28             29         1  0.49888960      1          0
17              0              0         0  0.00000000     -1          2
18             30             31         1  0.05609879      1          0
19             32             33         2  0.36717034      1          0
20             34             35         2  0.48741779      1          0
21              0              0         0  0.00000000     -1          1
22             36             37         2  0.43941354      1          0
23             38             39         1  0.45074648      1          0
24             40             41         2  0.43441145      1          0
25             42             43         1  0.88022907      1          0
26              0              0         0  0.00000000     -1          2
27             44             45         1  0.98568126      1          0
28             46             47         2  0.17431863      1          0
29             48             49         2  0.31928325      1          0
30              0              0         0  0.00000000     -1          1
31              0              0         0  0.00000000     -1          1
32              0              0         0  0.00000000     -1          2
33             50             51         1  0.49656112      1          0
34              0              0         0  0.00000000     -1          1
35             52             53         2  0.89635569      1          0
36              0              0         0  0.00000000     -1          1
37             54             55         1  0.48911572      1          0
38             56             57         1  0.16188490      1          0
39             58             59         1  0.45733474      1          0
40              0              0         0  0.00000000     -1          2
41              0              0         0  0.00000000     -1          2
42             60             61         1  0.88000762      1          0
43             62             63         2  0.75143172      1          0
44              0              0         0  0.00000000     -1          1
45              0              0         0  0.00000000     -1          1
46             64             65         1  0.09554282      1          0
47             66             67         1  0.45850521      1          0
48             68             69         1  0.87866266      1          0
49              0              0         0  0.00000000     -1          1
50              0              0         0  0.00000000     -1          2
51              0              0         0  0.00000000     -1          2
52              0              0         0  0.00000000     -1          2
53              0              0         0  0.00000000     -1          2
54              0              0         0  0.00000000     -1          1
55              0              0         0  0.00000000     -1          2
56             70             71         1  0.10509745      1          0
57             72             73         2  0.98589902      1          0
58              0              0         0  0.00000000     -1          1
59              0              0         0  0.00000000     -1          2
60             74             75         1  0.64189672      1          0
61              0              0         0  0.00000000     -1          2
62              0              0         0  0.00000000     -1          1
63             76             77         1  0.90562338      1          0
64              0              0         0  0.00000000     -1          2
65             78             79         2  0.17071208      1          0
66              0              0         0  0.00000000     -1          1
67              0              0         0  0.00000000     -1          1
68             80             81         1  0.87574286      1          0
69              0              0         0  0.00000000     -1          2
70             82             83         1  0.10150413      1          0
71              0              0         0  0.00000000     -1          2
72             84             85         2  0.56220450      1          0
73              0              0         0  0.00000000     -1          2
74             86             87         1  0.55409999      1          0
75             88             89         1  0.64873800      1          0
76              0              0         0  0.00000000     -1          1
77              0              0         0  0.00000000     -1          1
78              0              0         0  0.00000000     -1          1
79              0              0         0  0.00000000     -1          2
80             90             91         1  0.55563233      1          0
81              0              0         0  0.00000000     -1          1
82              0              0         0  0.00000000     -1          2
83              0              0         0  0.00000000     -1          1
84              0              0         0  0.00000000     -1          2
85             92             93         1  0.16535838      1          0
86             94             95         1  0.54973254      1          0
87              0              0         0  0.00000000     -1          1
88              0              0         0  0.00000000     -1          2
89             96             97         2  0.63771832      1          0
90             98             99         1  0.53000898      1          0
91            100            101         2  0.13805180      1          0
92              0              0         0  0.00000000     -1          1
93            102            103         2  0.66464678      1          0
94            104            105         2  0.71550837      1          0
95              0              0         0  0.00000000     -1          2
96            106            107         1  0.86448132      1          0
97            108            109         2  0.65651272      1          0
98            110            111         2  0.18520267      1          0
99              0              0         0  0.00000000     -1          2
100           112            113         2  0.13052800      1          0
101           114            115         1  0.56237711      1          0
102             0              0         0  0.00000000     -1          2
103           116            117         2  0.66851223      1          0
104             0              0         0  0.00000000     -1          1
105             0              0         0  0.00000000     -1          1
106             0              0         0  0.00000000     -1          1
107             0              0         0  0.00000000     -1          1
108             0              0         0  0.00000000     -1          2
109           118            119         2  0.74473863      1          0
110             0              0         0  0.00000000     -1          2
111             0              0         0  0.00000000     -1          2
112           120            121         2  0.02101513      1          0
113             0              0         0  0.00000000     -1          1
114             0              0         0  0.00000000     -1          1
115           122            123         2  0.25911408      1          0
116             0              0         0  0.00000000     -1          1
117           124            125         1  0.17750460      1          0
118           126            127         1  0.67957422      1          0
119             0              0         0  0.00000000     -1          1
120             0              0         0  0.00000000     -1          2
121             0              0         0  0.00000000     -1          2
122             0              0         0  0.00000000     -1          2
123             0              0         0  0.00000000     -1          2
124             0              0         0  0.00000000     -1          2
125             0              0         0  0.00000000     -1          2
126             0              0         0  0.00000000     -1          2
127             0              0         0  0.00000000     -1          1
