    left daughter right daughter split var split point status prediction
1               2              3         2  0.95406673      1          0
2               4              5         1  0.02641237      1          0
3               6              7         1  0.46816010      1          0
4               8              9         1  0.01490778      1          0
5              10             11         2  0.89639875      1          0
6               0              0         0  0.00000000     -1          2
7               0              0         0  0.00000000     -1          1
8               0              0         0  0.00000000     -1          1
9               0              0         0  0.00000000     -1          1
10             12             13         1  0.12401787      1          0
11             14             15         1  0.49537875      1          0
12             16             17         2  0.50555537      1          0
13             18             19         2  0.44863168      1          0
14             20             21         2  0.93179904      1          0
15             22             23         1  0.65125576      1          0
16             24             25         1  0.03779257      1          0
17             26             27         1  0.05807761      1          0
18             28             29         2  0.20823052      1          0
19             30             31         1  0.49977467      1          0
20              0              0         0  0.00000000     -1          2
21              0              0         0  0.00000000     -1          2
22              0              0         0  0.00000000     -1          2
23              0              0         0  0.00000000     -1          1
24              0              0         0  0.00000000     -1          2
25             32             33         1  0.06755995      1          0
26              0              0         0  0.00000000     -1          2
27              0              0         0  0.00000000     -1          2
28             34             35         1  0.49802934      1          0
29             36             37         1  0.49880754      1          0
30             38             39         2  0.49538620      1          0
31             40             41         1  0.52455064      1          0
32              0              0         0  0.00000000     -1          1
33             42             43         2  0.33007516      1          0
34             44             45         2  0.02818425      1          0
35             46             47         2  0.15134826      1          0
36             48             49         1  0.40849262      1          0
37             50             51         2  0.32375450      1          0
38              0              0         0  0.00000000     -1          1
39             52             53         2  0.88001391      1          0
40              0              0         0  0.00000000     -1          1
41             54             55         2  0.49371041      1          0
42              0              0         0  0.00000000     -1          1
43              0              0         0  0.00000000     -1          2
44              0              0         0  0.00000000     -1          1
45             56             57         1  0.22138420      1          0
46             58             59         1  0.53487792      1          0
47              0              0         0  0.00000000     -1          2
48             60             61         2  0.21698263      1          0
49             62             63         1  0.41518645      1          0
50             64             65         2  0.31796520      1          0
51             66             67         1  0.51638897      1          0
52             68             69         2  0.84008185      1          0
53              0              0         0  0.00000000     -1          1
54              0              0         0  0.00000000     -1          2
55             70             71         1  0.99090780      1          0
56              0              0         0  0.00000000     -1          1
57             72             73         2  0.14517759      1          0
58              0              0         0  0.00000000     -1          2
59             74             75         1  0.53752446      1          0
60              0              0         0  0.00000000     -1          2
61              0              0         0  0.00000000     -1          1
62              0              0         0  0.00000000     -1          2
63             76             77         2  0.42965794      1          0
64             78             79         2  0.27653674      1          0
65              0              0         0  0.00000000     -1          1
66              0              0         0  0.00000000     -1          2
67             80             81         2  0.43342577      1          0
68             82             83         2  0.55256597      1          0
69             84             85         1  0.49086239      1          0
70             86             87         1  0.82511727      1          0
71              0              0         0  0.00000000     -1          2
72              0              0         0  0.00000000     -1          1
73             88             89         1  0.23061510      1          0
74              0              0         0  0.00000000     -1          1
75             90             91         1  0.59567326      1          0
76              0              0         0  0.00000000     -1          1
77              0              0         0  0.00000000     -1          2
78             92             93         1  0.74438251      1          0
79             94             95         2  0.27795177      1          0
80             96             97         1  0.95306881      1          0
81              0              0         0  0.00000000     -1          2
82             98             99         1  0.35246843      1          0
83            100            101         1  0.45566359      1          0
84              0              0         0  0.00000000     -1          2
85              0              0         0  0.00000000     -1          1
86            102            103         1  0.55408265      1          0
87            104            105         2  0.73662356      1          0
88              0              0         0  0.00000000     -1          2
89            106            107         1  0.39373615      1          0
90              0              0         0  0.00000000     -1          2
91            108            109         1  0.59779215      1          0
92              0              0         0  0.00000000     -1          2
93            110            111         2  0.23757962      1          0
94              0              0         0  0.00000000     -1          1
95            112            113         2  0.28861746      1          0
96              0              0         0  0.00000000     -1          2
97              0              0         0  0.00000000     -1          2
98              0              0         0  0.00000000     -1          2
99              0              0         0  0.00000000     -1          2
100           114            115         1  0.18611274      1          0
101             0              0         0  0.00000000     -1          2
102             0              0         0  0.00000000     -1          1
103           116            117         2  0.63771832      1          0
104           118            119         1  0.87358354      1          0
105           120            121         1  0.85689205      1          0
106             0              0         0  0.00000000     -1          1
107             0              0         0  0.00000000     -1          1
108             0              0         0  0.00000000     -1          1
109           122            123         2  0.02632614      1          0
110             0              0         0  0.00000000     -1          2
111             0              0         0  0.00000000     -1          2
112             0              0         0  0.00000000     -1          2
113             0              0         0  0.00000000     -1          2
114             0              0         0  0.00000000     -1          2
115             0              0         0  0.00000000     -1          2
116             0              0         0  0.00000000     -1          1
117           124            125         2  0.64567833      1          0
118             0              0         0  0.00000000     -1          1
119           126            127         2  0.65697415      1          0
120             0              0         0  0.00000000     -1          2
121             0              0         0  0.00000000     -1          1
122             0              0         0  0.00000000     -1          2
123             0              0         0  0.00000000     -1          2
124             0              0         0  0.00000000     -1          2
125             0              0         0  0.00000000     -1          1
126             0              0         0  0.00000000     -1          1
127             0              0         0  0.00000000     -1          1
