    left daughter right daughter split var split point status prediction
1               2              3         1  0.50234497      1          0
2               4              5         1  0.24747078      1          0
3               6              7         2  0.49774639      1          0
4               8              9         2  0.49666871      1          0
5              10             11         2  0.49828649      1          0
6              12             13         2  0.35432280      1          0
7              14             15         2  0.64195154      1          0
8              16             17         2  0.14662214      1          0
9              18             19         1  0.01765735      1          0
10             20             21         2  0.22052763      1          0
11             22             23         1  0.49134636      1          0
12             24             25         1  0.95982977      1          0
13             26             27         1  0.68272330      1          0
14             28             29         1  0.94188129      1          0
15             30             31         1  0.94953702      1          0
16             32             33         1  0.05702361      1          0
17             34             35         2  0.15584898      1          0
18              0              0         0  0.00000000     -1          2
19             36             37         1  0.05807761      1          0
20             38             39         2  0.21766969      1          0
21             40             41         1  0.43936190      1          0
22             42             43         1  0.25045627      1          0
23              0              0         0  0.00000000     -1          1
24             44             45         1  0.68935821      1          0
25             46             47         1  0.96127278      1          0
26             48             49         2  0.43342577      1          0
27             50             51         2  0.36717034      1          0
28             52             53         2  0.53341527      1          0
29              0              0         0  0.00000000     -1          1
30             54             55         2  0.76930314      1          0
31             56             57         1  0.96713506      1          0
32              0              0         0  0.00000000     -1          1
33              0              0         0  0.00000000     -1          1
34              0              0         0  0.00000000     -1          2
35             58             59         2  0.21194007      1          0
36              0              0         0  0.00000000     -1          2
37             60             61         2  0.66706318      1          0
38             62             63         2  0.17071208      1          0
39              0              0         0  0.00000000     -1          2
40              0              0         0  0.00000000     -1          1
41             64             65         2  0.43941354      1          0
42              0              0         0  0.00000000     -1          1
43             66             67         2  0.97279511      1          0
44             68             69         1  0.68706101      1          0
45             70             71         2  0.33879062      1          0
46              0              0         0  0.00000000     -1          1
47             72             73         2  0.10083182      1          0
48              0              0         0  0.00000000     -1          2
49              0              0         0  0.00000000     -1          2
50              0              0         0  0.00000000     -1          2
51              0              0         0  0.00000000     -1          2
52             74             75         2  0.53068859      1          0
53              0              0         0  0.00000000     -1          1
54             76             77         2  0.74160497      1          0
55             78             79         2  0.94334320      1          0
56              0              0         0  0.00000000     -1          2
57              0              0         0  0.00000000     -1          1
58              0              0         0  0.00000000     -1          1
59             80             81         2  0.21711722      1          0
60              0              0         0  0.00000000     -1          2
61             82             83         1  0.17315835      1          0
62             84             85         1  0.29369992      1          0
63              0              0         0  0.00000000     -1          1
64              0              0         0  0.00000000     -1          1
65              0              0         0  0.00000000     -1          1
66             86             87         1  0.45566359      1          0
67              0              0         0  0.00000000     -1          2
68             88             89         2  0.34018556      1          0
69              0              0         0  0.00000000     -1          1
70             90             91         1  0.88912783      1          0
71              0              0         0  0.00000000     -1          2
72              0              0         0  0.00000000     -1          2
73              0              0         0  0.00000000     -1          1
74              0              0         0  0.00000000     -1          1
75              0              0         0  0.00000000     -1          2
76             92             93         1  0.87649321      1          0
77              0              0         0  0.00000000     -1          2
78             94             95         1  0.81376345      1          0
79              0              0         0  0.00000000     -1          1
80              0              0         0  0.00000000     -1          2
81             96             97         2  0.44859959      1          0
82              0              0         0  0.00000000     -1          2
83             98             99         1  0.18643110      1          0
84              0              0         0  0.00000000     -1          1
85              0              0         0  0.00000000     -1          1
86            100            101         1  0.25723917      1          0
87              0              0         0  0.00000000     -1          2
88            102            103         1  0.66467744      1          0
89              0              0         0  0.00000000     -1          1
90              0              0         0  0.00000000     -1          2
91            104            105         1  0.89110580      1          0
92            106            107         1  0.85434106      1          0
93              0              0         0  0.00000000     -1          1
94            108            109         2  0.93885918      1          0
95              0              0         0  0.00000000     -1          1
96            110            111         1  0.17575834      1          0
97              0              0         0  0.00000000     -1          1
98              0              0         0  0.00000000     -1          1
99              0              0         0  0.00000000     -1          2
100             0              0         0  0.00000000     -1          2
101           112            113         1  0.35840521      1          0
102           114            115         1  0.52360242      1          0
103             0              0         0  0.00000000     -1          2
104             0              0         0  0.00000000     -1          1
105             0              0         0  0.00000000     -1          2
106           116            117         2  0.68511046      1          0
107             0              0         0  0.00000000     -1          2
108           118            119         1  0.64935828      1          0
109             0              0         0  0.00000000     -1          2
110           120            121         2  0.44426855      1          0
111             0              0         0  0.00000000     -1          1
112             0              0         0  0.00000000     -1          2
113           122            123         2  0.78432396      1          0
114             0              0         0  0.00000000     -1          2
115           124            125         2  0.21068861      1          0
116             0              0         0  0.00000000     -1          1
117             0              0         0  0.00000000     -1          1
118           126            127         2  0.90459666      1          0
119             0              0         0  0.00000000     -1          1
120             0              0         0  0.00000000     -1          1
121             0              0         0  0.00000000     -1          2
122             0              0         0  0.00000000     -1          2
123             0              0         0  0.00000000     -1          2
124             0              0         0  0.00000000     -1          2
125             0              0         0  0.00000000     -1          2
126             0              0         0  0.00000000     -1          1
127             0              0         0  0.00000000     -1          1
