    left daughter right daughter split var split point status prediction
1               2              3         2  0.96102666      1          0
2               4              5         2  0.70584523      1          0
3               6              7         1  0.52796603      1          0
4               8              9         1  0.49741618      1          0
5              10             11         2  0.71684600      1          0
6               0              0         0  0.00000000     -1          2
7               0              0         0  0.00000000     -1          1
8              12             13         1  0.32510008      1          0
9              14             15         2  0.49372081      1          0
10              0              0         0  0.00000000     -1          2
11             16             17         2  0.72262091      1          0
12             18             19         1  0.02310156      1          0
13             20             21         2  0.53913670      1          0
14             22             23         1  0.98924559      1          0
15             24             25         2  0.58196384      1          0
16              0              0         0  0.00000000     -1          1
17             26             27         1  0.49591369      1          0
18              0              0         0  0.00000000     -1          1
19             28             29         2  0.49939688      1          0
20             30             31         1  0.40285066      1          0
21              0              0         0  0.00000000     -1          2
22             32             33         1  0.68245965      1          0
23              0              0         0  0.00000000     -1          1
24              0              0         0  0.00000000     -1          1
25             34             35         1  0.52418952      1          0
26             36             37         2  0.87461232      1          0
27             38             39         1  0.94674667      1          0
28             40             41         1  0.06683302      1          0
29             42             43         1  0.18611274      1          0
30             44             45         2  0.50064950      1          0
31             46             47         1  0.41137368      1          0
32             48             49         2  0.47875605      1          0
33             50             51         1  0.73444487      1          0
34              0              0         0  0.00000000     -1          2
35             52             53         2  0.58631430      1          0
36             54             55         1  0.35654609      1          0
37             56             57         2  0.88124043      1          0
38             58             59         2  0.74473863      1          0
39              0              0         0  0.00000000     -1          1
40             60             61         1  0.04356619      1          0
41             62             63         2  0.02910697      1          0
42             64             65         1  0.17913619      1          0
43              0              0         0  0.00000000     -1          2
44              0              0         0  0.00000000     -1          1
45              0              0         0  0.00000000     -1          2
46              0              0         0  0.00000000     -1          2
47             66             67         1  0.43981062      1          0
48             68             69         1  0.67110734      1          0
49              0              0         0  0.00000000     -1          2
50              0              0         0  0.00000000     -1          2
51             70             71         1  0.73496257      1          0
52              0              0         0  0.00000000     -1          2
53             72             73         1  0.99090780      1          0
54              0              0         0  0.00000000     -1          2
55              0              0         0  0.00000000     -1          2
56              0              0         0  0.00000000     -1          1
57             74             75         1  0.23493073      1          0
58              0              0         0  0.00000000     -1          1
59             76             77         1  0.55409999      1          0
60              0              0         0  0.00000000     -1          1
61              0              0         0  0.00000000     -1          2
62              0              0         0  0.00000000     -1          2
63             78             79         2  0.21698263      1          0
64             80             81         2  0.64197908      1          0
65              0              0         0  0.00000000     -1          1
66              0              0         0  0.00000000     -1          1
67             82             83         2  0.40289220      1          0
68             84             85         2  0.35419567      1          0
69              0              0         0  0.00000000     -1          1
70              0              0         0  0.00000000     -1          1
71             86             87         2  0.36717034      1          0
72             88             89         1  0.96368749      1          0
73              0              0         0  0.00000000     -1          2
74              0              0         0  0.00000000     -1          2
75              0              0         0  0.00000000     -1          2
76              0              0         0  0.00000000     -1          1
77             90             91         1  0.81376345      1          0
78             92             93         1  0.20896768      1          0
79              0              0         0  0.00000000     -1          1
80              0              0         0  0.00000000     -1          2
81              0              0         0  0.00000000     -1          2
82              0              0         0  0.00000000     -1          1
83              0              0         0  0.00000000     -1          1
84             94             95         1  0.65300221      1          0
85              0              0         0  0.00000000     -1          2
86             96             97         1  0.75536669      1          0
87              0              0         0  0.00000000     -1          2
88             98             99         1  0.65559574      1          0
89              0              0         0  0.00000000     -1          1
90            100            101         1  0.64935828      1          0
91            102            103         1  0.83263236      1          0
92              0              0         0  0.00000000     -1          1
93              0              0         0  0.00000000     -1          1
94            104            105         1  0.65080136      1          0
95              0              0         0  0.00000000     -1          2
96              0              0         0  0.00000000     -1          2
97            106            107         1  0.84582418      1          0
98            108            109         1  0.64611825      1          0
99              0              0         0  0.00000000     -1          1
100             0              0         0  0.00000000     -1          1
101           110            111         2  0.87575065      1          0
102             0              0         0  0.00000000     -1          2
103           112            113         1  0.90493413      1          0
104           114            115         2  0.17125273      1          0
105             0              0         0  0.00000000     -1          1
106           116            117         1  0.80429970      1          0
107           118            119         2  0.36071124      1          0
108             0              0         0  0.00000000     -1          1
109             0              0         0  0.00000000     -1          2
110             0              0         0  0.00000000     -1          1
111             0              0         0  0.00000000     -1          1
112             0              0         0  0.00000000     -1          1
113             0              0         0  0.00000000     -1          1
114           120            121         1  0.59567326      1          0
115           122            123         2  0.23598006      1          0
116             0              0         0  0.00000000     -1          2
117             0              0         0  0.00000000     -1          2
118           124            125         2  0.05637253      1          0
119             0              0         0  0.00000000     -1          1
120             0              0         0  0.00000000     -1          2
121             0              0         0  0.00000000     -1          2
122             0              0         0  0.00000000     -1          1
123           126            127         2  0.34018556      1          0
124             0              0         0  0.00000000     -1          2
125             0              0         0  0.00000000     -1          2
126             0              0         0  0.00000000     -1          2
127             0              0         0  0.00000000     -1          1
