    left daughter right daughter split var split point status prediction
1               2              3         2  0.96131520      1          0
2               4              5         2  0.05161575      1          0
3               6              7         2  0.97220696      1          0
4               8              9         2  0.01814877      1          0
5              10             11         2  0.73640345      1          0
6               0              0         0  0.00000000     -1          1
7              12             13         2  0.99336803      1          0
8               0              0         0  0.00000000     -1          1
9              14             15         2  0.02793879      1          0
10             16             17         2  0.66196990      1          0
11             18             19         2  0.94012188      1          0
12             20             21         1  0.49809966      1          0
13              0              0         0  0.00000000     -1          1
14              0              0         0  0.00000000     -1          2
15             22             23         1  0.49393731      1          0
16             24             25         2  0.65176316      1          0
17             26             27         1  0.52418952      1          0
18             28             29         1  0.49591369      1          0
19             30             31         2  0.94590573      1          0
20             32             33         2  0.97785564      1          0
21              0              0         0  0.00000000     -1          1
22              0              0         0  0.00000000     -1          1
23              0              0         0  0.00000000     -1          2
24             34             35         2  0.54478652      1          0
25              0              0         0  0.00000000     -1          2
26             36             37         1  0.03912326      1          0
27             38             39         1  0.94695401      1          0
28             40             41         2  0.92594876      1          0
29             42             43         1  0.81765366      1          0
30              0              0         0  0.00000000     -1          2
31              0              0         0  0.00000000     -1          2
32              0              0         0  0.00000000     -1          1
33              0              0         0  0.00000000     -1          2
34             44             45         1  0.49888960      1          0
35             46             47         1  0.50193405      1          0
36              0              0         0  0.00000000     -1          1
37              0              0         0  0.00000000     -1          2
38             48             49         1  0.55553112      1          0
39              0              0         0  0.00000000     -1          1
40             50             51         1  0.06175382      1          0
41              0              0         0  0.00000000     -1          1
42             52             53         1  0.72449598      1          0
43             54             55         2  0.89803455      1          0
44             56             57         1  0.12026934      1          0
45             58             59         2  0.49500417      1          0
46             60             61         2  0.55256597      1          0
47             62             63         2  0.64218789      1          0
48              0              0         0  0.00000000     -1          1
49              0              0         0  0.00000000     -1          1
50              0              0         0  0.00000000     -1          2
51             64             65         2  0.85824952      1          0
52             66             67         2  0.93885918      1          0
53              0              0         0  0.00000000     -1          1
54             68             69         1  0.86848094      1          0
55              0              0         0  0.00000000     -1          1
56             70             71         2  0.49311062      1          0
57             72             73         1  0.37930863      1          0
58             74             75         1  0.99107163      1          0
59              0              0         0  0.00000000     -1          1
60              0              0         0  0.00000000     -1          1
61             76             77         2  0.64182451      1          0
62             78             79         1  0.94188129      1          0
63              0              0         0  0.00000000     -1          1
64              0              0         0  0.00000000     -1          2
65             80             81         2  0.85998326      1          0
66             82             83         1  0.72190504      1          0
67              0              0         0  0.00000000     -1          2
68              0              0         0  0.00000000     -1          2
69              0              0         0  0.00000000     -1          1
70             84             85         1  0.11429194      1          0
71              0              0         0  0.00000000     -1          2
72             86             87         1  0.31676472      1          0
73             88             89         2  0.47112894      1          0
74             90             91         1  0.59793727      1          0
75              0              0         0  0.00000000     -1          1
76             92             93         2  0.56220450      1          0
77              0              0         0  0.00000000     -1          2
78              0              0         0  0.00000000     -1          1
79              0              0         0  0.00000000     -1          1
80              0              0         0  0.00000000     -1          1
81              0              0         0  0.00000000     -1          2
82             94             95         2  0.74650697      1          0
83              0              0         0  0.00000000     -1          2
84             96             97         2  0.16914554      1          0
85              0              0         0  0.00000000     -1          2
86             98             99         1  0.30849705      1          0
87              0              0         0  0.00000000     -1          1
88            100            101         2  0.43064239      1          0
89              0              0         0  0.00000000     -1          2
90            102            103         1  0.59602010      1          0
91            104            105         2  0.47839495      1          0
92              0              0         0  0.00000000     -1          2
93              0              0         0  0.00000000     -1          2
94              0              0         0  0.00000000     -1          2
95              0              0         0  0.00000000     -1          1
96              0              0         0  0.00000000     -1          1
97            106            107         1  0.04341633      1          0
98            108            109         1  0.21650577      1          0
99              0              0         0  0.00000000     -1          2
100           110            111         2  0.23401958      1          0
101             0              0         0  0.00000000     -1          1
102           112            113         1  0.55603043      1          0
103             0              0         0  0.00000000     -1          1
104           114            115         1  0.95672555      1          0
105             0              0         0  0.00000000     -1          2
106             0              0         0  0.00000000     -1          1
107           116            117         2  0.33007516      1          0
108           118            119         1  0.14375074      1          0
109           120            121         1  0.23998357      1          0
110           122            123         1  0.39838532      1          0
111             0              0         0  0.00000000     -1          1
112           124            125         2  0.17125273      1          0
113             0              0         0  0.00000000     -1          2
114           126            127         2  0.09561617      1          0
115             0              0         0  0.00000000     -1          2
116             0              0         0  0.00000000     -1          1
117             0              0         0  0.00000000     -1          1
118             0              0         0  0.00000000     -1          1
119             0              0         0  0.00000000     -1          1
120             0              0         0  0.00000000     -1          2
121             0              0         0  0.00000000     -1          1
122             0              0         0  0.00000000     -1          1
123             0              0         0  0.00000000     -1          1
124             0              0         0  0.00000000     -1          2
125             0              0         0  0.00000000     -1          2
126             0              0         0  0.00000000     -1          2
127             0              0         0  0.00000000     -1          2
