    left daughter right daughter split var split point status prediction
1               2              3         2  0.95903564      1          0
2               4              5         2  0.89639875      1          0
3               6              7         1  0.49572224      1          0
4               8              9         2  0.88504499      1          0
5              10             11         2  0.91555997      1          0
6               0              0         0  0.00000000     -1          2
7               0              0         0  0.00000000     -1          1
8              12             13         2  0.01056410      1          0
9               0              0         0  0.00000000     -1          1
10              0              0         0  0.00000000     -1          2
11             14             15         2  0.92253129      1          0
12              0              0         0  0.00000000     -1          2
13             16             17         2  0.07348310      1          0
14              0              0         0  0.00000000     -1          1
15             18             19         1  0.59178465      1          0
16             20             21         2  0.06647851      1          0
17             22             23         1  0.40283903      1          0
18             24             25         1  0.27254376      1          0
19              0              0         0  0.00000000     -1          1
20             26             27         1  0.49440410      1          0
21              0              0         0  0.00000000     -1          1
22             28             29         1  0.37598926      1          0
23             30             31         2  0.49371041      1          0
24              0              0         0  0.00000000     -1          2
25              0              0         0  0.00000000     -1          2
26             32             33         2  0.02818425      1          0
27             34             35         1  0.72306997      1          0
28             36             37         1  0.19306034      1          0
29             38             39         1  0.38024452      1          0
30             40             41         2  0.45320345      1          0
31             42             43         1  0.49639767      1          0
32              0              0         0  0.00000000     -1          1
33              0              0         0  0.00000000     -1          1
34              0              0         0  0.00000000     -1          2
35              0              0         0  0.00000000     -1          2
36             44             45         1  0.02116900      1          0
37             46             47         1  0.34543038      1          0
38              0              0         0  0.00000000     -1          1
39              0              0         0  0.00000000     -1          1
40             48             49         1  0.49803343      1          0
41             50             51         2  0.45816042      1          0
42             52             53         1  0.45171950      1          0
43             54             55         2  0.68862663      1          0
44              0              0         0  0.00000000     -1          1
45             56             57         1  0.18547521      1          0
46             58             59         1  0.26382959      1          0
47             60             61         2  0.40074569      1          0
48             62             63         2  0.22450959      1          0
49             64             65         1  0.97272816      1          0
50              0              0         0  0.00000000     -1          1
51             66             67         2  0.46568086      1          0
52              0              0         0  0.00000000     -1          2
53              0              0         0  0.00000000     -1          2
54             68             69         2  0.49971931      1          0
55             70             71         1  0.82511727      1          0
56             72             73         1  0.17348265      1          0
57              0              0         0  0.00000000     -1          2
58             74             75         2  0.56380207      1          0
59             76             77         2  0.50308017      1          0
60              0              0         0  0.00000000     -1          1
61             78             79         2  0.73643710      1          0
62              0              0         0  0.00000000     -1          1
63             80             81         1  0.44380472      1          0
64             82             83         1  0.89010585      1          0
65              0              0         0  0.00000000     -1          2
66              0              0         0  0.00000000     -1          1
67             84             85         1  0.66069431      1          0
68              0              0         0  0.00000000     -1          1
69             86             87         2  0.53332004      1          0
70             88             89         2  0.69422472      1          0
71             90             91         1  0.86415472      1          0
72             92             93         1  0.16967552      1          0
73              0              0         0  0.00000000     -1          1
74             94             95         2  0.14807266      1          0
75              0              0         0  0.00000000     -1          2
76              0              0         0  0.00000000     -1          1
77              0              0         0  0.00000000     -1          2
78              0              0         0  0.00000000     -1          2
79              0              0         0  0.00000000     -1          2
80              0              0         0  0.00000000     -1          1
81              0              0         0  0.00000000     -1          1
82             96             97         2  0.35473651      1          0
83              0              0         0  0.00000000     -1          2
84              0              0         0  0.00000000     -1          2
85              0              0         0  0.00000000     -1          2
86              0              0         0  0.00000000     -1          1
87             98             99         1  0.94188129      1          0
88              0              0         0  0.00000000     -1          2
89            100            101         2  0.74473863      1          0
90              0              0         0  0.00000000     -1          2
91            102            103         1  0.90863314      1          0
92            104            105         1  0.03843664      1          0
93              0              0         0  0.00000000     -1          2
94              0              0         0  0.00000000     -1          1
95              0              0         0  0.00000000     -1          1
96            106            107         2  0.33879062      1          0
97              0              0         0  0.00000000     -1          2
98            108            109         2  0.63769141      1          0
99              0              0         0  0.00000000     -1          1
100             0              0         0  0.00000000     -1          1
101             0              0         0  0.00000000     -1          1
102             0              0         0  0.00000000     -1          1
103             0              0         0  0.00000000     -1          1
104             0              0         0  0.00000000     -1          2
105           110            111         1  0.04190033      1          0
106           112            113         2  0.25223059      1          0
107             0              0         0  0.00000000     -1          1
108             0              0         0  0.00000000     -1          1
109           114            115         2  0.64567833      1          0
110             0              0         0  0.00000000     -1          1
111           116            117         1  0.06065857      1          0
112           118            119         1  0.53417463      1          0
113           120            121         1  0.83211858      1          0
114             0              0         0  0.00000000     -1          2
115             0              0         0  0.00000000     -1          1
116             0              0         0  0.00000000     -1          2
117           122            123         1  0.06457521      1          0
118             0              0         0  0.00000000     -1          2
119           124            125         2  0.08322528      1          0
120           126            127         2  0.29125658      1          0
121             0              0         0  0.00000000     -1          1
122             0              0         0  0.00000000     -1          1
123             0              0         0  0.00000000     -1          2
124             0              0         0  0.00000000     -1          2
125             0              0         0  0.00000000     -1          2
126             0              0         0  0.00000000     -1          2
127             0              0         0  0.00000000     -1          2
