    left daughter right daughter split var split point status prediction
1               2              3         2  0.07672875      1          0
2               4              5         1  0.49440410      1          0
3               6              7         1  0.21696762      1          0
4               8              9         2  0.02818425      1          0
5              10             11         2  0.06607215      1          0
6              12             13         1  0.04205019      1          0
7              14             15         1  0.30464498      1          0
8               0              0         0  0.00000000     -1          1
9              16             17         2  0.05510417      1          0
10             18             19         1  0.54571701      1          0
11              0              0         0  0.00000000     -1          1
12             20             21         2  0.49362203      1          0
13             22             23         1  0.05134276      1          0
14             24             25         1  0.22181622      1          0
15             26             27         2  0.49327833      1          0
16              0              0         0  0.00000000     -1          1
17              0              0         0  0.00000000     -1          1
18              0              0         0  0.00000000     -1          2
19             28             29         2  0.02019205      1          0
20             30             31         1  0.03252080      1          0
21              0              0         0  0.00000000     -1          2
22              0              0         0  0.00000000     -1          2
23             32             33         2  0.49538620      1          0
24              0              0         0  0.00000000     -1          1
25             34             35         1  0.22459473      1          0
26             36             37         1  0.49864608      1          0
27             38             39         1  0.49977467      1          0
28              0              0         0  0.00000000     -1          2
29              0              0         0  0.00000000     -1          2
30              0              0         0  0.00000000     -1          1
31              0              0         0  0.00000000     -1          1
32             40             41         2  0.16810869      1          0
33             42             43         2  0.64197908      1          0
34              0              0         0  0.00000000     -1          2
35             44             45         2  0.51071784      1          0
36             46             47         2  0.17071208      1          0
37             48             49         1  0.97272816      1          0
38             50             51         1  0.34195246      1          0
39             52             53         1  0.98568126      1          0
40              0              0         0  0.00000000     -1          1
41             54             55         1  0.20967875      1          0
42              0              0         0  0.00000000     -1          2
43             56             57         2  0.64321895      1          0
44              0              0         0  0.00000000     -1          1
45             58             59         2  0.87524879      1          0
46              0              0         0  0.00000000     -1          1
47             60             61         1  0.39392078      1          0
48             62             63         1  0.89010585      1          0
49              0              0         0  0.00000000     -1          2
50             64             65         2  0.50710692      1          0
51             66             67         2  0.53640105      1          0
52             68             69         2  0.49971931      1          0
53              0              0         0  0.00000000     -1          1
54             70             71         2  0.35564252      1          0
55              0              0         0  0.00000000     -1          2
56              0              0         0  0.00000000     -1          1
57             72             73         1  0.05848661      1          0
58             74             75         2  0.68512653      1          0
59              0              0         0  0.00000000     -1          1
60              0              0         0  0.00000000     -1          1
61             76             77         2  0.18496073      1          0
62             78             79         1  0.87608292      1          0
63             80             81         2  0.36071124      1          0
64              0              0         0  0.00000000     -1          1
65             82             83         2  0.97279511      1          0
66              0              0         0  0.00000000     -1          2
67             84             85         2  0.70132306      1          0
68              0              0         0  0.00000000     -1          2
69             86             87         1  0.84073024      1          0
70              0              0         0  0.00000000     -1          1
71             88             89         1  0.11067858      1          0
72              0              0         0  0.00000000     -1          1
73             90             91         2  0.87471320      1          0
74              0              0         0  0.00000000     -1          2
75              0              0         0  0.00000000     -1          2
76              0              0         0  0.00000000     -1          2
77             92             93         1  0.47779758      1          0
78             94             95         1  0.52498617      1          0
79              0              0         0  0.00000000     -1          1
80              0              0         0  0.00000000     -1          2
81              0              0         0  0.00000000     -1          2
82              0              0         0  0.00000000     -1          2
83              0              0         0  0.00000000     -1          1
84              0              0         0  0.00000000     -1          2
85             96             97         2  0.72224551      1          0
86             98             99         1  0.55385906      1          0
87            100            101         2  0.81907869      1          0
88              0              0         0  0.00000000     -1          1
89              0              0         0  0.00000000     -1          1
90            102            103         2  0.85718947      1          0
91              0              0         0  0.00000000     -1          2
92            104            105         2  0.23401958      1          0
93              0              0         0  0.00000000     -1          1
94              0              0         0  0.00000000     -1          2
95            106            107         1  0.52663843      1          0
96              0              0         0  0.00000000     -1          1
97              0              0         0  0.00000000     -1          2
98            108            109         2  0.72522638      1          0
99            110            111         2  0.73736228      1          0
100           112            113         2  0.73934065      1          0
101             0              0         0  0.00000000     -1          1
102           114            115         1  0.17878282      1          0
103             0              0         0  0.00000000     -1          1
104             0              0         0  0.00000000     -1          2
105           116            117         1  0.43981062      1          0
106             0              0         0  0.00000000     -1          1
107           118            119         2  0.25795693      1          0
108             0              0         0  0.00000000     -1          1
109             0              0         0  0.00000000     -1          1
110             0              0         0  0.00000000     -1          1
111           120            121         2  0.75485634      1          0
112           122            123         2  0.58468032      1          0
113             0              0         0  0.00000000     -1          2
114             0              0         0  0.00000000     -1          2
115             0              0         0  0.00000000     -1          2
116             0              0         0  0.00000000     -1          1
117             0              0         0  0.00000000     -1          1
118           124            125         1  0.74083778      1          0
119           126            127         2  0.47769331      1          0
120             0              0         0  0.00000000     -1          2
121             0              0         0  0.00000000     -1          1
122             0              0         0  0.00000000     -1          1
123             0              0         0  0.00000000     -1          1
124             0              0         0  0.00000000     -1          2
125             0              0         0  0.00000000     -1          2
126             0              0         0  0.00000000     -1          2
127             0              0         0  0.00000000     -1          2
