    left daughter right daughter split var split point status prediction
1               2              3         2  0.96131520      1          0
2               4              5         2  0.74317332      1          0
3               6              7         2  0.97220696      1          0
4               8              9         2  0.72810682      1          0
5              10             11         2  0.78738859      1          0
6               0              0         0  0.00000000     -1          1
7              12             13         2  0.97851997      1          0
8              14             15         1  0.49741618      1          0
9               0              0         0  0.00000000     -1          1
10             16             17         2  0.77738846      1          0
11             18             19         2  0.80423925      1          0
12              0              0         0  0.00000000     -1          2
13             20             21         1  0.49870028      1          0
14             22             23         2  0.49588778      1          0
15             24             25         2  0.49774639      1          0
16             26             27         2  0.76314680      1          0
17              0              0         0  0.00000000     -1          2
18              0              0         0  0.00000000     -1          1
19             28             29         1  0.49086239      1          0
20              0              0         0  0.00000000     -1          2
21              0              0         0  0.00000000     -1          1
22             30             31         1  0.05134276      1          0
23             32             33         1  0.38695893      1          0
24             34             35         2  0.35432280      1          0
25             36             37         1  0.50557363      1          0
26              0              0         0  0.00000000     -1          2
27              0              0         0  0.00000000     -1          2
28             38             39         1  0.25926976      1          0
29             40             41         2  0.82256992      1          0
30             42             43         1  0.04356619      1          0
31             44             45         2  0.14662214      1          0
32             46             47         2  0.65377672      1          0
33              0              0         0  0.00000000     -1          2
34             48             49         1  0.59793727      1          0
35             50             51         2  0.43342577      1          0
36              0              0         0  0.00000000     -1          2
37             52             53         2  0.58355479      1          0
38             54             55         1  0.24510999      1          0
39              0              0         0  0.00000000     -1          2
40              0              0         0  0.00000000     -1          2
41             56             57         2  0.88425588      1          0
42             58             59         2  0.16699356      1          0
43              0              0         0  0.00000000     -1          2
44             60             61         2  0.02818425      1          0
45             62             63         2  0.22052763      1          0
46              0              0         0  0.00000000     -1          2
47             64             65         2  0.66789022      1          0
48             66             67         1  0.59602010      1          0
49             68             69         1  0.97997807      1          0
50              0              0         0  0.00000000     -1          2
51             70             71         1  0.70436016      1          0
52              0              0         0  0.00000000     -1          1
53             72             73         2  0.58586125      1          0
54             74             75         2  0.93179904      1          0
55              0              0         0  0.00000000     -1          1
56              0              0         0  0.00000000     -1          1
57             76             77         1  0.73739393      1          0
58              0              0         0  0.00000000     -1          1
59              0              0         0  0.00000000     -1          1
60              0              0         0  0.00000000     -1          1
61              0              0         0  0.00000000     -1          1
62             78             79         2  0.21180698      1          0
63             80             81         1  0.12026934      1          0
64              0              0         0  0.00000000     -1          1
65             82             83         1  0.03912326      1          0
66             84             85         2  0.31928325      1          0
67              0              0         0  0.00000000     -1          1
68             86             87         2  0.33879062      1          0
69              0              0         0  0.00000000     -1          2
70              0              0         0  0.00000000     -1          2
71              0              0         0  0.00000000     -1          2
72              0              0         0  0.00000000     -1          2
73             88             89         2  0.64218789      1          0
74             90             91         2  0.86393835      1          0
75              0              0         0  0.00000000     -1          2
76             92             93         2  0.88742964      1          0
77              0              0         0  0.00000000     -1          1
78             94             95         1  0.22138420      1          0
79              0              0         0  0.00000000     -1          2
80             96             97         1  0.10537053      1          0
81             98             99         1  0.43936190      1          0
82              0              0         0  0.00000000     -1          1
83              0              0         0  0.00000000     -1          2
84            100            101         2  0.17125273      1          0
85              0              0         0  0.00000000     -1          1
86            102            103         1  0.65080136      1          0
87              0              0         0  0.00000000     -1          2
88              0              0         0  0.00000000     -1          1
89            104            105         2  0.65651272      1          0
90              0              0         0  0.00000000     -1          2
91              0              0         0  0.00000000     -1          2
92              0              0         0  0.00000000     -1          2
93              0              0         0  0.00000000     -1          1
94              0              0         0  0.00000000     -1          1
95              0              0         0  0.00000000     -1          1
96              0              0         0  0.00000000     -1          1
97              0              0         0  0.00000000     -1          2
98              0              0         0  0.00000000     -1          1
99            106            107         2  0.37108358      1          0
100           108            109         1  0.53666833      1          0
101             0              0         0  0.00000000     -1          2
102             0              0         0  0.00000000     -1          2
103           110            111         2  0.28316461      1          0
104             0              0         0  0.00000000     -1          2
105           112            113         2  0.68787001      1          0
106             0              0         0  0.00000000     -1          1
107             0              0         0  0.00000000     -1          1
108             0              0         0  0.00000000     -1          2
109             0              0         0  0.00000000     -1          2
110           114            115         1  0.67723365      1          0
111             0              0         0  0.00000000     -1          2
112             0              0         0  0.00000000     -1          1
113           116            117         1  0.55553112      1          0
114             0              0         0  0.00000000     -1          1
115           118            119         1  0.80752636      1          0
116             0              0         0  0.00000000     -1          2
117             0              0         0  0.00000000     -1          1
118           120            121         1  0.79904808      1          0
119           122            123         2  0.07652747      1          0
120           124            125         2  0.03522157      1          0
121             0              0         0  0.00000000     -1          1
122             0              0         0  0.00000000     -1          2
123           126            127         1  0.89110580      1          0
124             0              0         0  0.00000000     -1          1
125             0              0         0  0.00000000     -1          2
126             0              0         0  0.00000000     -1          2
127             0              0         0  0.00000000     -1          2
