    left daughter right daughter split var split point status prediction
1               2              3         1  0.04362671      1          0
2               4              5         2  0.49296653      1          0
3               6              7         1  0.21676716      1          0
4               8              9         2  0.16699356      1          0
5               0              0         0  0.00000000     -1          2
6              10             11         2  0.49265804      1          0
7              12             13         1  0.21948075      1          0
8               0              0         0  0.00000000     -1          1
9               0              0         0  0.00000000     -1          1
10             14             15         1  0.04624369      1          0
11             16             17         1  0.05807761      1          0
12              0              0         0  0.00000000     -1          1
13             18             19         2  0.48251759      1          0
14              0              0         0  0.00000000     -1          2
15             20             21         1  0.12085617      1          0
16              0              0         0  0.00000000     -1          2
17             22             23         2  0.85718947      1          0
18             24             25         2  0.07110930      1          0
19             26             27         1  0.50286054      1          0
20             28             29         2  0.35828631      1          0
21              0              0         0  0.00000000     -1          1
22              0              0         0  0.00000000     -1          2
23             30             31         2  0.86968945      1          0
24             32             33         2  0.01873176      1          0
25             34             35         1  0.49888960      1          0
26             36             37         1  0.25240704      1          0
27             38             39         2  0.49698749      1          0
28             40             41         1  0.10537053      1          0
29              0              0         0  0.00000000     -1          1
30              0              0         0  0.00000000     -1          1
31              0              0         0  0.00000000     -1          2
32              0              0         0  0.00000000     -1          2
33             42             43         1  0.49393731      1          0
34             44             45         2  0.22229021      1          0
35             46             47         1  0.53339725      1          0
36             48             49         2  0.49449626      1          0
37             50             51         2  0.49828649      1          0
38              0              0         0  0.00000000     -1          2
39             52             53         1  0.94964853      1          0
40              0              0         0  0.00000000     -1          1
41              0              0         0  0.00000000     -1          2
42             54             55         2  0.02839559      1          0
43             56             57         2  0.02165099      1          0
44             58             59         2  0.21096622      1          0
45             60             61         1  0.44181228      1          0
46             62             63         1  0.53050284      1          0
47             64             65         1  0.97272816      1          0
48              0              0         0  0.00000000     -1          1
49             66             67         2  0.91606834      1          0
50              0              0         0  0.00000000     -1          1
51             68             69         1  0.36042109      1          0
52             70             71         1  0.64189672      1          0
53             72             73         1  0.96497355      1          0
54              0              0         0  0.00000000     -1          1
55              0              0         0  0.00000000     -1          1
56              0              0         0  0.00000000     -1          1
57             74             75         1  0.60108910      1          0
58             76             77         1  0.39838532      1          0
59              0              0         0  0.00000000     -1          2
60              0              0         0  0.00000000     -1          1
61              0              0         0  0.00000000     -1          1
62             78             79         1  0.50657732      1          0
63              0              0         0  0.00000000     -1          1
64             80             81         1  0.87608292      1          0
65              0              0         0  0.00000000     -1          2
66             82             83         1  0.24764274      1          0
67              0              0         0  0.00000000     -1          1
68             84             85         2  0.98471631      1          0
69             86             87         1  0.36741360      1          0
70             88             89         1  0.55387641      1          0
71             90             91         1  0.65484180      1          0
72              0              0         0  0.00000000     -1          2
73             92             93         1  0.98568126      1          0
74              0              0         0  0.00000000     -1          1
75              0              0         0  0.00000000     -1          2
76              0              0         0  0.00000000     -1          1
77              0              0         0  0.00000000     -1          1
78              0              0         0  0.00000000     -1          2
79              0              0         0  0.00000000     -1          2
80             94             95         1  0.80429970      1          0
81             96             97         2  0.07923372      1          0
82              0              0         0  0.00000000     -1          2
83              0              0         0  0.00000000     -1          1
84              0              0         0  0.00000000     -1          2
85              0              0         0  0.00000000     -1          1
86              0              0         0  0.00000000     -1          1
87             98             99         2  0.55842046      1          0
88            100            101         1  0.54974989      1          0
89              0              0         0  0.00000000     -1          1
90              0              0         0  0.00000000     -1          2
91            102            103         2  0.73833001      1          0
92              0              0         0  0.00000000     -1          1
93              0              0         0  0.00000000     -1          1
94            104            105         1  0.80366031      1          0
95              0              0         0  0.00000000     -1          2
96              0              0         0  0.00000000     -1          1
97            106            107         1  0.87812789      1          0
98              0              0         0  0.00000000     -1          1
99              0              0         0  0.00000000     -1          2
100           108            109         2  0.69688320      1          0
101             0              0         0  0.00000000     -1          2
102           110            111         2  0.65149138      1          0
103           112            113         2  0.76314680      1          0
104           114            115         1  0.75074606      1          0
105             0              0         0  0.00000000     -1          1
106             0              0         0  0.00000000     -1          1
107           116            117         1  0.89010585      1          0
108             0              0         0  0.00000000     -1          1
109             0              0         0  0.00000000     -1          1
110             0              0         0  0.00000000     -1          1
111           118            119         1  0.86730260      1          0
112             0              0         0  0.00000000     -1          2
113           120            121         2  0.83075027      1          0
114           122            123         1  0.74862779      1          0
115             0              0         0  0.00000000     -1          2
116             0              0         0  0.00000000     -1          2
117           124            125         2  0.36071124      1          0
118             0              0         0  0.00000000     -1          1
119             0              0         0  0.00000000     -1          1
120           126            127         1  0.81765366      1          0
121             0              0         0  0.00000000     -1          1
122             0              0         0  0.00000000     -1          2
123             0              0         0  0.00000000     -1          1
124             0              0         0  0.00000000     -1          2
125             0              0         0  0.00000000     -1          2
126             0              0         0  0.00000000     -1          1
127             0              0         0  0.00000000     -1          1
