    left daughter right daughter split var split point status prediction
1               2              3         1  0.12026934      1          0
2               4              5         1  0.04384220      1          0
3               6              7         1  0.92946470      1          0
4               8              9         1  0.03692539      1          0
5              10             11         2  0.44426855      1          0
6              12             13         1  0.89273790      1          0
7              14             15         2  0.49602185      1          0
8              16             17         2  0.48833688      1          0
9               0              0         0  0.00000000     -1          1
10             18             19         1  0.11429194      1          0
11             20             21         2  0.85092691      1          0
12             22             23         2  0.98392505      1          0
13             24             25         1  0.92616774      1          0
14             26             27         2  0.11975513      1          0
15             28             29         2  0.80558179      1          0
16              0              0         0  0.00000000     -1          1
17              0              0         0  0.00000000     -1          2
18             30             31         1  0.05351312      1          0
19              0              0         0  0.00000000     -1          2
20              0              0         0  0.00000000     -1          2
21              0              0         0  0.00000000     -1          2
22             32             33         2  0.98048279      1          0
23              0              0         0  0.00000000     -1          1
24             34             35         2  0.44264289      1          0
25              0              0         0  0.00000000     -1          1
26              0              0         0  0.00000000     -1          2
27             36             37         1  0.98034952      1          0
28              0              0         0  0.00000000     -1          1
29              0              0         0  0.00000000     -1          1
30              0              0         0  0.00000000     -1          2
31              0              0         0  0.00000000     -1          1
32             38             39         1  0.78863885      1          0
33              0              0         0  0.00000000     -1          2
34              0              0         0  0.00000000     -1          2
35             40             41         2  0.74421248      1          0
36             42             43         2  0.17575330      1          0
37              0              0         0  0.00000000     -1          1
38             44             45         2  0.95284144      1          0
39             46             47         1  0.80326714      1          0
40              0              0         0  0.00000000     -1          1
41              0              0         0  0.00000000     -1          1
42              0              0         0  0.00000000     -1          2
43              0              0         0  0.00000000     -1          2
44             48             49         2  0.61549260      1          0
45             50             51         1  0.31378920      1          0
46              0              0         0  0.00000000     -1          2
47             52             53         2  0.48347315      1          0
48             54             55         1  0.49880754      1          0
49             56             57         2  0.64865561      1          0
50              0              0         0  0.00000000     -1          2
51              0              0         0  0.00000000     -1          1
52             58             59         2  0.15489779      1          0
53             60             61         1  0.82511727      1          0
54             62             63         1  0.26207441      1          0
55             64             65         1  0.62999476      1          0
56             66             67         1  0.49576124      1          0
57             68             69         1  0.49639767      1          0
58              0              0         0  0.00000000     -1          2
59              0              0         0  0.00000000     -1          2
60              0              0         0  0.00000000     -1          1
61             70             71         1  0.82812893      1          0
62             72             73         2  0.49048559      1          0
63             74             75         1  0.30064012      1          0
64             76             77         1  0.51659175      1          0
65             78             79         2  0.49065113      1          0
66              0              0         0  0.00000000     -1          2
67              0              0         0  0.00000000     -1          1
68             80             81         2  0.66031546      1          0
69             82             83         1  0.74796963      1          0
70              0              0         0  0.00000000     -1          2
71             84             85         1  0.85741601      1          0
72             86             87         1  0.20732310      1          0
73              0              0         0  0.00000000     -1          2
74             88             89         2  0.48621855      1          0
75             90             91         2  0.49810183      1          0
76              0              0         0  0.00000000     -1          2
77             92             93         2  0.49827059      1          0
78             94             95         2  0.02016647      1          0
79              0              0         0  0.00000000     -1          1
80              0              0         0  0.00000000     -1          2
81             96             97         1  0.17366714      1          0
82             98             99         1  0.66842155      1          0
83              0              0         0  0.00000000     -1          1
84              0              0         0  0.00000000     -1          1
85            100            101         1  0.86205185      1          0
86              0              0         0  0.00000000     -1          1
87            102            103         2  0.22106015      1          0
88              0              0         0  0.00000000     -1          1
89              0              0         0  0.00000000     -1          2
90            104            105         2  0.43064239      1          0
91              0              0         0  0.00000000     -1          2
92            106            107         1  0.55849437      1          0
93              0              0         0  0.00000000     -1          1
94              0              0         0  0.00000000     -1          1
95            108            109         1  0.68245965      1          0
96              0              0         0  0.00000000     -1          2
97            110            111         2  0.71698150      1          0
98            112            113         2  0.93498533      1          0
99              0              0         0  0.00000000     -1          1
100             0              0         0  0.00000000     -1          2
101           114            115         2  0.59145087      1          0
102             0              0         0  0.00000000     -1          1
103             0              0         0  0.00000000     -1          1
104           116            117         1  0.40302506      1          0
105           118            119         1  0.43215780      1          0
106           120            121         1  0.55500659      1          0
107           122            123         1  0.59618983      1          0
108           124            125         2  0.46276955      1          0
109           126            127         1  0.74862779      1          0
110             0              0         0  0.00000000     -1          2
111             0              0         0  0.00000000     -1          2
112             0              0         0  0.00000000     -1          1
113             0              0         0  0.00000000     -1          2
114             0              0         0  0.00000000     -1          1
115             0              0         0  0.00000000     -1          1
116             0              0         0  0.00000000     -1          1
117             0              0         0  0.00000000     -1          1
118             0              0         0  0.00000000     -1          1
119             0              0         0  0.00000000     -1          1
120             0              0         0  0.00000000     -1          2
121             0              0         0  0.00000000     -1          1
122             0              0         0  0.00000000     -1          2
123             0              0         0  0.00000000     -1          2
124             0              0         0  0.00000000     -1          2
125             0              0         0  0.00000000     -1          1
126             0              0         0  0.00000000     -1          2
127             0              0         0  0.00000000     -1          2
