    left daughter right daughter split var split point status prediction
1               2              3         2  0.41505886      1          0
2               4              5         2  0.37239591      1          0
3               6              7         2  0.53161954      1          0
4               8              9         1  0.50009237      1          0
5              10             11         1  0.43112762      1          0
6              12             13         1  0.56993577      1          0
7              14             15         1  0.49977467      1          0
8              16             17         2  0.12468566      1          0
9              18             19         2  0.28159306      1          0
10              0              0         0  0.00000000     -1          1
11             20             21         1  0.49481126      1          0
12             22             23         2  0.49588778      1          0
13             24             25         2  0.49372081      1          0
14             26             27         1  0.01789060      1          0
15             28             29         2  0.53774976      1          0
16             30             31         1  0.28128266      1          0
17             32             33         1  0.12157862      1          0
18             34             35         2  0.21229329      1          0
19             36             37         2  0.35450464      1          0
20              0              0         0  0.00000000     -1          2
21              0              0         0  0.00000000     -1          2
22             38             39         1  0.07050459      1          0
23              0              0         0  0.00000000     -1          2
24             40             41         1  0.69060541      1          0
25              0              0         0  0.00000000     -1          1
26              0              0         0  0.00000000     -1          2
27             42             43         1  0.36042109      1          0
28              0              0         0  0.00000000     -1          2
29             44             45         2  0.82512427      1          0
30              0              0         0  0.00000000     -1          1
31             46             47         2  0.02818425      1          0
32             48             49         2  0.16838373      1          0
33             50             51         2  0.24706968      1          0
34             52             53         1  0.69054773      1          0
35             54             55         1  0.58486216      1          0
36             56             57         2  0.34700790      1          0
37              0              0         0  0.00000000     -1          2
38              0              0         0  0.00000000     -1          1
39             58             59         1  0.48872349      1          0
40              0              0         0  0.00000000     -1          2
41              0              0         0  0.00000000     -1          2
42             60             61         1  0.25045627      1          0
43             62             63         2  0.55842046      1          0
44             64             65         2  0.81883630      1          0
45             66             67         2  0.93975632      1          0
46              0              0         0  0.00000000     -1          2
47              0              0         0  0.00000000     -1          1
48              0              0         0  0.00000000     -1          2
49             68             69         1  0.07592862      1          0
50             70             71         1  0.39838532      1          0
51              0              0         0  0.00000000     -1          1
52             72             73         1  0.68513559      1          0
53             74             75         2  0.12221040      1          0
54              0              0         0  0.00000000     -1          1
55             76             77         2  0.24956868      1          0
56             78             79         2  0.28316461      1          0
57              0              0         0  0.00000000     -1          1
58              0              0         0  0.00000000     -1          1
59              0              0         0  0.00000000     -1          1
60             80             81         2  0.93115061      1          0
61              0              0         0  0.00000000     -1          2
62              0              0         0  0.00000000     -1          2
63             82             83         2  0.78432396      1          0
64             84             85         1  0.94188129      1          0
65              0              0         0  0.00000000     -1          2
66             86             87         1  0.98568126      1          0
67              0              0         0  0.00000000     -1          1
68              0              0         0  0.00000000     -1          1
69              0              0         0  0.00000000     -1          2
70             88             89         1  0.21384610      1          0
71              0              0         0  0.00000000     -1          1
72             90             91         2  0.13254376      1          0
73              0              0         0  0.00000000     -1          1
74             92             93         1  0.88093114      1          0
75              0              0         0  0.00000000     -1          2
76              0              0         0  0.00000000     -1          2
77             94             95         2  0.25748018      1          0
78              0              0         0  0.00000000     -1          1
79             96             97         1  0.95956020      1          0
80             98             99         1  0.24764274      1          0
81              0              0         0  0.00000000     -1          2
82              0              0         0  0.00000000     -1          2
83            100            101         2  0.79390876      1          0
84            102            103         1  0.66525224      1          0
85              0              0         0  0.00000000     -1          1
86            104            105         1  0.65125576      1          0
87              0              0         0  0.00000000     -1          2
88              0              0         0  0.00000000     -1          1
89              0              0         0  0.00000000     -1          1
90            106            107         1  0.59567326      1          0
91              0              0         0  0.00000000     -1          2
92              0              0         0  0.00000000     -1          2
93              0              0         0  0.00000000     -1          2
94              0              0         0  0.00000000     -1          1
95              0              0         0  0.00000000     -1          2
96            108            109         2  0.28861746      1          0
97              0              0         0  0.00000000     -1          1
98            110            111         1  0.17351173      1          0
99              0              0         0  0.00000000     -1          1
100             0              0         0  0.00000000     -1          1
101             0              0         0  0.00000000     -1          2
102           112            113         1  0.65383024      1          0
103           114            115         2  0.76831479      1          0
104           116            117         1  0.64047356      1          0
105             0              0         0  0.00000000     -1          1
106             0              0         0  0.00000000     -1          2
107             0              0         0  0.00000000     -1          2
108             0              0         0  0.00000000     -1          2
109           118            119         2  0.28896726      1          0
110             0              0         0  0.00000000     -1          2
111           120            121         2  0.68362015      1          0
112           122            123         2  0.68787001      1          0
113             0              0         0  0.00000000     -1          2
114           124            125         1  0.74796963      1          0
115             0              0         0  0.00000000     -1          1
116           126            127         1  0.55835842      1          0
117             0              0         0  0.00000000     -1          2
118             0              0         0  0.00000000     -1          1
119             0              0         0  0.00000000     -1          2
120             0              0         0  0.00000000     -1          2
121             0              0         0  0.00000000     -1          2
122             0              0         0  0.00000000     -1          1
123             0              0         0  0.00000000     -1          1
124             0              0         0  0.00000000     -1          1
125             0              0         0  0.00000000     -1          1
126             0              0         0  0.00000000     -1          1
127             0              0         0  0.00000000     -1          1
