    left daughter right daughter split var split point status prediction
1               2              3         1  0.16908628      1          0
2               4              5         1  0.02029400      1          0
3               6              7         1  0.17027085      1          0
4               0              0         0  0.00000000     -1          1
5               8              9         1  0.16165025      1          0
6               0              0         0  0.00000000     -1          1
7              10             11         1  0.17285450      1          0
8              12             13         2  0.48747192      1          0
9               0              0         0  0.00000000     -1          2
10              0              0         0  0.00000000     -1          2
11             14             15         1  0.26349598      1          0
12             16             17         2  0.16914554      1          0
13             18             19         2  0.72867772      1          0
14             20             21         1  0.23460781      1          0
15             22             23         2  0.45053616      1          0
16             24             25         2  0.12268441      1          0
17             26             27         2  0.34302801      1          0
18              0              0         0  0.00000000     -1          2
19             28             29         1  0.04071549      1          0
20             30             31         2  0.52917341      1          0
21             32             33         1  0.25045627      1          0
22             34             35         1  0.49905106      1          0
23             36             37         1  0.49977467      1          0
24             38             39         2  0.05415559      1          0
25              0              0         0  0.00000000     -1          2
26              0              0         0  0.00000000     -1          1
27              0              0         0  0.00000000     -1          1
28              0              0         0  0.00000000     -1          2
29              0              0         0  0.00000000     -1          2
30             40             41         1  0.20967875      1          0
31             42             43         1  0.17750460      1          0
32              0              0         0  0.00000000     -1          1
33              0              0         0  0.00000000     -1          1
34             44             45         2  0.43064239      1          0
35             46             47         1  0.98924559      1          0
36             48             49         2  0.50046485      1          0
37             50             51         1  0.98003505      1          0
38              0              0         0  0.00000000     -1          1
39              0              0         0  0.00000000     -1          1
40              0              0         0  0.00000000     -1          1
41              0              0         0  0.00000000     -1          1
42              0              0         0  0.00000000     -1          2
43              0              0         0  0.00000000     -1          2
44             52             53         2  0.02818425      1          0
45              0              0         0  0.00000000     -1          2
46             54             55         1  0.92991511      1          0
47              0              0         0  0.00000000     -1          1
48              0              0         0  0.00000000     -1          1
49             56             57         1  0.31969326      1          0
50             58             59         2  0.49774639      1          0
51              0              0         0  0.00000000     -1          1
52              0              0         0  0.00000000     -1          1
53             60             61         1  0.40253257      1          0
54             62             63         2  0.01809590      1          0
55             64             65         2  0.11329666      1          0
56             66             67         2  0.95532199      1          0
57             68             69         2  0.72224551      1          0
58             70             71         1  0.77246918      1          0
59             72             73         2  0.68862663      1          0
60              0              0         0  0.00000000     -1          1
61             74             75         2  0.15727800      1          0
62              0              0         0  0.00000000     -1          1
63             76             77         2  0.35450464      1          0
64              0              0         0  0.00000000     -1          2
65             78             79         1  0.97272816      1          0
66              0              0         0  0.00000000     -1          2
67              0              0         0  0.00000000     -1          1
68             80             81         1  0.45420523      1          0
69              0              0         0  0.00000000     -1          2
70              0              0         0  0.00000000     -1          2
71              0              0         0  0.00000000     -1          2
72             82             83         2  0.53332004      1          0
73             84             85         2  0.69422472      1          0
74              0              0         0  0.00000000     -1          1
75             86             87         2  0.17842941      1          0
76             88             89         1  0.67723365      1          0
77              0              0         0  0.00000000     -1          2
78             90             91         1  0.95780977      1          0
79              0              0         0  0.00000000     -1          1
80              0              0         0  0.00000000     -1          2
81              0              0         0  0.00000000     -1          2
82             92             93         1  0.86448132      1          0
83             94             95         1  0.96368749      1          0
84              0              0         0  0.00000000     -1          2
85             96             97         1  0.95421465      1          0
86              0              0         0  0.00000000     -1          2
87             98             99         1  0.41424489      1          0
88            100            101         2  0.34858541      1          0
89            102            103         1  0.87574286      1          0
90              0              0         0  0.00000000     -1          1
91              0              0         0  0.00000000     -1          2
92              0              0         0  0.00000000     -1          1
93              0              0         0  0.00000000     -1          1
94              0              0         0  0.00000000     -1          1
95              0              0         0  0.00000000     -1          1
96            104            105         2  0.76831479      1          0
97              0              0         0  0.00000000     -1          1
98              0              0         0  0.00000000     -1          1
99              0              0         0  0.00000000     -1          1
100           106            107         2  0.17125273      1          0
101             0              0         0  0.00000000     -1          1
102           108            109         1  0.75074606      1          0
103           110            111         1  0.89486439      1          0
104             0              0         0  0.00000000     -1          1
105           112            113         2  0.76930314      1          0
106           114            115         2  0.06647851      1          0
107           116            117         2  0.18478170      1          0
108           118            119         1  0.74083778      1          0
109             0              0         0  0.00000000     -1          2
110             0              0         0  0.00000000     -1          1
111             0              0         0  0.00000000     -1          2
112             0              0         0  0.00000000     -1          2
113           120            121         2  0.82452638      1          0
114             0              0         0  0.00000000     -1          2
115           122            123         2  0.07126791      1          0
116             0              0         0  0.00000000     -1          1
117           124            125         2  0.28278845      1          0
118           126            127         1  0.73213891      1          0
119             0              0         0  0.00000000     -1          1
120             0              0         0  0.00000000     -1          1
121             0              0         0  0.00000000     -1          1
122             0              0         0  0.00000000     -1          1
123             0              0         0  0.00000000     -1          2
124             0              0         0  0.00000000     -1          2
125             0              0         0  0.00000000     -1          2
126             0              0         0  0.00000000     -1          2
127             0              0         0  0.00000000     -1          2
