    left daughter right daughter split var split point status prediction
1               2              3         2  0.95284144      1          0
2               4              5         2  0.92976624      1          0
3               6              7         1  0.45205117      1          0
4               8              9         1  0.02052725      1          0
5              10             11         2  0.94590573      1          0
6               0              0         0  0.00000000     -1          2
7               0              0         0  0.00000000     -1          1
8               0              0         0  0.00000000     -1          1
9              12             13         2  0.43957297      1          0
10              0              0         0  0.00000000     -1          2
11              0              0         0  0.00000000     -1          2
12             14             15         2  0.24410329      1          0
13             16             17         2  0.61135300      1          0
14             18             19         1  0.47936783      1          0
15             20             21         1  0.49352143      1          0
16             22             23         1  0.29277847      1          0
17             24             25         2  0.62872316      1          0
18             26             27         1  0.06755995      1          0
19             28             29         1  0.53752446      1          0
20             30             31         1  0.14376154      1          0
21             32             33         1  0.98034952      1          0
22             34             35         1  0.27986398      1          0
23             36             37         1  0.95427470      1          0
24             38             39         2  0.61636735      1          0
25             40             41         1  0.49134636      1          0
26              0              0         0  0.00000000     -1          1
27             42             43         2  0.02910697      1          0
28             44             45         2  0.21448461      1          0
29             46             47         1  0.97089531      1          0
30             48             49         1  0.09762179      1          0
31             50             51         1  0.43457642      1          0
32             52             53         2  0.35432280      1          0
33              0              0         0  0.00000000     -1          1
34             54             55         2  0.49939688      1          0
35              0              0         0  0.00000000     -1          2
36             56             57         1  0.47977313      1          0
37              0              0         0  0.00000000     -1          2
38              0              0         0  0.00000000     -1          2
39              0              0         0  0.00000000     -1          2
40             58             59         1  0.25710430      1          0
41             60             61         2  0.68778701      1          0
42              0              0         0  0.00000000     -1          1
43             62             63         2  0.14662214      1          0
44             64             65         2  0.17125273      1          0
45              0              0         0  0.00000000     -1          2
46             66             67         1  0.56983706      1          0
47              0              0         0  0.00000000     -1          1
48              0              0         0  0.00000000     -1          1
49              0              0         0  0.00000000     -1          2
50              0              0         0  0.00000000     -1          1
51              0              0         0  0.00000000     -1          1
52             68             69         1  0.68527712      1          0
53             70             71         2  0.42984060      1          0
54              0              0         0  0.00000000     -1          1
55             72             73         2  0.56002733      1          0
56             74             75         1  0.44485607      1          0
57             76             77         1  0.86200586      1          0
58             78             79         1  0.23932465      1          0
59             80             81         2  0.78762360      1          0
60              0              0         0  0.00000000     -1          1
61             82             83         2  0.69422472      1          0
62              0              0         0  0.00000000     -1          1
63             84             85         2  0.15584898      1          0
64              0              0         0  0.00000000     -1          2
65              0              0         0  0.00000000     -1          1
66              0              0         0  0.00000000     -1          2
67             86             87         1  0.60125883      1          0
68             88             89         2  0.31928325      1          0
69             90             91         1  0.89010585      1          0
70              0              0         0  0.00000000     -1          2
71              0              0         0  0.00000000     -1          2
72              0              0         0  0.00000000     -1          2
73              0              0         0  0.00000000     -1          2
74             92             93         2  0.55840951      1          0
75              0              0         0  0.00000000     -1          2
76             94             95         2  0.49774639      1          0
77              0              0         0  0.00000000     -1          1
78             96             97         1  0.18694920      1          0
79              0              0         0  0.00000000     -1          1
80              0              0         0  0.00000000     -1          2
81             98             99         1  0.39068301      1          0
82              0              0         0  0.00000000     -1          2
83            100            101         1  0.94493588      1          0
84              0              0         0  0.00000000     -1          2
85            102            103         2  0.21180698      1          0
86              0              0         0  0.00000000     -1          1
87            104            105         1  0.73714204      1          0
88            106            107         1  0.66351315      1          0
89              0              0         0  0.00000000     -1          1
90            108            109         2  0.33582330      1          0
91              0              0         0  0.00000000     -1          2
92              0              0         0  0.00000000     -1          1
93              0              0         0  0.00000000     -1          2
94            110            111         1  0.66069431      1          0
95              0              0         0  0.00000000     -1          1
96            112            113         2  0.66791553      1          0
97              0              0         0  0.00000000     -1          2
98              0              0         0  0.00000000     -1          2
99              0              0         0  0.00000000     -1          2
100           114            115         2  0.76929458      1          0
101             0              0         0  0.00000000     -1          1
102           116            117         2  0.17193885      1          0
103             0              0         0  0.00000000     -1          1
104             0              0         0  0.00000000     -1          2
105           118            119         2  0.23645497      1          0
106           120            121         2  0.27795177      1          0
107             0              0         0  0.00000000     -1          1
108           122            123         2  0.25748018      1          0
109             0              0         0  0.00000000     -1          2
110             0              0         0  0.00000000     -1          1
111             0              0         0  0.00000000     -1          2
112             0              0         0  0.00000000     -1          1
113           124            125         1  0.17315835      1          0
114           126            127         1  0.90863314      1          0
115             0              0         0  0.00000000     -1          1
116             0              0         0  0.00000000     -1          1
117             0              0         0  0.00000000     -1          1
118             0              0         0  0.00000000     -1          2
119             0              0         0  0.00000000     -1          1
120             0              0         0  0.00000000     -1          2
121             0              0         0  0.00000000     -1          2
122             0              0         0  0.00000000     -1          2
123             0              0         0  0.00000000     -1          2
124             0              0         0  0.00000000     -1          2
125             0              0         0  0.00000000     -1          2
126             0              0         0  0.00000000     -1          1
127             0              0         0  0.00000000     -1          1
