    left daughter right daughter split var split point status prediction
1               2              3         1  0.02505773      1          0
2               0              0         0  0.00000000     -1          1
3               4              5         1  0.14550699      1          0
4               6              7         2  0.48192318      1          0
5               8              9         1  0.42156494      1          0
6              10             11         1  0.05642448      1          0
7              12             13         1  0.05807761      1          0
8              14             15         1  0.36722584      1          0
9              16             17         1  0.87475922      1          0
10              0              0         0  0.00000000     -1          2
11             18             19         1  0.12026934      1          0
12              0              0         0  0.00000000     -1          2
13              0              0         0  0.00000000     -1          2
14             20             21         1  0.36456603      1          0
15             22             23         2  0.50504478      1          0
16             24             25         2  0.49935688      1          0
17             26             27         1  0.92632448      1          0
18             28             29         2  0.31966538      1          0
19              0              0         0  0.00000000     -1          1
20             30             31         1  0.16329644      1          0
21              0              0         0  0.00000000     -1          2
22              0              0         0  0.00000000     -1          1
23              0              0         0  0.00000000     -1          2
24             32             33         2  0.46334047      1          0
25             34             35         1  0.49639767      1          0
26             36             37         1  0.90720989      1          0
27             38             39         2  0.49602185      1          0
28              0              0         0  0.00000000     -1          1
29              0              0         0  0.00000000     -1          2
30              0              0         0  0.00000000     -1          1
31             40             41         2  0.50257859      1          0
32             42             43         2  0.44515729      1          0
33              0              0         0  0.00000000     -1          2
34             44             45         2  0.70803466      1          0
35             46             47         1  0.85399630      1          0
36             48             49         1  0.89529446      1          0
37              0              0         0  0.00000000     -1          1
38             50             51         1  0.97258715      1          0
39             52             53         2  0.80558179      1          0
40             54             55         1  0.21364102      1          0
41             56             57         1  0.36042109      1          0
42             58             59         2  0.38947227      1          0
43              0              0         0  0.00000000     -1          1
44              0              0         0  0.00000000     -1          2
45             60             61         2  0.72050466      1          0
46             62             63         2  0.68787001      1          0
47              0              0         0  0.00000000     -1          1
48             64             65         2  0.47934790      1          0
49              0              0         0  0.00000000     -1          2
50             66             67         1  0.96003199      1          0
51              0              0         0  0.00000000     -1          2
52             68             69         1  0.95649147      1          0
53              0              0         0  0.00000000     -1          1
54             70             71         2  0.22069567      1          0
55              0              0         0  0.00000000     -1          1
56             72             73         1  0.18643110      1          0
57              0              0         0  0.00000000     -1          2
58             74             75         2  0.38626008      1          0
59             76             77         2  0.41701046      1          0
60              0              0         0  0.00000000     -1          1
61              0              0         0  0.00000000     -1          2
62              0              0         0  0.00000000     -1          1
63             78             79         1  0.72190504      1          0
64              0              0         0  0.00000000     -1          2
65              0              0         0  0.00000000     -1          1
66              0              0         0  0.00000000     -1          2
67              0              0         0  0.00000000     -1          2
68              0              0         0  0.00000000     -1          1
69              0              0         0  0.00000000     -1          1
70              0              0         0  0.00000000     -1          1
71              0              0         0  0.00000000     -1          1
72              0              0         0  0.00000000     -1          2
73             80             81         2  0.92429681      1          0
74             82             83         1  0.50023000      1          0
75              0              0         0  0.00000000     -1          1
76              0              0         0  0.00000000     -1          2
77              0              0         0  0.00000000     -1          2
78             84             85         1  0.66842155      1          0
79             86             87         2  0.71108963      1          0
80             88             89         1  0.25969092      1          0
81              0              0         0  0.00000000     -1          2
82             90             91         1  0.44647714      1          0
83             92             93         2  0.35450464      1          0
84             94             95         2  0.76329124      1          0
85              0              0         0  0.00000000     -1          1
86              0              0         0  0.00000000     -1          2
87             96             97         1  0.72449598      1          0
88             98             99         1  0.25194164      1          0
89              0              0         0  0.00000000     -1          2
90              0              0         0  0.00000000     -1          1
91              0              0         0  0.00000000     -1          1
92            100            101         1  0.55889744      1          0
93              0              0         0  0.00000000     -1          2
94              0              0         0  0.00000000     -1          1
95            102            103         2  0.93885918      1          0
96              0              0         0  0.00000000     -1          2
97            104            105         1  0.82511727      1          0
98              0              0         0  0.00000000     -1          2
99              0              0         0  0.00000000     -1          1
100           106            107         1  0.55460492      1          0
101           108            109         2  0.35082263      1          0
102             0              0         0  0.00000000     -1          1
103             0              0         0  0.00000000     -1          1
104             0              0         0  0.00000000     -1          1
105             0              0         0  0.00000000     -1          1
106           110            111         2  0.32456546      1          0
107             0              0         0  0.00000000     -1          1
108           112            113         2  0.25795693      1          0
109             0              0         0  0.00000000     -1          1
110           114            115         2  0.03801810      1          0
111             0              0         0  0.00000000     -1          1
112           116            117         2  0.25145958      1          0
113             0              0         0  0.00000000     -1          2
114             0              0         0  0.00000000     -1          1
115           118            119         2  0.17125273      1          0
116           120            121         1  0.80752636      1          0
117             0              0         0  0.00000000     -1          1
118             0              0         0  0.00000000     -1          2
119             0              0         0  0.00000000     -1          2
120           122            123         1  0.74083778      1          0
121             0              0         0  0.00000000     -1          2
122           124            125         1  0.59779215      1          0
123             0              0         0  0.00000000     -1          1
124             0              0         0  0.00000000     -1          2
125           126            127         1  0.68722652      1          0
126             0              0         0  0.00000000     -1          2
127             0              0         0  0.00000000     -1          2
