    left daughter right daughter split var split point status prediction
1               2              3         1 0.041900327      1          0
2               4              5         2 0.492966534      1          0
3               6              7         1 0.121564366      1          0
4               8              9         2 0.166993558      1          0
5              10             11         1 0.038774665      1          0
6              12             13         1 0.100377595      1          0
7              14             15         1 0.127807218      1          0
8               0              0         0 0.000000000     -1          1
9               0              0         0 0.000000000     -1          1
10             16             17         1 0.020104669      1          0
11              0              0         0 0.000000000     -1          1
12             18             19         1 0.089511297      1          0
13              0              0         0 0.000000000     -1          2
14              0              0         0 0.000000000     -1          1
15             20             21         1 0.145659522      1          0
16              0              0         0 0.000000000     -1          2
17              0              0         0 0.000000000     -1          2
18             22             23         1 0.077115418      1          0
19              0              0         0 0.000000000     -1          1
20             24             25         1 0.143317949      1          0
21             26             27         2 0.444806307      1          0
22             28             29         1 0.066833020      1          0
23              0              0         0 0.000000000     -1          2
24              0              0         0 0.000000000     -1          2
25              0              0         0 0.000000000     -1          2
26             30             31         2 0.206879597      1          0
27             32             33         1 0.482454146      1          0
28             34             35         2 0.443329888      1          0
29              0              0         0 0.000000000     -1          1
30             36             37         2 0.006641789      1          0
31             38             39         1 0.498807541      1          0
32             40             41         2 0.499396875      1          0
33             42             43         1 0.949648532      1          0
34              0              0         0 0.000000000     -1          2
35              0              0         0 0.000000000     -1          2
36              0              0         0 0.000000000     -1          2
37             44             45         2 0.018095899      1          0
38             46             47         2 0.220527632      1          0
39             48             49         1 0.980389248      1          0
40              0              0         0 0.000000000     -1          1
41             50             51         2 0.667890216      1          0
42             52             53         1 0.875906376      1          0
43             54             55         2 0.496987493      1          0
44              0              0         0 0.000000000     -1          1
45             56             57         2 0.172447720      1          0
46              0              0         0 0.000000000     -1          2
47             58             59         1 0.180498496      1          0
48             60             61         1 0.679070715      1          0
49              0              0         0 0.000000000     -1          1
50             62             63         1 0.252407039      1          0
51             64             65         1 0.296318311      1          0
52             66             67         1 0.822126193      1          0
53             68             69         1 0.929464698      1          0
54              0              0         0 0.000000000     -1          2
55             70             71         2 0.672062912      1          0
56             72             73         2 0.051615749      1          0
57             74             75         2 0.187101785      1          0
58              0              0         0 0.000000000     -1          1
59             76             77         1 0.441015087      1          0
60             78             79         2 0.354504642      1          0
61             80             81         2 0.260637608      1          0
62             82             83         2 0.641979078      1          0
63              0              0         0 0.000000000     -1          2
64             84             85         2 0.922151963      1          0
65              0              0         0 0.000000000     -1          2
66             86             87         2 0.497746392      1          0
67             88             89         1 0.828128934      1          0
68             90             91         1 0.905542482      1          0
69              0              0         0 0.000000000     -1          1
70              0              0         0 0.000000000     -1          1
71              0              0         0 0.000000000     -1          1
72             92             93         2 0.045386852      1          0
73             94             95         1 0.495511656      1          0
74              0              0         0 0.000000000     -1          1
75             96             97         1 0.467974886      1          0
76              0              0         0 0.000000000     -1          1
77              0              0         0 0.000000000     -1          1
78             98             99         2 0.348585408      1          0
79              0              0         0 0.000000000     -1          2
80            100            101         2 0.252922106      1          0
81            102            103         1 0.956725548      1          0
82              0              0         0 0.000000000     -1          2
83              0              0         0 0.000000000     -1          1
84            104            105         1 0.182234049      1          0
85              0              0         0 0.000000000     -1          2
86            106            107         1 0.505847552      1          0
87            108            109         2 0.651763163      1          0
88              0              0         0 0.000000000     -1          2
89            110            111         1 0.844067486      1          0
90            112            113         1 0.904934130      1          0
91              0              0         0 0.000000000     -1          1
92            114            115         2 0.041249267      1          0
93              0              0         0 0.000000000     -1          1
94            116            117         2 0.145177588      1          0
95            118            119         2 0.134149986      1          0
96              0              0         0 0.000000000     -1          1
97              0              0         0 0.000000000     -1          2
98            120            121         2 0.220012719      1          0
99              0              0         0 0.000000000     -1          1
100             0              0         0 0.000000000     -1          2
101             0              0         0 0.000000000     -1          1
102           122            123         2 0.291256576      1          0
103             0              0         0 0.000000000     -1          2
104             0              0         0 0.000000000     -1          2
105             0              0         0 0.000000000     -1          2
106             0              0         0 0.000000000     -1          1
107             0              0         0 0.000000000     -1          2
108             0              0         0 0.000000000     -1          1
109           124            125         2 0.655772560      1          0
110             0              0         0 0.000000000     -1          1
111           126            127         1 0.848162812      1          0
112             0              0         0 0.000000000     -1          1
113             0              0         0 0.000000000     -1          2
114             0              0         0 0.000000000     -1          1
115             0              0         0 0.000000000     -1          2
116             0              0         0 0.000000000     -1          1
117             0              0         0 0.000000000     -1          1
118             0              0         0 0.000000000     -1          2
119             0              0         0 0.000000000     -1          2
120             0              0         0 0.000000000     -1          2
121             0              0         0 0.000000000     -1          2
122             0              0         0 0.000000000     -1          2
123             0              0         0 0.000000000     -1          2
124             0              0         0 0.000000000     -1          2
125             0              0         0 0.000000000     -1          1
126             0              0         0 0.000000000     -1          2
127             0              0         0 0.000000000     -1          1
