    left daughter right daughter split var split point status prediction
1               2              3         1  0.23499636      1          0
2               4              5         2  0.44332989      1          0
3               6              7         1  0.25275610      1          0
4               8              9         1  0.22284900      1          0
5              10             11         2  0.85718947      1          0
6              12             13         1  0.24701562      1          0
7              14             15         1  0.98034952      1          0
8              16             17         2  0.35828631      1          0
9               0              0         0  0.00000000     -1          1
10             18             19         2  0.74998170      1          0
11             20             21         1  0.10933172      1          0
12              0              0         0  0.00000000     -1          1
13              0              0         0  0.00000000     -1          1
14             22             23         2  0.45320345      1          0
15             24             25         1  0.99662030      1          0
16             26             27         1  0.12110887      1          0
17              0              0         0  0.00000000     -1          1
18             28             29         1  0.04528988      1          0
19              0              0         0  0.00000000     -1          2
20              0              0         0  0.00000000     -1          2
21             30             31         1  0.17366714      1          0
22             32             33         2  0.05074334      1          0
23             34             35         2  0.46983443      1          0
24             36             37         2  0.20160241      1          0
25              0              0         0  0.00000000     -1          1
26             38             39         1  0.10537053      1          0
27             40             41         1  0.20896768      1          0
28              0              0         0  0.00000000     -1          2
29             42             43         2  0.49468613      1          0
30              0              0         0  0.00000000     -1          2
31              0              0         0  0.00000000     -1          2
32             44             45         1  0.48692736      1          0
33             46             47         1  0.49880754      1          0
34              0              0         0  0.00000000     -1          1
35             48             49         2  0.48219226      1          0
36              0              0         0  0.00000000     -1          2
37             50             51         2  0.78254615      1          0
38             52             53         1  0.02985587      1          0
39              0              0         0  0.00000000     -1          2
40             54             55         1  0.17486756      1          0
41              0              0         0  0.00000000     -1          1
42              0              0         0  0.00000000     -1          2
43             56             57         1  0.16188490      1          0
44             58             59         2  0.02351880      1          0
45              0              0         0  0.00000000     -1          2
46             60             61         2  0.22052763      1          0
47             62             63         2  0.36740123      1          0
48              0              0         0  0.00000000     -1          2
49             64             65         2  0.95284144      1          0
50              0              0         0  0.00000000     -1          1
51              0              0         0  0.00000000     -1          1
52              0              0         0  0.00000000     -1          1
53             66             67         1  0.08054293      1          0
54              0              0         0  0.00000000     -1          1
55              0              0         0  0.00000000     -1          1
56              0              0         0  0.00000000     -1          2
57             68             69         2  0.63303054      1          0
58              0              0         0  0.00000000     -1          1
59              0              0         0  0.00000000     -1          1
60             70             71         1  0.39373615      1          0
61              0              0         0  0.00000000     -1          1
62             72             73         1  0.60125883      1          0
63              0              0         0  0.00000000     -1          2
64             74             75         1  0.49086239      1          0
65             76             77         1  0.49572224      1          0
66              0              0         0  0.00000000     -1          1
67              0              0         0  0.00000000     -1          1
68              0              0         0  0.00000000     -1          2
69              0              0         0  0.00000000     -1          2
70              0              0         0  0.00000000     -1          1
71              0              0         0  0.00000000     -1          1
72             78             79         2  0.07203471      1          0
73             80             81         2  0.36563075      1          0
74             82             83         2  0.50046485      1          0
75             84             85         1  0.95533368      1          0
76              0              0         0  0.00000000     -1          1
77              0              0         0  0.00000000     -1          1
78              0              0         0  0.00000000     -1          1
79             86             87         2  0.21068861      1          0
80             88             89         1  0.96003199      1          0
81              0              0         0  0.00000000     -1          1
82              0              0         0  0.00000000     -1          1
83             90             91         1  0.45323221      1          0
84             92             93         2  0.49774639      1          0
85              0              0         0  0.00000000     -1          1
86             94             95         2  0.13254376      1          0
87              0              0         0  0.00000000     -1          1
88             96             97         1  0.89046744      1          0
89              0              0         0  0.00000000     -1          2
90             98             99         1  0.36042109      1          0
91              0              0         0  0.00000000     -1          2
92              0              0         0  0.00000000     -1          2
93            100            101         2  0.58238527      1          0
94              0              0         0  0.00000000     -1          2
95              0              0         0  0.00000000     -1          2
96            102            103         1  0.87608292      1          0
97              0              0         0  0.00000000     -1          2
98              0              0         0  0.00000000     -1          2
99            104            105         2  0.55984869      1          0
100             0              0         0  0.00000000     -1          1
101           106            107         2  0.58514478      1          0
102           108            109         1  0.67723365      1          0
103             0              0         0  0.00000000     -1          1
104             0              0         0  0.00000000     -1          2
105           110            111         2  0.77637494      1          0
106             0              0         0  0.00000000     -1          2
107           112            113         1  0.64309866      1          0
108           114            115         2  0.23673999      1          0
109           116            117         2  0.24200572      1          0
110             0              0         0  0.00000000     -1          2
111             0              0         0  0.00000000     -1          2
112           118            119         1  0.55409999      1          0
113           120            121         1  0.65427535      1          0
114             0              0         0  0.00000000     -1          2
115             0              0         0  0.00000000     -1          2
116           122            123         1  0.74083778      1          0
117             0              0         0  0.00000000     -1          2
118           124            125         1  0.54974989      1          0
119             0              0         0  0.00000000     -1          1
120             0              0         0  0.00000000     -1          2
121           126            127         2  0.76929458      1          0
122             0              0         0  0.00000000     -1          2
123             0              0         0  0.00000000     -1          2
124             0              0         0  0.00000000     -1          1
125             0              0         0  0.00000000     -1          2
126             0              0         0  0.00000000     -1          1
127             0              0         0  0.00000000     -1          1
