    left daughter right daughter split var split point status prediction
1               2              3         1  0.98712229      1          0
2               4              5         1  0.81027539      1          0
3               0              0         0  0.00000000     -1          1
4               6              7         1  0.80351786      1          0
5               8              9         2  0.49698749      1          0
6              10             11         1  0.77784585      1          0
7               0              0         0  0.00000000     -1          1
8              12             13         1  0.87608292      1          0
9              14             15         1  0.98568126      1          0
10             16             17         1  0.67774920      1          0
11              0              0         0  0.00000000     -1          2
12             18             19         1  0.84638466      1          0
13             20             21         1  0.87812789      1          0
14             22             23         2  0.64078338      1          0
15              0              0         0  0.00000000     -1          2
16             24             25         2  0.49550857      1          0
17             26             27         1  0.69826922      1          0
18              0              0         0  0.00000000     -1          2
19             28             29         1  0.84743170      1          0
20              0              0         0  0.00000000     -1          1
21             30             31         2  0.37003736      1          0
22             32             33         2  0.58468032      1          0
23             34             35         2  0.66454359      1          0
24             36             37         1  0.49937382      1          0
25             38             39         1  0.49086239      1          0
26             40             41         2  0.44130696      1          0
27             42             43         2  0.50278587      1          0
28              0              0         0  0.00000000     -1          1
29              0              0         0  0.00000000     -1          2
30             44             45         2  0.33404458      1          0
31              0              0         0  0.00000000     -1          2
32              0              0         0  0.00000000     -1          1
33              0              0         0  0.00000000     -1          1
34              0              0         0  0.00000000     -1          2
35             46             47         1  0.94953702      1          0
36             48             49         1  0.06835125      1          0
37             50             51         1  0.65013341      1          0
38             52             53         2  0.98760546      1          0
39             54             55         1  0.64020727      1          0
40              0              0         0  0.00000000     -1          2
41              0              0         0  0.00000000     -1          1
42             56             57         1  0.74068923      1          0
43              0              0         0  0.00000000     -1          1
44             58             59         1  0.89110580      1          0
45              0              0         0  0.00000000     -1          1
46             60             61         2  0.83483307      1          0
47              0              0         0  0.00000000     -1          1
48             62             63         1  0.06380903      1          0
49             64             65         1  0.40302506      1          0
50             66             67         1  0.59779215      1          0
51             68             69         2  0.47839495      1          0
52             70             71         1  0.01389880      1          0
53              0              0         0  0.00000000     -1          1
54             72             73         2  0.51307977      1          0
55              0              0         0  0.00000000     -1          1
56              0              0         0  0.00000000     -1          2
57              0              0         0  0.00000000     -1          2
58              0              0         0  0.00000000     -1          2
59             74             75         2  0.16541333      1          0
60             76             77         1  0.90863314      1          0
61              0              0         0  0.00000000     -1          1
62             78             79         2  0.15873907      1          0
63              0              0         0  0.00000000     -1          2
64             80             81         2  0.29096232      1          0
65             82             83         1  0.40544351      1          0
66             84             85         1  0.59602010      1          0
67              0              0         0  0.00000000     -1          2
68             86             87         2  0.27279404      1          0
69              0              0         0  0.00000000     -1          1
70              0              0         0  0.00000000     -1          1
71             88             89         2  0.85824952      1          0
72              0              0         0  0.00000000     -1          2
73             90             91         2  0.71337569      1          0
74              0              0         0  0.00000000     -1          2
75             92             93         2  0.17877342      1          0
76              0              0         0  0.00000000     -1          1
77              0              0         0  0.00000000     -1          1
78              0              0         0  0.00000000     -1          1
79             94             95         1  0.04910419      1          0
80             96             97         2  0.29044723      1          0
81              0              0         0  0.00000000     -1          1
82              0              0         0  0.00000000     -1          2
83             98             99         1  0.47061066      1          0
84            100            101         2  0.21899026      1          0
85              0              0         0  0.00000000     -1          1
86              0              0         0  0.00000000     -1          2
87              0              0         0  0.00000000     -1          2
88            102            103         1  0.45074648      1          0
89            104            105         1  0.06089326      1          0
90            106            107         2  0.70145640      1          0
91              0              0         0  0.00000000     -1          1
92              0              0         0  0.00000000     -1          1
93            108            109         1  0.97639418      1          0
94              0              0         0  0.00000000     -1          1
95              0              0         0  0.00000000     -1          1
96            110            111         2  0.21242184      1          0
97              0              0         0  0.00000000     -1          2
98              0              0         0  0.00000000     -1          1
99            112            113         1  0.47214837      1          0
100             0              0         0  0.00000000     -1          2
101           114            115         1  0.50992845      1          0
102           116            117         1  0.25177001      1          0
103             0              0         0  0.00000000     -1          2
104             0              0         0  0.00000000     -1          1
105           118            119         1  0.32725872      1          0
106           120            121         1  0.50193405      1          0
107             0              0         0  0.00000000     -1          2
108             0              0         0  0.00000000     -1          2
109             0              0         0  0.00000000     -1          1
110             0              0         0  0.00000000     -1          1
111           122            123         1  0.21392377      1          0
112             0              0         0  0.00000000     -1          2
113           124            125         1  0.49294868      1          0
114             0              0         0  0.00000000     -1          2
115           126            127         1  0.56897984      1          0
116             0              0         0  0.00000000     -1          2
117             0              0         0  0.00000000     -1          2
118             0              0         0  0.00000000     -1          2
119             0              0         0  0.00000000     -1          2
120             0              0         0  0.00000000     -1          2
121             0              0         0  0.00000000     -1          1
122             0              0         0  0.00000000     -1          1
123             0              0         0  0.00000000     -1          1
124             0              0         0  0.00000000     -1          1
125             0              0         0  0.00000000     -1          1
126             0              0         0  0.00000000     -1          2
127             0              0         0  0.00000000     -1          2
