    left daughter right daughter split var split point status prediction
1               2              3         1  0.19339768      1          0
2               4              5         2  0.49265804      1          0
3               6              7         2  0.48865895      1          0
4               8              9         2  0.05415559      1          0
5              10             11         2  0.66450250      1          0
6              12             13         1  0.49880754      1          0
7              14             15         1  0.49134636      1          0
8               0              0         0  0.00000000     -1          1
9              16             17         1  0.12026934      1          0
10              0              0         0  0.00000000     -1          2
11             18             19         1  0.06030795      1          0
12             20             21         1  0.21364102      1          0
13             22             23         1  0.99107163      1          0
14             24             25         1  0.21158567      1          0
15             26             27         1  0.95065605      1          0
16             28             29         2  0.35828631      1          0
17              0              0         0  0.00000000     -1          1
18             30             31         1  0.05236940      1          0
19             32             33         2  0.67421600      1          0
20              0              0         0  0.00000000     -1          1
21             34             35         2  0.02818425      1          0
22             36             37         1  0.95996972      1          0
23              0              0         0  0.00000000     -1          1
24              0              0         0  0.00000000     -1          1
25             38             39         1  0.39731627      1          0
26             40             41         2  0.49774639      1          0
27             42             43         2  0.67206291      1          0
28             44             45         2  0.26858895      1          0
29             46             47         1  0.05134276      1          0
30             48             49         2  0.76842567      1          0
31              0              0         0  0.00000000     -1          1
32              0              0         0  0.00000000     -1          1
33              0              0         0  0.00000000     -1          2
34              0              0         0  0.00000000     -1          1
35             50             51         2  0.22207594      1          0
36             52             53         2  0.35467816      1          0
37             54             55         1  0.96127278      1          0
38             56             57         1  0.39477012      1          0
39             58             59         2  0.73048309      1          0
40              0              0         0  0.00000000     -1          2
41             60             61         2  0.69361170      1          0
42              0              0         0  0.00000000     -1          1
43              0              0         0  0.00000000     -1          2
44             62             63         1  0.06755995      1          0
45              0              0         0  0.00000000     -1          2
46              0              0         0  0.00000000     -1          1
47              0              0         0  0.00000000     -1          1
48              0              0         0  0.00000000     -1          1
49              0              0         0  0.00000000     -1          2
50             64             65         1  0.39803729      1          0
51              0              0         0  0.00000000     -1          1
52             66             67         2  0.33879062      1          0
53             68             69         1  0.67698553      1          0
54              0              0         0  0.00000000     -1          1
55             70             71         1  0.97997807      1          0
56             72             73         2  0.49828649      1          0
57              0              0         0  0.00000000     -1          1
58             74             75         2  0.71224801      1          0
59              0              0         0  0.00000000     -1          2
60             76             77         1  0.50557363      1          0
61             78             79         2  0.79921789      1          0
62              0              0         0  0.00000000     -1          1
63              0              0         0  0.00000000     -1          1
64             80             81         2  0.13998764      1          0
65             82             83         1  0.41137368      1          0
66             84             85         2  0.02013772      1          0
67              0              0         0  0.00000000     -1          1
68              0              0         0  0.00000000     -1          2
69             86             87         2  0.43206747      1          0
70              0              0         0  0.00000000     -1          2
71              0              0         0  0.00000000     -1          2
72              0              0         0  0.00000000     -1          1
73             88             89         2  0.96379779      1          0
74              0              0         0  0.00000000     -1          2
75              0              0         0  0.00000000     -1          1
76              0              0         0  0.00000000     -1          2
77             90             91         1  0.85883112      1          0
78             92             93         2  0.79891915      1          0
79             94             95         1  0.72449598      1          0
80              0              0         0  0.00000000     -1          1
81              0              0         0  0.00000000     -1          1
82              0              0         0  0.00000000     -1          2
83             96             97         1  0.45785884      1          0
84              0              0         0  0.00000000     -1          2
85             98             99         1  0.89271115      1          0
86              0              0         0  0.00000000     -1          2
87              0              0         0  0.00000000     -1          2
88            100            101         2  0.87524879      1          0
89              0              0         0  0.00000000     -1          2
90            102            103         2  0.64119502      1          0
91            104            105         2  0.53354734      1          0
92            106            107         2  0.69422472      1          0
93              0              0         0  0.00000000     -1          2
94            108            109         2  0.88574455      1          0
95              0              0         0  0.00000000     -1          1
96              0              0         0  0.00000000     -1          1
97              0              0         0  0.00000000     -1          1
98            110            111         2  0.13414999      1          0
99              0              0         0  0.00000000     -1          2
100           112            113         1  0.25240704      1          0
101             0              0         0  0.00000000     -1          2
102             0              0         0  0.00000000     -1          1
103           114            115         1  0.67286355      1          0
104             0              0         0  0.00000000     -1          1
105           116            117         1  0.87649321      1          0
106             0              0         0  0.00000000     -1          2
107           118            119         2  0.74352863      1          0
108             0              0         0  0.00000000     -1          1
109           120            121         2  0.88885513      1          0
110           122            123         2  0.07805856      1          0
111           124            125         2  0.17500513      1          0
112           126            127         2  0.56769226      1          0
113             0              0         0  0.00000000     -1          2
114             0              0         0  0.00000000     -1          1
115             0              0         0  0.00000000     -1          1
116             0              0         0  0.00000000     -1          2
117             0              0         0  0.00000000     -1          1
118             0              0         0  0.00000000     -1          1
119             0              0         0  0.00000000     -1          1
120             0              0         0  0.00000000     -1          2
121             0              0         0  0.00000000     -1          1
122             0              0         0  0.00000000     -1          2
123             0              0         0  0.00000000     -1          2
124             0              0         0  0.00000000     -1          2
125             0              0         0  0.00000000     -1          2
126             0              0         0  0.00000000     -1          1
127             0              0         0  0.00000000     -1          2
