    left daughter right daughter split var split point status prediction
1               2              3         2  0.96131520      1          0
2               4              5         1  0.02010467      1          0
3               6              7         2  0.97589281      1          0
4               0              0         0  0.00000000     -1          1
5               8              9         1  0.12401787      1          0
6               0              0         0  0.00000000     -1          1
7              10             11         1  0.49809966      1          0
8              12             13         2  0.48741779      1          0
9              14             15         2  0.43961183      1          0
10              0              0         0  0.00000000     -1          2
11              0              0         0  0.00000000     -1          1
12             16             17         1  0.09762179      1          0
13             18             19         2  0.87288115      1          0
14             20             21         1  0.49864608      1          0
15             22             23         1  0.49086239      1          0
16             24             25         2  0.17450328      1          0
17              0              0         0  0.00000000     -1          2
18              0              0         0  0.00000000     -1          2
19              0              0         0  0.00000000     -1          2
20             26             27         2  0.43714831      1          0
21             28             29         2  0.35401383      1          0
22             30             31         2  0.49939688      1          0
23             32             33         1  0.82337330      1          0
24              0              0         0  0.00000000     -1          1
25              0              0         0  0.00000000     -1          1
26             34             35         2  0.21698263      1          0
27              0              0         0  0.00000000     -1          2
28             36             37         2  0.33879062      1          0
29              0              0         0  0.00000000     -1          2
30              0              0         0  0.00000000     -1          1
31             38             39         1  0.25723917      1          0
32             40             41         1  0.75224672      1          0
33             42             43         1  0.86204264      1          0
34             44             45         2  0.21180698      1          0
35              0              0         0  0.00000000     -1          1
36             46             47         2  0.21119877      1          0
37              0              0         0  0.00000000     -1          1
38             48             49         2  0.65789906      1          0
39             50             51         2  0.55403013      1          0
40             52             53         1  0.74796963      1          0
41              0              0         0  0.00000000     -1          1
42             54             55         2  0.51072303      1          0
43             56             57         2  0.49698749      1          0
44             58             59         1  0.29308361      1          0
45              0              0         0  0.00000000     -1          2
46             60             61         2  0.06647851      1          0
47             62             63         2  0.25795693      1          0
48             64             65         2  0.64197908      1          0
49             66             67         2  0.91941406      1          0
50              0              0         0  0.00000000     -1          2
51             68             69         1  0.36207966      1          0
52             70             71         1  0.62281257      1          0
53              0              0         0  0.00000000     -1          2
54              0              0         0  0.00000000     -1          2
55              0              0         0  0.00000000     -1          1
56              0              0         0  0.00000000     -1          2
57             72             73         2  0.75998088      1          0
58             74             75         1  0.28226218      1          0
59             76             77         1  0.39838532      1          0
60              0              0         0  0.00000000     -1          2
61             78             79         2  0.07947477      1          0
62             80             81         2  0.23827465      1          0
63             82             83         1  0.97745732      1          0
64             84             85         2  0.56284740      1          0
65              0              0         0  0.00000000     -1          1
66             86             87         1  0.17366714      1          0
67              0              0         0  0.00000000     -1          2
68             88             89         2  0.78732717      1          0
69              0              0         0  0.00000000     -1          2
70             90             91         2  0.49983496      1          0
71             92             93         1  0.65507054      1          0
72             94             95         1  0.99090780      1          0
73             96             97         1  0.90562338      1          0
74             98             99         1  0.22117912      1          0
75              0              0         0  0.00000000     -1          2
76              0              0         0  0.00000000     -1          1
77            100            101         2  0.16697228      1          0
78              0              0         0  0.00000000     -1          2
79            102            103         1  0.74284359      1          0
80              0              0         0  0.00000000     -1          2
81              0              0         0  0.00000000     -1          1
82              0              0         0  0.00000000     -1          2
83              0              0         0  0.00000000     -1          1
84              0              0         0  0.00000000     -1          2
85              0              0         0  0.00000000     -1          2
86              0              0         0  0.00000000     -1          2
87            104            105         1  0.17776482      1          0
88              0              0         0  0.00000000     -1          2
89              0              0         0  0.00000000     -1          2
90              0              0         0  0.00000000     -1          2
91            106            107         1  0.49977467      1          0
92              0              0         0  0.00000000     -1          1
93            108            109         1  0.72927305      1          0
94            110            111         2  0.58468032      1          0
95              0              0         0  0.00000000     -1          2
96              0              0         0  0.00000000     -1          2
97              0              0         0  0.00000000     -1          1
98              0              0         0  0.00000000     -1          1
99              0              0         0  0.00000000     -1          1
100             0              0         0  0.00000000     -1          1
101             0              0         0  0.00000000     -1          1
102           112            113         2  0.13254376      1          0
103             0              0         0  0.00000000     -1          2
104             0              0         0  0.00000000     -1          1
105             0              0         0  0.00000000     -1          2
106             0              0         0  0.00000000     -1          1
107           114            115         2  0.69329937      1          0
108           116            117         1  0.72190504      1          0
109             0              0         0  0.00000000     -1          1
110             0              0         0  0.00000000     -1          1
111           118            119         1  0.87649321      1          0
112             0              0         0  0.00000000     -1          2
113           120            121         1  0.74011920      1          0
114           122            123         1  0.52418952      1          0
115             0              0         0  0.00000000     -1          1
116           124            125         2  0.52667784      1          0
117             0              0         0  0.00000000     -1          2
118             0              0         0  0.00000000     -1          1
119           126            127         1  0.94106152      1          0
120             0              0         0  0.00000000     -1          2
121             0              0         0  0.00000000     -1          1
122             0              0         0  0.00000000     -1          1
123             0              0         0  0.00000000     -1          1
124             0              0         0  0.00000000     -1          2
125             0              0         0  0.00000000     -1          1
126             0              0         0  0.00000000     -1          1
127             0              0         0  0.00000000     -1          1
