    left daughter right daughter split var split point status prediction
1               2              3         2  0.95927188      1          0
2               4              5         1  0.02310156      1          0
3               6              7         2  0.97220696      1          0
4               0              0         0  0.00000000     -1          1
5               8              9         2  0.48779222      1          0
6               0              0         0  0.00000000     -1          1
7              10             11         1  0.47053752      1          0
8              12             13         2  0.24393650      1          0
9              14             15         2  0.51844425      1          0
10              0              0         0  0.00000000     -1          2
11              0              0         0  0.00000000     -1          1
12             16             17         1  0.49406536      1          0
13             18             19         2  0.47038601      1          0
14             20             21         1  0.06398938      1          0
15             22             23         2  0.61636735      1          0
16             24             25         1  0.03839052      1          0
17             26             27         2  0.23725447      1          0
18             28             29         1  0.49905106      1          0
19             30             31         2  0.47866150      1          0
20              0              0         0  0.00000000     -1          2
21             32             33         2  0.49971931      1          0
22             34             35         1  0.49023898      1          0
23             36             37         1  0.49134636      1          0
24              0              0         0  0.00000000     -1          1
25             38             39         2  0.02818425      1          0
26             40             41         1  0.97138329      1          0
27              0              0         0  0.00000000     -1          1
28             42             43         2  0.29279048      1          0
29             44             45         1  0.98619361      1          0
30              0              0         0  0.00000000     -1          2
31              0              0         0  0.00000000     -1          2
32              0              0         0  0.00000000     -1          1
33              0              0         0  0.00000000     -1          1
34             46             47         2  0.53620497      1          0
35             48             49         2  0.58355479      1          0
36             50             51         2  0.66789022      1          0
37             52             53         1  0.83995938      1          0
38              0              0         0  0.00000000     -1          1
39             54             55         1  0.39766256      1          0
40             56             57         2  0.01809590      1          0
41              0              0         0  0.00000000     -1          2
42              0              0         0  0.00000000     -1          1
43             58             59         2  0.44859959      1          0
44             60             61         2  0.35450464      1          0
45              0              0         0  0.00000000     -1          1
46              0              0         0  0.00000000     -1          2
47              0              0         0  0.00000000     -1          2
48              0              0         0  0.00000000     -1          1
49             62             63         2  0.58586125      1          0
50             64             65         2  0.66706318      1          0
51             66             67         1  0.11019177      1          0
52             68             69         2  0.64567833      1          0
53             70             71         2  0.83287660      1          0
54             72             73         2  0.14577179      1          0
55             74             75         2  0.16697228      1          0
56              0              0         0  0.00000000     -1          2
57             76             77         1  0.59779215      1          0
58             78             79         1  0.08203232      1          0
59              0              0         0  0.00000000     -1          1
60             80             81         1  0.55849437      1          0
61              0              0         0  0.00000000     -1          2
62              0              0         0  0.00000000     -1          2
63              0              0         0  0.00000000     -1          1
64             82             83         2  0.64197908      1          0
65              0              0         0  0.00000000     -1          1
66             84             85         2  0.85865709      1          0
67             86             87         2  0.92594876      1          0
68              0              0         0  0.00000000     -1          1
69             88             89         1  0.63130123      1          0
70             90             91         2  0.78682779      1          0
71              0              0         0  0.00000000     -1          1
72              0              0         0  0.00000000     -1          1
73             92             93         2  0.16221821      1          0
74              0              0         0  0.00000000     -1          1
75              0              0         0  0.00000000     -1          2
76             94             95         1  0.56995383      1          0
77             96             97         1  0.79917515      1          0
78              0              0         0  0.00000000     -1          1
79             98             99         2  0.43714831      1          0
80              0              0         0  0.00000000     -1          2
81            100            101         1  0.67907071      1          0
82              0              0         0  0.00000000     -1          2
83              0              0         0  0.00000000     -1          2
84              0              0         0  0.00000000     -1          2
85              0              0         0  0.00000000     -1          2
86            102            103         1  0.35654609      1          0
87            104            105         2  0.92911781      1          0
88              0              0         0  0.00000000     -1          1
89            106            107         1  0.64935828      1          0
90            108            109         2  0.76647295      1          0
91              0              0         0  0.00000000     -1          2
92              0              0         0  0.00000000     -1          2
93              0              0         0  0.00000000     -1          1
94            110            111         1  0.53795654      1          0
95              0              0         0  0.00000000     -1          1
96              0              0         0  0.00000000     -1          2
97            112            113         1  0.80429970      1          0
98            114            115         2  0.37758169      1          0
99              0              0         0  0.00000000     -1          1
100           116            117         2  0.34889438      1          0
101           118            119         2  0.25748018      1          0
102           120            121         2  0.88001391      1          0
103           122            123         1  0.36336264      1          0
104             0              0         0  0.00000000     -1          1
105             0              0         0  0.00000000     -1          2
106             0              0         0  0.00000000     -1          2
107           124            125         2  0.87575065      1          0
108           126            127         1  0.86205185      1          0
109             0              0         0  0.00000000     -1          2
110             0              0         0  0.00000000     -1          2
111             0              0         0  0.00000000     -1          2
112             0              0         0  0.00000000     -1          1
113             0              0         0  0.00000000     -1          2
114             0              0         0  0.00000000     -1          1
115             0              0         0  0.00000000     -1          1
116             0              0         0  0.00000000     -1          2
117             0              0         0  0.00000000     -1          1
118             0              0         0  0.00000000     -1          2
119             0              0         0  0.00000000     -1          2
120             0              0         0  0.00000000     -1          2
121             0              0         0  0.00000000     -1          2
122             0              0         0  0.00000000     -1          1
123             0              0         0  0.00000000     -1          2
124             0              0         0  0.00000000     -1          1
125             0              0         0  0.00000000     -1          1
126             0              0         0  0.00000000     -1          2
127             0              0         0  0.00000000     -1          1
