    left daughter right daughter split var  split point status prediction
1               2              3         1 0.4522057573      1          0
2               4              5         1 0.0007194596      1          0
3               6              7         1 0.9166576859      1          0
4               0              0         0 0.0000000000     -1          1
5               8              9         2 0.2515276244      1          0
6              10             11         1 0.9127154272      1          0
7              12             13         1 0.9333654093      1          0
8              14             15         1 0.0252336354      1          0
9              16             17         1 0.0855898255      1          0
10             18             19         2 0.7511139531      1          0
11              0              0         0 0.0000000000     -1          2
12              0              0         0 0.0000000000     -1          1
13             20             21         1 0.9355149002      1          0
14              0              0         0 0.0000000000     -1          2
15             22             23         1 0.4265590651      1          0
16             24             25         2 0.3033339229      1          0
17             26             27         1 0.1793790696      1          0
18             28             29         1 0.6138160981      1          0
19             30             31         1 0.8585927994      1          0
20              0              0         0 0.0000000000     -1          2
21             32             33         2 0.7703412105      1          0
22             34             35         2 0.2429009641      1          0
23              0              0         0 0.0000000000     -1          2
24              0              0         0 0.0000000000     -1          1
25             36             37         1 0.0799715460      1          0
26              0              0         0 0.0000000000     -1          2
27             38             39         1 0.1816996485      1          0
28             40             41         2 0.5725134891      1          0
29             42             43         2 0.0208654839      1          0
30             44             45         1 0.4600292469      1          0
31             46             47         1 0.8867610162      1          0
32             48             49         1 0.9819318389      1          0
33             50             51         1 0.9516173722      1          0
34             52             53         1 0.1496809935      1          0
35              0              0         0 0.0000000000     -1          1
36             54             55         1 0.0371325167      1          0
37              0              0         0 0.0000000000     -1          1
38              0              0         0 0.0000000000     -1          1
39             56             57         2 0.4834932782      1          0
40             58             59         2 0.0655235398      1          0
41             60             61         2 0.7089028166      1          0
42              0              0         0 0.0000000000     -1          2
43             62             63         2 0.5827748836      1          0
44              0              0         0 0.0000000000     -1          1
45             64             65         1 0.5770669662      1          0
46              0              0         0 0.0000000000     -1          2
47              0              0         0 0.0000000000     -1          2
48              0              0         0 0.0000000000     -1          1
49              0              0         0 0.0000000000     -1          1
50              0              0         0 0.0000000000     -1          2
51              0              0         0 0.0000000000     -1          2
52              0              0         0 0.0000000000     -1          1
53             66             67         2 0.0203878455      1          0
54             68             69         2 0.5924666014      1          0
55             70             71         2 0.7362306356      1          0
56             72             73         1 0.2764237214      1          0
57             74             75         2 0.6974050962      1          0
58              0              0         0 0.0000000000     -1          2
59             76             77         2 0.1913505728      1          0
60              0              0         0 0.0000000000     -1          2
61              0              0         0 0.0000000000     -1          1
62             78             79         2 0.2410214470      1          0
63             80             81         1 0.8234800627      1          0
64             82             83         1 0.5474757106      1          0
65             84             85         1 0.7029414026      1          0
66              0              0         0 0.0000000000     -1          2
67             86             87         2 0.1915008346      1          0
68              0              0         0 0.0000000000     -1          2
69              0              0         0 0.0000000000     -1          2
70             88             89         1 0.0383055226      1          0
71              0              0         0 0.0000000000     -1          1
72             90             91         2 0.3995002402      1          0
73             92             93         2 0.4124198783      1          0
74             94             95         2 0.6327121423      1          0
75             96             97         2 0.7086375095      1          0
76              0              0         0 0.0000000000     -1          1
77             98             99         2 0.2415320038      1          0
78            100            101         2 0.2210702635      1          0
79            102            103         2 0.3064785189      1          0
80            104            105         2 0.7098343478      1          0
81            106            107         2 0.5927045971      1          0
82              0              0         0 0.0000000000     -1          2
83              0              0         0 0.0000000000     -1          1
84            108            109         2 0.9825045162      1          0
85              0              0         0 0.0000000000     -1          2
86            110            111         1 0.2933535853      1          0
87              0              0         0 0.0000000000     -1          1
88              0              0         0 0.0000000000     -1          1
89              0              0         0 0.0000000000     -1          2
90              0              0         0 0.0000000000     -1          2
91              0              0         0 0.0000000000     -1          1
92              0              0         0 0.0000000000     -1          2
93              0              0         0 0.0000000000     -1          2
94              0              0         0 0.0000000000     -1          2
95            112            113         2 0.6355695512      1          0
96              0              0         0 0.0000000000     -1          1
97            114            115         1 0.4402747441      1          0
98              0              0         0 0.0000000000     -1          2
99            116            117         2 0.5068022081      1          0
100           118            119         2 0.1332283356      1          0
101             0              0         0 0.0000000000     -1          2
102           120            121         2 0.3045380821      1          0
103             0              0         0 0.0000000000     -1          1
104           122            123         2 0.6756248455      1          0
105             0              0         0 0.0000000000     -1          1
106             0              0         0 0.0000000000     -1          2
107           124            125         2 0.6397695375      1          0
108             0              0         0 0.0000000000     -1          2
109             0              0         0 0.0000000000     -1          2
110             0              0         0 0.0000000000     -1          1
111           126            127         2 0.0774449663      1          0
112             0              0         0 0.0000000000     -1          1
113             0              0         0 0.0000000000     -1          2
114           128            129         1 0.3045821425      1          0
115             0              0         0 0.0000000000     -1          1
116           130            131         2 0.2746625788      1          0
117             0              0         0 0.0000000000     -1          1
118           132            133         2 0.0852080300      1          0
119           134            135         1 0.7428088820      1          0
120             0              0         0 0.0000000000     -1          1
121             0              0         0 0.0000000000     -1          2
122             0              0         0 0.0000000000     -1          1
123             0              0         0 0.0000000000     -1          2
124             0              0         0 0.0000000000     -1          1
125             0              0         0 0.0000000000     -1          1
126             0              0         0 0.0000000000     -1          1
127             0              0         0 0.0000000000     -1          1
128           136            137         1 0.2577190060      1          0
129           138            139         2 0.7988696228      1          0
130             0              0         0 0.0000000000     -1          1
131           140            141         2 0.3897659448      1          0
132             0              0         0 0.0000000000     -1          1
133             0              0         0 0.0000000000     -1          1
134             0              0         0 0.0000000000     -1          1
135             0              0         0 0.0000000000     -1          1
136             0              0         0 0.0000000000     -1          2
137           142            143         1 0.2603972533      1          0
138             0              0         0 0.0000000000     -1          2
139           144            145         2 0.9188309454      1          0
140             0              0         0 0.0000000000     -1          1
141             0              0         0 0.0000000000     -1          1
142             0              0         0 0.0000000000     -1          1
143             0              0         0 0.0000000000     -1          2
144           146            147         1 0.3350411816      1          0
145             0              0         0 0.0000000000     -1          2
146             0              0         0 0.0000000000     -1          2
147             0              0         0 0.0000000000     -1          2
