    left daughter right daughter split var split point status prediction
1               2              3         2 0.263950569      1          0
2               4              5         1 0.012039683      1          0
3               6              7         2 0.754783998      1          0
4               0              0         0 0.000000000     -1          2
5               8              9         1 0.133615838      1          0
6              10             11         2 0.582430421      1          0
7              12             13         2 0.981746683      1          0
8              14             15         2 0.052874375      1          0
9              16             17         2 0.186544017      1          0
10             18             19         2 0.268055595      1          0
11             20             21         2 0.700987970      1          0
12             22             23         2 0.913466081      1          0
13             24             25         1 0.916406156      1          0
14              0              0         0 0.000000000     -1          1
15              0              0         0 0.000000000     -1          1
16             26             27         2 0.017256847      1          0
17             28             29         2 0.200827727      1          0
18              0              0         0 0.000000000     -1          2
19             30             31         1 0.458832257      1          0
20             32             33         2 0.591328857      1          0
21             34             35         2 0.720329201      1          0
22             36             37         1 0.853004527      1          0
23              0              0         0 0.000000000     -1          2
24             38             39         1 0.709338465      1          0
25              0              0         0 0.000000000     -1          1
26              0              0         0 0.000000000     -1          2
27             40             41         1 0.157270029      1          0
28              0              0         0 0.000000000     -1          2
29             42             43         2 0.227282603      1          0
30             44             45         1 0.009102583      1          0
31             46             47         2 0.390663716      1          0
32              0              0         0 0.000000000     -1          2
33             48             49         1 0.593855446      1          0
34             50             51         1 0.697158280      1          0
35             52             53         2 0.723134610      1          0
36             54             55         1 0.338593992      1          0
37             56             57         2 0.771529195      1          0
38              0              0         0 0.000000000     -1          2
39              0              0         0 0.000000000     -1          2
40              0              0         0 0.000000000     -1          2
41             58             59         2 0.085558640      1          0
42              0              0         0 0.000000000     -1          1
43             60             61         2 0.253768049      1          0
44              0              0         0 0.000000000     -1          1
45             62             63         2 0.581010281      1          0
46             64             65         2 0.383107810      1          0
47             66             67         1 0.525966043      1          0
48             68             69         2 0.634480305      1          0
49             70             71         2 0.597193385      1          0
50              0              0         0 0.000000000     -1          2
51              0              0         0 0.000000000     -1          1
52              0              0         0 0.000000000     -1          2
53             72             73         1 0.709764510      1          0
54             74             75         2 0.896696793      1          0
55             76             77         1 0.352343698      1          0
56              0              0         0 0.000000000     -1          1
57             78             79         1 0.881023146      1          0
58             80             81         1 0.552306344      1          0
59             82             83         1 0.740938220      1          0
60             84             85         2 0.251812468      1          0
61              0              0         0 0.000000000     -1          1
62             86             87         2 0.292378758      1          0
63              0              0         0 0.000000000     -1          1
64             88             89         2 0.272686468      1          0
65              0              0         0 0.000000000     -1          2
66              0              0         0 0.000000000     -1          2
67              0              0         0 0.000000000     -1          1
68             90             91         1 0.408658997      1          0
69              0              0         0 0.000000000     -1          2
70              0              0         0 0.000000000     -1          1
71             92             93         2 0.675937937      1          0
72             94             95         2 0.748902512      1          0
73              0              0         0 0.000000000     -1          1
74              0              0         0 0.000000000     -1          2
75              0              0         0 0.000000000     -1          2
76              0              0         0 0.000000000     -1          1
77             96             97         2 0.909644477      1          0
78              0              0         0 0.000000000     -1          1
79             98             99         1 0.934607351      1          0
80            100            101         2 0.057156732      1          0
81            102            103         1 0.577788430      1          0
82            104            105         2 0.134088240      1          0
83              0              0         0 0.000000000     -1          1
84            106            107         1 0.891863671      1          0
85              0              0         0 0.000000000     -1          2
86              0              0         0 0.000000000     -1          2
87            108            109         1 0.378135466      1          0
88              0              0         0 0.000000000     -1          1
89            110            111         1 0.960857286      1          0
90              0              0         0 0.000000000     -1          2
91              0              0         0 0.000000000     -1          2
92              0              0         0 0.000000000     -1          1
93              0              0         0 0.000000000     -1          1
94            112            113         2 0.728358844      1          0
95              0              0         0 0.000000000     -1          1
96            114            115         2 0.785533897      1          0
97              0              0         0 0.000000000     -1          1
98              0              0         0 0.000000000     -1          2
99              0              0         0 0.000000000     -1          2
100             0              0         0 0.000000000     -1          1
101             0              0         0 0.000000000     -1          1
102             0              0         0 0.000000000     -1          2
103           116            117         2 0.041399632      1          0
104             0              0         0 0.000000000     -1          1
105             0              0         0 0.000000000     -1          1
106             0              0         0 0.000000000     -1          2
107             0              0         0 0.000000000     -1          1
108           118            119         1 0.230821029      1          0
109             0              0         0 0.000000000     -1          2
110           120            121         1 0.486893875      1          0
111             0              0         0 0.000000000     -1          2
112             0              0         0 0.000000000     -1          1
113           122            123         2 0.737564840      1          0
114             0              0         0 0.000000000     -1          2
115           124            125         2 0.788203810      1          0
116             0              0         0 0.000000000     -1          1
117             0              0         0 0.000000000     -1          1
118           126            127         2 0.447785808      1          0
119           128            129         2 0.447655912      1          0
120             0              0         0 0.000000000     -1          1
121           130            131         1 0.696498300      1          0
122             0              0         0 0.000000000     -1          2
123             0              0         0 0.000000000     -1          2
124             0              0         0 0.000000000     -1          1
125           132            133         2 0.828840195      1          0
126             0              0         0 0.000000000     -1          2
127           134            135         1 0.084851111      1          0
128           136            137         1 0.276423721      1          0
129             0              0         0 0.000000000     -1          2
130             0              0         0 0.000000000     -1          1
131           138            139         1 0.706412207      1          0
132             0              0         0 0.000000000     -1          2
133           140            141         2 0.859638330      1          0
134             0              0         0 0.000000000     -1          2
135             0              0         0 0.000000000     -1          2
136             0              0         0 0.000000000     -1          2
137             0              0         0 0.000000000     -1          2
138             0              0         0 0.000000000     -1          2
139           142            143         1 0.727823546      1          0
140             0              0         0 0.000000000     -1          2
141           144            145         1 0.459715343      1          0
142             0              0         0 0.000000000     -1          1
143           146            147         1 0.843242404      1          0
144             0              0         0 0.000000000     -1          1
145           148            149         2 0.891002315      1          0
146             0              0         0 0.000000000     -1          1
147             0              0         0 0.000000000     -1          1
148             0              0         0 0.000000000     -1          2
149             0              0         0 0.000000000     -1          2
