    left daughter right daughter split var split point status prediction
1               2              3         1 0.686679520      1          0
2               4              5         1 0.419637560      1          0
3               6              7         2 0.749118798      1          0
4               8              9         1 0.117568737      1          0
5              10             11         2 0.628789488      1          0
6              12             13         2 0.002841984      1          0
7              14             15         1 0.708989306      1          0
8              16             17         2 0.302624756      1          0
9              18             19         2 0.238699164      1          0
10             20             21         1 0.465595933      1          0
11             22             23         2 0.712435791      1          0
12              0              0         0 0.000000000     -1          2
13             24             25         1 0.699116618      1          0
14              0              0         0 0.000000000     -1          1
15             26             27         2 0.991562450      1          0
16             28             29         1 0.025233635      1          0
17             30             31         1 0.005776981      1          0
18             32             33         1 0.165231999      1          0
19             34             35         1 0.230821029      1          0
20             36             37         1 0.462050047      1          0
21             38             39         1 0.570381184      1          0
22             40             41         2 0.708902817      1          0
23             42             43         1 0.446841835      1          0
24              0              0         0 0.000000000     -1          1
25             44             45         2 0.639769537      1          0
26             46             47         2 0.903813321      1          0
27              0              0         0 0.000000000     -1          2
28              0              0         0 0.000000000     -1          1
29              0              0         0 0.000000000     -1          1
30              0              0         0 0.000000000     -1          2
31             48             49         1 0.036232034      1          0
32              0              0         0 0.000000000     -1          2
33             50             51         2 0.193940177      1          0
34             52             53         1 0.186499934      1          0
35             54             55         1 0.232890804      1          0
36             56             57         2 0.315041863      1          0
37              0              0         0 0.000000000     -1          2
38             58             59         1 0.566843342      1          0
39             60             61         1 0.640074249      1          0
40             62             63         2 0.656572099      1          0
41              0              0         0 0.000000000     -1          1
42              0              0         0 0.000000000     -1          2
43             64             65         1 0.577066966      1          0
44             66             67         1 0.894199881      1          0
45              0              0         0 0.000000000     -1          1
46             68             69         2 0.900945078      1          0
47             70             71         2 0.975454422      1          0
48              0              0         0 0.000000000     -1          2
49             72             73         1 0.053135620      1          0
50             74             75         1 0.297102356      1          0
51              0              0         0 0.000000000     -1          1
52             76             77         1 0.181649549      1          0
53              0              0         0 0.000000000     -1          2
54              0              0         0 0.000000000     -1          1
55             78             79         1 0.322502949      1          0
56              0              0         0 0.000000000     -1          1
57              0              0         0 0.000000000     -1          2
58             80             81         2 0.477647060      1          0
59              0              0         0 0.000000000     -1          2
60             82             83         1 0.593384909      1          0
61             84             85         1 0.640557506      1          0
62              0              0         0 0.000000000     -1          2
63              0              0         0 0.000000000     -1          2
64             86             87         1 0.573286725      1          0
65              0              0         0 0.000000000     -1          2
66             88             89         2 0.630537304      1          0
67             90             91         1 0.982839002      1          0
68             92             93         1 0.880155157      1          0
69              0              0         0 0.000000000     -1          1
70             94             95         1 0.735277142      1          0
71              0              0         0 0.000000000     -1          2
72              0              0         0 0.000000000     -1          1
73             96             97         1 0.082900565      1          0
74             98             99         2 0.063156968      1          0
75              0              0         0 0.000000000     -1          1
76            100            101         1 0.145658543      1          0
77              0              0         0 0.000000000     -1          1
78            102            103         1 0.314183819      1          0
79            104            105         2 0.782815596      1          0
80            106            107         1 0.483891278      1          0
81              0              0         0 0.000000000     -1          2
82              0              0         0 0.000000000     -1          1
83              0              0         0 0.000000000     -1          1
84              0              0         0 0.000000000     -1          2
85            108            109         2 0.193786747      1          0
86              0              0         0 0.000000000     -1          2
87              0              0         0 0.000000000     -1          1
88            110            111         2 0.260121216      1          0
89              0              0         0 0.000000000     -1          2
90            112            113         2 0.281569985      1          0
91            114            115         1 0.983899236      1          0
92            116            117         2 0.871349554      1          0
93            118            119         2 0.804361807      1          0
94              0              0         0 0.000000000     -1          2
95              0              0         0 0.000000000     -1          2
96            120            121         2 0.618834020      1          0
97              0              0         0 0.000000000     -1          2
98              0              0         0 0.000000000     -1          1
99              0              0         0 0.000000000     -1          1
100             0              0         0 0.000000000     -1          2
101           122            123         2 0.263150855      1          0
102           124            125         2 0.896696793      1          0
103             0              0         0 0.000000000     -1          2
104           126            127         2 0.458742775      1          0
105           128            129         2 0.808208677      1          0
106             0              0         0 0.000000000     -1          1
107             0              0         0 0.000000000     -1          1
108             0              0         0 0.000000000     -1          1
109             0              0         0 0.000000000     -1          1
110           130            131         1 0.836554487      1          0
111           132            133         2 0.579252748      1          0
112             0              0         0 0.000000000     -1          1
113           134            135         1 0.935351714      1          0
114             0              0         0 0.000000000     -1          2
115             0              0         0 0.000000000     -1          1
116           136            137         1 0.863302343      1          0
117             0              0         0 0.000000000     -1          2
118             0              0         0 0.000000000     -1          2
119             0              0         0 0.000000000     -1          2
120             0              0         0 0.000000000     -1          2
121             0              0         0 0.000000000     -1          2
122             0              0         0 0.000000000     -1          1
123             0              0         0 0.000000000     -1          2
124           138            139         1 0.260926544      1          0
125             0              0         0 0.000000000     -1          2
126           140            141         1 0.399997723      1          0
127             0              0         0 0.000000000     -1          2
128             0              0         0 0.000000000     -1          1
129           142            143         1 0.350590722      1          0
130           144            145         1 0.741688864      1          0
131             0              0         0 0.000000000     -1          2
132             0              0         0 0.000000000     -1          1
133             0              0         0 0.000000000     -1          1
134           146            147         2 0.303731991      1          0
135             0              0         0 0.000000000     -1          1
136             0              0         0 0.000000000     -1          2
137             0              0         0 0.000000000     -1          1
138             0              0         0 0.000000000     -1          2
139           148            149         1 0.262211417      1          0
140             0              0         0 0.000000000     -1          2
141             0              0         0 0.000000000     -1          2
142             0              0         0 0.000000000     -1          2
143             0              0         0 0.000000000     -1          2
144             0              0         0 0.000000000     -1          1
145             0              0         0 0.000000000     -1          1
146             0              0         0 0.000000000     -1          2
147             0              0         0 0.000000000     -1          1
148             0              0         0 0.000000000     -1          1
149           150            151         2 0.698552570      1          0
150             0              0         0 0.000000000     -1          2
151             0              0         0 0.000000000     -1          2
