    left daughter right daughter split var split point status prediction
1               2              3         2 0.565339007      1          0
2               4              5         2 0.264147891      1          0
3               6              7         2 0.754783998      1          0
4               8              9         1 0.851810655      1          0
5              10             11         2 0.270790951      1          0
6              12             13         1 0.585799857      1          0
7              14             15         2 0.982177776      1          0
8              16             17         2 0.001263054      1          0
9               0              0         0 0.000000000     -1          1
10              0              0         0 0.000000000     -1          2
11             18             19         1 0.458832257      1          0
12             20             21         1 0.006644896      1          0
13             22             23         1 0.606179358      1          0
14             24             25         2 0.927143354      1          0
15             26             27         1 0.225836899      1          0
16              0              0         0 0.000000000     -1          2
17             28             29         1 0.833786755      1          0
18             30             31         2 0.295525855      1          0
19             32             33         2 0.486602272      1          0
20              0              0         0 0.000000000     -1          1
21             34             35         1 0.034804756      1          0
22              0              0         0 0.000000000     -1          1
23             36             37         2 0.591328857      1          0
24             38             39         1 0.338593992      1          0
25             40             41         2 0.976408865      1          0
26              0              0         0 0.000000000     -1          1
27              0              0         0 0.000000000     -1          2
28             42             43         2 0.199087930      1          0
29              0              0         0 0.000000000     -1          2
30              0              0         0 0.000000000     -1          2
31             44             45         1 0.213786509      1          0
32             46             47         1 0.502998375      1          0
33              0              0         0 0.000000000     -1          1
34              0              0         0 0.000000000     -1          2
35             48             49         1 0.038305523      1          0
36              0              0         0 0.000000000     -1          1
37             50             51         1 0.746600482      1          0
38              0              0         0 0.000000000     -1          2
39             52             53         1 0.460029247      1          0
40              0              0         0 0.000000000     -1          2
41              0              0         0 0.000000000     -1          2
42             54             55         2 0.195829651      1          0
43             56             57         1 0.322208399      1          0
44             58             59         1 0.083105194      1          0
45             60             61         2 0.477135290      1          0
46              0              0         0 0.000000000     -1          1
47             62             63         2 0.410600265      1          0
48              0              0         0 0.000000000     -1          1
49             64             65         2 0.695099081      1          0
50             66             67         2 0.704596925      1          0
51             68             69         2 0.639769537      1          0
52             70             71         2 0.861187694      1          0
53             72             73         1 0.720233983      1          0
54             74             75         2 0.118059378      1          0
55              0              0         0 0.000000000     -1          2
56             76             77         2 0.251527624      1          0
57              0              0         0 0.000000000     -1          1
58             78             79         2 0.429146215      1          0
59              0              0         0 0.000000000     -1          2
60             80             81         2 0.394140580      1          0
61              0              0         0 0.000000000     -1          2
62             82             83         1 0.727823546      1          0
63              0              0         0 0.000000000     -1          1
64             84             85         1 0.186944937      1          0
65             86             87         2 0.709862937      1          0
66              0              0         0 0.000000000     -1          1
67              0              0         0 0.000000000     -1          2
68              0              0         0 0.000000000     -1          1
69              0              0         0 0.000000000     -1          1
70             88             89         2 0.801155951      1          0
71              0              0         0 0.000000000     -1          1
72             90             91         1 0.563201412      1          0
73             92             93         1 0.756643649      1          0
74             94             95         1 0.164231720      1          0
75             96             97         2 0.136083201      1          0
76              0              0         0 0.000000000     -1          1
77              0              0         0 0.000000000     -1          1
78              0              0         0 0.000000000     -1          2
79              0              0         0 0.000000000     -1          2
80             98             99         2 0.350784382      1          0
81              0              0         0 0.000000000     -1          1
82            100            101         2 0.408033209      1          0
83            102            103         1 0.979985093      1          0
84            104            105         2 0.632335424      1          0
85              0              0         0 0.000000000     -1          2
86              0              0         0 0.000000000     -1          1
87            106            107         2 0.715579515      1          0
88              0              0         0 0.000000000     -1          2
89              0              0         0 0.000000000     -1          2
90              0              0         0 0.000000000     -1          2
91              0              0         0 0.000000000     -1          2
92              0              0         0 0.000000000     -1          1
93            108            109         1 0.871571779      1          0
94            110            111         1 0.134833567      1          0
95            112            113         1 0.571894039      1          0
96              0              0         0 0.000000000     -1          2
97            114            115         2 0.174575991      1          0
98              0              0         0 0.000000000     -1          2
99              0              0         0 0.000000000     -1          2
100           116            117         2 0.305528168      1          0
101             0              0         0 0.000000000     -1          2
102           118            119         2 0.301215990      1          0
103             0              0         0 0.000000000     -1          1
104           120            121         1 0.177932673      1          0
105             0              0         0 0.000000000     -1          2
106             0              0         0 0.000000000     -1          2
107           122            123         2 0.741588523      1          0
108             0              0         0 0.000000000     -1          2
109           124            125         2 0.775655865      1          0
110             0              0         0 0.000000000     -1          1
111             0              0         0 0.000000000     -1          2
112           126            127         2 0.017900573      1          0
113             0              0         0 0.000000000     -1          1
114           128            129         2 0.168589008      1          0
115             0              0         0 0.000000000     -1          1
116             0              0         0 0.000000000     -1          1
117           130            131         2 0.307452738      1          0
118             0              0         0 0.000000000     -1          1
119             0              0         0 0.000000000     -1          1
120           132            133         2 0.630654820      1          0
121             0              0         0 0.000000000     -1          1
122             0              0         0 0.000000000     -1          2
123             0              0         0 0.000000000     -1          2
124             0              0         0 0.000000000     -1          1
125           134            135         2 0.896234801      1          0
126             0              0         0 0.000000000     -1          1
127           136            137         1 0.568481959      1          0
128             0              0         0 0.000000000     -1          1
129             0              0         0 0.000000000     -1          2
130             0              0         0 0.000000000     -1          2
131           138            139         2 0.348253348      1          0
132             0              0         0 0.000000000     -1          2
133             0              0         0 0.000000000     -1          1
134             0              0         0 0.000000000     -1          2
135             0              0         0 0.000000000     -1          2
136           140            141         1 0.297102356      1          0
137             0              0         0 0.000000000     -1          2
138             0              0         0 0.000000000     -1          1
139           142            143         1 0.687258580      1          0
140           144            145         2 0.057156732      1          0
141             0              0         0 0.000000000     -1          1
142             0              0         0 0.000000000     -1          1
143             0              0         0 0.000000000     -1          1
144             0              0         0 0.000000000     -1          1
145             0              0         0 0.000000000     -1          1
