    left daughter right daughter split var split point status prediction
1               2              3         1 0.594181261      1          0
2               4              5         1 0.413060525      1          0
3               6              7         2 0.775158515      1          0
4               8              9         1 0.116100814      1          0
5              10             11         1 0.555070183      1          0
6              12             13         2 0.007698841      1          0
7              14             15         1 0.855914582      1          0
8              16             17         2 0.302624756      1          0
9              18             19         1 0.240350826      1          0
10             20             21         1 0.507531660      1          0
11             22             23         2 0.551162224      1          0
12              0              0         0 0.000000000     -1          2
13             24             25         2 0.307452738      1          0
14             26             27         1 0.748639816      1          0
15             28             29         2 0.991562450      1          0
16             30             31         1 0.012424094      1          0
17             32             33         2 0.961373061      1          0
18             34             35         2 0.269582327      1          0
19             36             37         2 0.189496600      1          0
20             38             39         2 0.371417460      1          0
21             40             41         2 0.465934549      1          0
22             42             43         2 0.099092978      1          0
23              0              0         0 0.000000000     -1          2
24             44             45         2 0.304584756      1          0
25             46             47         1 0.607907400      1          0
26             48             49         2 0.926699103      1          0
27              0              0         0 0.000000000     -1          2
28             50             51         1 0.891583727      1          0
29              0              0         0 0.000000000     -1          1
30              0              0         0 0.000000000     -1          2
31             52             53         2 0.052874375      1          0
32             54             55         2 0.603495644      1          0
33              0              0         0 0.000000000     -1          2
34             56             57         1 0.156527405      1          0
35             58             59         2 0.719806054      1          0
36             60             61         2 0.023864721      1          0
37             62             63         1 0.244308700      1          0
38             64             65         1 0.481303628      1          0
39             66             67         2 0.855940129      1          0
40              0              0         0 0.000000000     -1          1
41              0              0         0 0.000000000     -1          2
42              0              0         0 0.000000000     -1          2
43              0              0         0 0.000000000     -1          1
44             68             69         1 0.891649662      1          0
45              0              0         0 0.000000000     -1          2
46              0              0         0 0.000000000     -1          1
47             70             71         1 0.979985093      1          0
48             72             73         1 0.740757341      1          0
49              0              0         0 0.000000000     -1          2
50              0              0         0 0.000000000     -1          1
51             74             75         2 0.900945078      1          0
52              0              0         0 0.000000000     -1          1
53              0              0         0 0.000000000     -1          1
54             76             77         1 0.005625394      1          0
55             78             79         1 0.062893970      1          0
56              0              0         0 0.000000000     -1          1
57              0              0         0 0.000000000     -1          1
58             80             81         2 0.324047614      1          0
59             82             83         1 0.185549740      1          0
60              0              0         0 0.000000000     -1          2
61             84             85         2 0.060807923      1          0
62              0              0         0 0.000000000     -1          1
63             86             87         1 0.379263364      1          0
64             88             89         1 0.460273395      1          0
65              0              0         0 0.000000000     -1          1
66             90             91         2 0.636416112      1          0
67              0              0         0 0.000000000     -1          2
68             92             93         1 0.833786755      1          0
69             94             95         1 0.938714381      1          0
70             96             97         1 0.917466480      1          0
71              0              0         0 0.000000000     -1          1
72              0              0         0 0.000000000     -1          2
73              0              0         0 0.000000000     -1          1
74              0              0         0 0.000000000     -1          2
75              0              0         0 0.000000000     -1          2
76              0              0         0 0.000000000     -1          1
77             98             99         2 0.592351111      1          0
78              0              0         0 0.000000000     -1          2
79              0              0         0 0.000000000     -1          2
80              0              0         0 0.000000000     -1          2
81              0              0         0 0.000000000     -1          2
82              0              0         0 0.000000000     -1          2
83              0              0         0 0.000000000     -1          2
84              0              0         0 0.000000000     -1          1
85              0              0         0 0.000000000     -1          1
86            100            101         2 0.239298383      1          0
87            102            103         2 0.489636593      1          0
88              0              0         0 0.000000000     -1          1
89              0              0         0 0.000000000     -1          1
90            104            105         1 0.422027747      1          0
91              0              0         0 0.000000000     -1          2
92            106            107         1 0.748690506      1          0
93              0              0         0 0.000000000     -1          2
94            108            109         1 0.930939223      1          0
95              0              0         0 0.000000000     -1          1
96            110            111         2 0.581923298      1          0
97              0              0         0 0.000000000     -1          1
98            112            113         2 0.517660214      1          0
99              0              0         0 0.000000000     -1          1
100             0              0         0 0.000000000     -1          2
101           114            115         2 0.695592102      1          0
102             0              0         0 0.000000000     -1          1
103           116            117         1 0.389142088      1          0
104             0              0         0 0.000000000     -1          1
105             0              0         0 0.000000000     -1          2
106           118            119         1 0.730615978      1          0
107             0              0         0 0.000000000     -1          1
108             0              0         0 0.000000000     -1          1
109             0              0         0 0.000000000     -1          2
110           120            121         1 0.701987777      1          0
111           122            123         1 0.891026418      1          0
112           124            125         1 0.078286220      1          0
113             0              0         0 0.000000000     -1          2
114           126            127         1 0.256993147      1          0
115           128            129         1 0.314243975      1          0
116             0              0         0 0.000000000     -1          1
117             0              0         0 0.000000000     -1          2
118           130            131         1 0.657692526      1          0
119             0              0         0 0.000000000     -1          2
120           132            133         2 0.417558681      1          0
121             0              0         0 0.000000000     -1          1
122           134            135         2 0.671109765      1          0
123             0              0         0 0.000000000     -1          2
124             0              0         0 0.000000000     -1          2
125             0              0         0 0.000000000     -1          1
126             0              0         0 0.000000000     -1          2
127             0              0         0 0.000000000     -1          2
128           136            137         1 0.304582143      1          0
129           138            139         2 0.889946177      1          0
130           140            141         2 0.151155509      1          0
131             0              0         0 0.000000000     -1          1
132             0              0         0 0.000000000     -1          1
133             0              0         0 0.000000000     -1          1
134             0              0         0 0.000000000     -1          1
135           142            143         1 0.746422072      1          0
136           144            145         2 0.724250668      1          0
137             0              0         0 0.000000000     -1          1
138             0              0         0 0.000000000     -1          2
139             0              0         0 0.000000000     -1          2
140             0              0         0 0.000000000     -1          1
141             0              0         0 0.000000000     -1          1
142             0              0         0 0.000000000     -1          2
143           146            147         2 0.678538323      1          0
144             0              0         0 0.000000000     -1          1
145             0              0         0 0.000000000     -1          2
146             0              0         0 0.000000000     -1          1
147             0              0         0 0.000000000     -1          1
