    left daughter right daughter split var split point status prediction
1               2              3         1 0.504925870      1          0
2               4              5         2 0.238699164      1          0
3               6              7         1 0.965667415      1          0
4               8              9         2 0.022209183      1          0
5              10             11         1 0.449219289      1          0
6              12             13         2 0.754783998      1          0
7              14             15         1 0.984431205      1          0
8               0              0         0 0.000000000     -1          2
9              16             17         1 0.134833567      1          0
10             18             19         1 0.175448883      1          0
11             20             21         1 0.468680907      1          0
12             22             23         1 0.583664003      1          0
13             24             25         2 0.823051889      1          0
14              0              0         0 0.000000000     -1          1
15              0              0         0 0.000000000     -1          1
16              0              0         0 0.000000000     -1          1
17             26             27         2 0.050974294      1          0
18             28             29         2 0.294635439      1          0
19             30             31         1 0.259048327      1          0
20              0              0         0 0.000000000     -1          1
21             32             33         1 0.483891278      1          0
22             34             35         1 0.553717990      1          0
23             36             37         1 0.638190989      1          0
24             38             39         2 0.817369296      1          0
25             40             41         2 0.976408865      1          0
26              0              0         0 0.000000000     -1          1
27             42             43         1 0.157799868      1          0
28              0              0         0 0.000000000     -1          1
29             44             45         2 0.579009301      1          0
30             46             47         1 0.256679257      1          0
31             48             49         1 0.345517182      1          0
32              0              0         0 0.000000000     -1          2
33             50             51         2 0.413296627      1          0
34             52             53         1 0.532756259      1          0
35             54             55         1 0.557362999      1          0
36             56             57         1 0.601436235      1          0
37             58             59         2 0.018257349      1          0
38             60             61         1 0.874441997      1          0
39              0              0         0 0.000000000     -1          1
40             62             63         1 0.718855470      1          0
41              0              0         0 0.000000000     -1          2
42              0              0         0 0.000000000     -1          2
43             64             65         2 0.132079213      1          0
44             66             67         1 0.008218087      1          0
45             68             69         2 0.824574290      1          0
46             70             71         1 0.176352179      1          0
47              0              0         0 0.000000000     -1          1
48             72             73         2 0.420917146      1          0
49             74             75         2 0.486276849      1          0
50              0              0         0 0.000000000     -1          1
51              0              0         0 0.000000000     -1          2
52             76             77         1 0.532374532      1          0
53              0              0         0 0.000000000     -1          1
54              0              0         0 0.000000000     -1          2
55             78             79         1 0.581018973      1          0
56              0              0         0 0.000000000     -1          1
57              0              0         0 0.000000000     -1          1
58              0              0         0 0.000000000     -1          2
59             80             81         1 0.640557506      1          0
60              0              0         0 0.000000000     -1          2
61              0              0         0 0.000000000     -1          2
62              0              0         0 0.000000000     -1          2
63             82             83         2 0.873045427      1          0
64             84             85         2 0.060807923      1          0
65             86             87         2 0.135884542      1          0
66              0              0         0 0.000000000     -1          1
67             88             89         2 0.444623033      1          0
68              0              0         0 0.000000000     -1          2
69             90             91         2 0.836000165      1          0
70              0              0         0 0.000000000     -1          1
71             92             93         2 0.735664235      1          0
72              0              0         0 0.000000000     -1          2
73             94             95         2 0.447655912      1          0
74              0              0         0 0.000000000     -1          2
75             96             97         2 0.907389891      1          0
76             98             99         2 0.471948347      1          0
77              0              0         0 0.000000000     -1          2
78            100            101         1 0.574591868      1          0
79              0              0         0 0.000000000     -1          2
80              0              0         0 0.000000000     -1          2
81            102            103         1 0.701987777      1          0
82              0              0         0 0.000000000     -1          2
83            104            105         2 0.885866114      1          0
84              0              0         0 0.000000000     -1          1
85              0              0         0 0.000000000     -1          1
86              0              0         0 0.000000000     -1          2
87            106            107         2 0.188312493      1          0
88              0              0         0 0.000000000     -1          2
89            108            109         1 0.078374160      1          0
90              0              0         0 0.000000000     -1          1
91              0              0         0 0.000000000     -1          2
92            110            111         1 0.213786509      1          0
93              0              0         0 0.000000000     -1          2
94              0              0         0 0.000000000     -1          1
95            112            113         1 0.292190514      1          0
96            114            115         1 0.420619117      1          0
97              0              0         0 0.000000000     -1          2
98              0              0         0 0.000000000     -1          1
99              0              0         0 0.000000000     -1          2
100           116            117         1 0.566843342      1          0
101             0              0         0 0.000000000     -1          1
102           118            119         2 0.699068419      1          0
103           120            121         2 0.583325802      1          0
104             0              0         0 0.000000000     -1          1
105           122            123         2 0.925441771      1          0
106             0              0         0 0.000000000     -1          1
107             0              0         0 0.000000000     -1          1
108             0              0         0 0.000000000     -1          2
109             0              0         0 0.000000000     -1          1
110           124            125         1 0.184373373      1          0
111           126            127         1 0.219064024      1          0
112             0              0         0 0.000000000     -1          2
113           128            129         1 0.293227137      1          0
114           130            131         2 0.637378160      1          0
115             0              0         0 0.000000000     -1          2
116             0              0         0 0.000000000     -1          1
117             0              0         0 0.000000000     -1          2
118           132            133         1 0.696498300      1          0
119             0              0         0 0.000000000     -1          2
120           134            135         2 0.386010439      1          0
121           136            137         2 0.595861930      1          0
122             0              0         0 0.000000000     -1          2
123             0              0         0 0.000000000     -1          2
124             0              0         0 0.000000000     -1          2
125             0              0         0 0.000000000     -1          2
126             0              0         0 0.000000000     -1          1
127           138            139         1 0.230304814      1          0
128             0              0         0 0.000000000     -1          1
129           140            141         1 0.322502949      1          0
130             0              0         0 0.000000000     -1          2
131           142            143         1 0.384542287      1          0
132           144            145         1 0.658042703      1          0
133             0              0         0 0.000000000     -1          2
134           146            147         1 0.735710412      1          0
135             0              0         0 0.000000000     -1          1
136             0              0         0 0.000000000     -1          2
137           148            149         2 0.674556228      1          0
138             0              0         0 0.000000000     -1          2
139             0              0         0 0.000000000     -1          2
140             0              0         0 0.000000000     -1          2
141             0              0         0 0.000000000     -1          2
142             0              0         0 0.000000000     -1          2
143             0              0         0 0.000000000     -1          2
144             0              0         0 0.000000000     -1          1
145             0              0         0 0.000000000     -1          1
146             0              0         0 0.000000000     -1          1
147           150            151         1 0.748690506      1          0
148           152            153         2 0.671109765      1          0
149             0              0         0 0.000000000     -1          1
150             0              0         0 0.000000000     -1          2
151           154            155         1 0.836554487      1          0
152           156            157         1 0.858167936      1          0
153             0              0         0 0.000000000     -1          2
154             0              0         0 0.000000000     -1          1
155           158            159         1 0.863757812      1          0
156             0              0         0 0.000000000     -1          1
157             0              0         0 0.000000000     -1          1
158             0              0         0 0.000000000     -1          2
159           160            161         1 0.927577161      1          0
160           162            163         1 0.886853973      1          0
161           164            165         1 0.935364007      1          0
162             0              0         0 0.000000000     -1          1
163             0              0         0 0.000000000     -1          1
164             0              0         0 0.000000000     -1          2
165           166            167         2 0.361529538      1          0
166             0              0         0 0.000000000     -1          1
167             0              0         0 0.000000000     -1          2
