    left daughter right daughter split var split point status prediction
1               2              3         2  0.60887457      1          0
2               4              5         2  0.25102062      1          0
3               6              7         2  0.79672410      1          0
4               8              9         2  0.11805938      1          0
5              10             11         2  0.25376805      1          0
6              12             13         2  0.79451799      1          0
7              14             15         2  0.91328074      1          0
8              16             17         1  0.03182869      1          0
9              18             19         1  0.15039284      1          0
10              0              0         0  0.00000000     -1          2
11             20             21         1  0.44821274      1          0
12             22             23         1  0.74719942      1          0
13              0              0         0  0.00000000     -1          1
14             24             25         1  0.92102920      1          0
15             26             27         1  0.94054636      1          0
16              0              0         0  0.00000000     -1          2
17             28             29         1  0.86924581      1          0
18              0              0         0  0.00000000     -1          1
19             30             31         1  0.18263726      1          0
20             32             33         1  0.01900823      1          0
21             34             35         1  0.50299838      1          0
22             36             37         1  0.31431632      1          0
23             38             39         1  0.88414136      1          0
24             40             41         2  0.91034612      1          0
25              0              0         0  0.00000000     -1          2
26             42             43         1  0.69330764      1          0
27              0              0         0  0.00000000     -1          1
28             44             45         2  0.08536416      1          0
29             46             47         1  0.89065482      1          0
30              0              0         0  0.00000000     -1          2
31             48             49         2  0.13603524      1          0
32              0              0         0  0.00000000     -1          2
33             50             51         1  0.26901969      1          0
34              0              0         0  0.00000000     -1          1
35             52             53         2  0.28365860      1          0
36             54             55         2  0.72597454      1          0
37             56             57         1  0.32331091      1          0
38             58             59         2  0.78370495      1          0
39              0              0         0  0.00000000     -1          1
40             60             61         2  0.88159912      1          0
41              0              0         0  0.00000000     -1          1
42              0              0         0  0.00000000     -1          2
43             62             63         1  0.70933847      1          0
44             64             65         1  0.28845122      1          0
45              0              0         0  0.00000000     -1          1
46              0              0         0  0.00000000     -1          2
47              0              0         0  0.00000000     -1          1
48             66             67         2  0.13433446      1          0
49             68             69         1  0.46542854      1          0
50             70             71         2  0.26510618      1          0
51              0              0         0  0.00000000     -1          2
52             72             73         2  0.28152336      1          0
53             74             75         2  0.40938340      1          0
54             76             77         1  0.08322986      1          0
55             78             79         1  0.19336431      1          0
56              0              0         0  0.00000000     -1          1
57             80             81         1  0.58424372      1          0
58             82             83         1  0.81159870      1          0
59              0              0         0  0.00000000     -1          2
60             84             85         2  0.83084672      1          0
61             86             87         1  0.85300453      1          0
62              0              0         0  0.00000000     -1          1
63              0              0         0  0.00000000     -1          2
64             88             89         1  0.16423172      1          0
65             90             91         1  0.31382101      1          0
66             92             93         1  0.57591937      1          0
67              0              0         0  0.00000000     -1          2
68             94             95         1  0.45238030      1          0
69             96             97         1  0.83378676      1          0
70              0              0         0  0.00000000     -1          1
71             98             99         1  0.26092654      1          0
72              0              0         0  0.00000000     -1          1
73              0              0         0  0.00000000     -1          2
74            100            101         2  0.38310781      1          0
75            102            103         1  0.89106879      1          0
76              0              0         0  0.00000000     -1          2
77              0              0         0  0.00000000     -1          2
78              0              0         0  0.00000000     -1          2
79              0              0         0  0.00000000     -1          2
80            104            105         2  0.78508303      1          0
81            106            107         2  0.74701351      1          0
82              0              0         0  0.00000000     -1          1
83            108            109         2  0.67959788      1          0
84              0              0         0  0.00000000     -1          2
85            110            111         2  0.83274579      1          0
86            112            113         1  0.57328672      1          0
87              0              0         0  0.00000000     -1          2
88              0              0         0  0.00000000     -1          1
89              0              0         0  0.00000000     -1          1
90              0              0         0  0.00000000     -1          2
91            114            115         2  0.08386309      1          0
92              0              0         0  0.00000000     -1          1
93              0              0         0  0.00000000     -1          2
94            116            117         2  0.23869916      1          0
95              0              0         0  0.00000000     -1          2
96              0              0         0  0.00000000     -1          1
97            118            119         1  0.87564842      1          0
98            120            121         2  0.44805077      1          0
99              0              0         0  0.00000000     -1          1
100           122            123         1  0.72782355      1          0
101           124            125         2  0.38523589      1          0
102             0              0         0  0.00000000     -1          1
103           126            127         2  0.58192330      1          0
104           128            129         1  0.45785961      1          0
105             0              0         0  0.00000000     -1          1
106           130            131         1  0.74509562      1          0
107             0              0         0  0.00000000     -1          2
108             0              0         0  0.00000000     -1          1
109             0              0         0  0.00000000     -1          1
110             0              0         0  0.00000000     -1          1
111           132            133         2  0.86335391      1          0
112             0              0         0  0.00000000     -1          2
113             0              0         0  0.00000000     -1          2
114           134            135         1  0.41029225      1          0
115             0              0         0  0.00000000     -1          2
116             0              0         0  0.00000000     -1          1
117             0              0         0  0.00000000     -1          2
118             0              0         0  0.00000000     -1          2
119           136            137         2  0.18615636      1          0
120           138            139         2  0.29075592      1          0
121           140            141         1  0.21342867      1          0
122           142            143         1  0.71955286      1          0
123             0              0         0  0.00000000     -1          1
124             0              0         0  0.00000000     -1          2
125             0              0         0  0.00000000     -1          1
126             0              0         0  0.00000000     -1          1
127             0              0         0  0.00000000     -1          1
128           144            145         1  0.45045425      1          0
129             0              0         0  0.00000000     -1          2
130             0              0         0  0.00000000     -1          1
131             0              0         0  0.00000000     -1          2
132           146            147         2  0.86293351      1          0
133             0              0         0  0.00000000     -1          2
134             0              0         0  0.00000000     -1          1
135             0              0         0  0.00000000     -1          1
136             0              0         0  0.00000000     -1          1
137             0              0         0  0.00000000     -1          1
138             0              0         0  0.00000000     -1          2
139           148            149         2  0.39875879      1          0
140           150            151         1  0.08700645      1          0
141             0              0         0  0.00000000     -1          1
142           152            153         2  0.35067353      1          0
143             0              0         0  0.00000000     -1          2
144           154            155         2  0.63641611      1          0
145             0              0         0  0.00000000     -1          1
146             0              0         0  0.00000000     -1          2
147             0              0         0  0.00000000     -1          1
148             0              0         0  0.00000000     -1          2
149           156            157         2  0.40429512      1          0
150           158            159         2  0.45599082      1          0
151             0              0         0  0.00000000     -1          2
152             0              0         0  0.00000000     -1          1
153             0              0         0  0.00000000     -1          1
154             0              0         0  0.00000000     -1          2
155             0              0         0  0.00000000     -1          2
156             0              0         0  0.00000000     -1          1
157             0              0         0  0.00000000     -1          2
158             0              0         0  0.00000000     -1          1
159             0              0         0  0.00000000     -1          2
