    left daughter right daughter split var split point status prediction
1               2              3         2 0.603729510      1          0
2               4              5         1 0.465163500      1          0
3               6              7         1 0.720233983      1          0
4               8              9         2 0.242900964      1          0
5              10             11         2 0.001263054      1          0
6              12             13         2 0.752115056      1          0
7              14             15         2 0.771529195      1          0
8              16             17         2 0.051168138      1          0
9              18             19         1 0.009102583      1          0
10              0              0         0 0.000000000     -1          2
11             20             21         2 0.573466510      1          0
12             22             23         2 0.748381519      1          0
13             24             25         1 0.055847621      1          0
14             26             27         1 0.746600482      1          0
15             28             29         1 0.727394667      1          0
16              0              0         0 0.000000000     -1          1
17             30             31         1 0.460200412      1          0
18              0              0         0 0.000000000     -1          1
19             32             33         1 0.458832257      1          0
20             34             35         2 0.060696507      1          0
21             36             37         2 0.574085373      1          0
22             38             39         1 0.609581900      1          0
23              0              0         0 0.000000000     -1          1
24              0              0         0 0.000000000     -1          2
25             40             41         1 0.410866785      1          0
26              0              0         0 0.000000000     -1          1
27             42             43         1 0.821437009      1          0
28              0              0         0 0.000000000     -1          1
29             44             45         2 0.984803260      1          0
30             46             47         1 0.041918544      1          0
31              0              0         0 0.000000000     -1          2
32             48             49         1 0.276423721      1          0
33              0              0         0 0.000000000     -1          1
34              0              0         0 0.000000000     -1          1
35             50             51         1 0.567265752      1          0
36              0              0         0 0.000000000     -1          2
37             52             53         2 0.581879503      1          0
38             54             55         1 0.323642254      1          0
39              0              0         0 0.000000000     -1          1
40             56             57         2 0.796724097      1          0
41             58             59         2 0.861187694      1          0
42              0              0         0 0.000000000     -1          1
43              0              0         0 0.000000000     -1          1
44             60             61         1 0.928401048      1          0
45              0              0         0 0.000000000     -1          2
46              0              0         0 0.000000000     -1          1
47             62             63         1 0.296615655      1          0
48             64             65         2 0.269582327      1          0
49             66             67         2 0.459639666      1          0
50             68             69         1 0.560063057      1          0
51             70             71         1 0.935364007      1          0
52              0              0         0 0.000000000     -1          1
53              0              0         0 0.000000000     -1          1
54             72             73         2 0.703380486      1          0
55             74             75         2 0.708902817      1          0
56              0              0         0 0.000000000     -1          2
57              0              0         0 0.000000000     -1          2
58             76             77         2 0.788203810      1          0
59             78             79         1 0.456549828      1          0
60             80             81         1 0.853861679      1          0
61              0              0         0 0.000000000     -1          2
62             82             83         2 0.052304845      1          0
63             84             85         1 0.308277273      1          0
64              0              0         0 0.000000000     -1          1
65             86             87         2 0.593338039      1          0
66              0              0         0 0.000000000     -1          2
67             88             89         1 0.375016940      1          0
68             90             91         2 0.521802005      1          0
69              0              0         0 0.000000000     -1          2
70             92             93         2 0.409383396      1          0
71             94             95         2 0.359228802      1          0
72             96             97         1 0.314316316      1          0
73             98             99         2 0.707193125      1          0
74              0              0         0 0.000000000     -1          2
75              0              0         0 0.000000000     -1          2
76              0              0         0 0.000000000     -1          2
77              0              0         0 0.000000000     -1          2
78              0              0         0 0.000000000     -1          1
79            100            101         1 0.577066966      1          0
80              0              0         0 0.000000000     -1          2
81            102            103         2 0.872987809      1          0
82              0              0         0 0.000000000     -1          2
83              0              0         0 0.000000000     -1          1
84              0              0         0 0.000000000     -1          2
85            104            105         1 0.359315425      1          0
86            106            107         1 0.260826226      1          0
87              0              0         0 0.000000000     -1          1
88              0              0         0 0.000000000     -1          2
89              0              0         0 0.000000000     -1          2
90            108            109         1 0.497043616      1          0
91              0              0         0 0.000000000     -1          2
92            110            111         1 0.928455874      1          0
93              0              0         0 0.000000000     -1          1
94              0              0         0 0.000000000     -1          1
95              0              0         0 0.000000000     -1          1
96            112            113         2 0.632335424      1          0
97              0              0         0 0.000000000     -1          1
98              0              0         0 0.000000000     -1          1
99              0              0         0 0.000000000     -1          2
100             0              0         0 0.000000000     -1          2
101           114            115         1 0.693307641      1          0
102             0              0         0 0.000000000     -1          2
103             0              0         0 0.000000000     -1          2
104             0              0         0 0.000000000     -1          1
105           116            117         1 0.369468609      1          0
106           118            119         1 0.252540838      1          0
107             0              0         0 0.000000000     -1          1
108             0              0         0 0.000000000     -1          1
109             0              0         0 0.000000000     -1          1
110           120            121         2 0.408033209      1          0
111             0              0         0 0.000000000     -1          2
112             0              0         0 0.000000000     -1          2
113             0              0         0 0.000000000     -1          2
114             0              0         0 0.000000000     -1          2
115             0              0         0 0.000000000     -1          2
116             0              0         0 0.000000000     -1          2
117             0              0         0 0.000000000     -1          1
118           122            123         2 0.507536710      1          0
119             0              0         0 0.000000000     -1          2
120           124            125         2 0.129003028      1          0
121             0              0         0 0.000000000     -1          2
122             0              0         0 0.000000000     -1          2
123           126            127         2 0.517660214      1          0
124           128            129         2 0.114698372      1          0
125           130            131         1 0.613816098      1          0
126             0              0         0 0.000000000     -1          1
127             0              0         0 0.000000000     -1          2
128             0              0         0 0.000000000     -1          1
129             0              0         0 0.000000000     -1          2
130           132            133         1 0.613138310      1          0
131           134            135         2 0.255979820      1          0
132           136            137         2 0.262535262      1          0
133             0              0         0 0.000000000     -1          2
134             0              0         0 0.000000000     -1          1
135           138            139         1 0.835300371      1          0
136             0              0         0 0.000000000     -1          1
137             0              0         0 0.000000000     -1          1
138           140            141         1 0.727823546      1          0
139             0              0         0 0.000000000     -1          1
140           142            143         2 0.321030675      1          0
141             0              0         0 0.000000000     -1          1
142             0              0         0 0.000000000     -1          1
143             0              0         0 0.000000000     -1          1
