    left daughter right daughter split var split point status prediction
1               2              3         1 0.601402872      1          0
2               4              5         2 0.234720309      1          0
3               6              7         2 0.775163994      1          0
4               8              9         2 0.135884542      1          0
5              10             11         1 0.440304800      1          0
6              12             13         1 0.749123090      1          0
7              14             15         1 0.855914582      1          0
8              16             17         2 0.127635472      1          0
9               0              0         0 0.000000000     -1          1
10             18             19         1 0.007529392      1          0
11             20             21         1 0.559374346      1          0
12             22             23         2 0.696794283      1          0
13             24             25         2 0.366267869      1          0
14             26             27         2 0.828190302      1          0
15             28             29         1 0.865034422      1          0
16             30             31         2 0.078818651      1          0
17              0              0         0 0.000000000     -1          2
18              0              0         0 0.000000000     -1          2
19             32             33         2 0.694642412      1          0
20             34             35         2 0.371417460      1          0
21             36             37         1 0.581685221      1          0
22             38             39         1 0.747572186      1          0
23              0              0         0 0.000000000     -1          2
24             40             41         2 0.360516668      1          0
25             42             43         1 0.918800252      1          0
26              0              0         0 0.000000000     -1          2
27             44             45         2 0.926699103      1          0
28              0              0         0 0.000000000     -1          1
29             46             47         2 0.874266959      1          0
30             48             49         1 0.024215246      1          0
31              0              0         0 0.000000000     -1          1
32             50             51         1 0.276423721      1          0
33             52             53         1 0.257719006      1          0
34             54             55         2 0.299322506      1          0
35             56             57         1 0.444066150      1          0
36              0              0         0 0.000000000     -1          2
37              0              0         0 0.000000000     -1          2
38             58             59         1 0.613366787      1          0
39              0              0         0 0.000000000     -1          2
40             60             61         1 0.886853973      1          0
41              0              0         0 0.000000000     -1          2
42             62             63         1 0.915724184      1          0
43              0              0         0 0.000000000     -1          1
44              0              0         0 0.000000000     -1          2
45             64             65         2 0.927143354      1          0
46              0              0         0 0.000000000     -1          2
47             66             67         2 0.887980078      1          0
48              0              0         0 0.000000000     -1          2
49             68             69         2 0.073100420      1          0
50             70             71         1 0.229753790      1          0
51             72             73         1 0.369631305      1          0
52             74             75         2 0.835463498      1          0
53             76             77         2 0.715252159      1          0
54              0              0         0 0.000000000     -1          1
55              0              0         0 0.000000000     -1          1
56              0              0         0 0.000000000     -1          1
57             78             79         1 0.545024038      1          0
58              0              0         0 0.000000000     -1          1
59             80             81         1 0.613816098      1          0
60             82             83         1 0.833340551      1          0
61              0              0         0 0.000000000     -1          1
62             84             85         2 0.605289128      1          0
63              0              0         0 0.000000000     -1          2
64              0              0         0 0.000000000     -1          1
65              0              0         0 0.000000000     -1          2
66              0              0         0 0.000000000     -1          1
67             86             87         1 0.924161561      1          0
68             88             89         2 0.017900573      1          0
69              0              0         0 0.000000000     -1          2
70             90             91         2 0.251880277      1          0
71             92             93         2 0.468632365      1          0
72              0              0         0 0.000000000     -1          2
73             94             95         2 0.461827593      1          0
74             96             97         1 0.069637402      1          0
75              0              0         0 0.000000000     -1          2
76              0              0         0 0.000000000     -1          1
77             98             99         2 0.896696793      1          0
78            100            101         1 0.526297681      1          0
79              0              0         0 0.000000000     -1          2
80              0              0         0 0.000000000     -1          2
81            102            103         2 0.418551297      1          0
82              0              0         0 0.000000000     -1          1
83              0              0         0 0.000000000     -1          2
84            104            105         2 0.595125818      1          0
85              0              0         0 0.000000000     -1          1
86              0              0         0 0.000000000     -1          2
87              0              0         0 0.000000000     -1          2
88              0              0         0 0.000000000     -1          1
89            106            107         1 0.164231720      1          0
90              0              0         0 0.000000000     -1          1
91            108            109         2 0.296533255      1          0
92              0              0         0 0.000000000     -1          1
93              0              0         0 0.000000000     -1          2
94              0              0         0 0.000000000     -1          2
95              0              0         0 0.000000000     -1          2
96              0              0         0 0.000000000     -1          2
97            110            111         2 0.729514638      1          0
98            112            113         2 0.795645521      1          0
99            114            115         1 0.274511253      1          0
100           116            117         1 0.484546176      1          0
101             0              0         0 0.000000000     -1          2
102           118            119         1 0.656749893      1          0
103             0              0         0 0.000000000     -1          1
104             0              0         0 0.000000000     -1          1
105             0              0         0 0.000000000     -1          2
106             0              0         0 0.000000000     -1          1
107             0              0         0 0.000000000     -1          1
108             0              0         0 0.000000000     -1          2
109           120            121         2 0.593338039      1          0
110             0              0         0 0.000000000     -1          2
111             0              0         0 0.000000000     -1          2
112           122            123         1 0.396557718      1          0
113             0              0         0 0.000000000     -1          2
114             0              0         0 0.000000000     -1          1
115             0              0         0 0.000000000     -1          2
116           124            125         1 0.479532210      1          0
117             0              0         0 0.000000000     -1          2
118             0              0         0 0.000000000     -1          1
119           126            127         2 0.399529949      1          0
120             0              0         0 0.000000000     -1          2
121           128            129         2 0.603283703      1          0
122             0              0         0 0.000000000     -1          2
123             0              0         0 0.000000000     -1          2
124           130            131         2 0.733104212      1          0
125             0              0         0 0.000000000     -1          1
126           132            133         1 0.659499780      1          0
127             0              0         0 0.000000000     -1          2
128             0              0         0 0.000000000     -1          1
129           134            135         2 0.632335424      1          0
130             0              0         0 0.000000000     -1          2
131             0              0         0 0.000000000     -1          2
132             0              0         0 0.000000000     -1          2
133           136            137         1 0.695255074      1          0
134             0              0         0 0.000000000     -1          2
135             0              0         0 0.000000000     -1          2
136             0              0         0 0.000000000     -1          1
137           138            139         1 0.699116618      1          0
138             0              0         0 0.000000000     -1          2
139           140            141         1 0.723488203      1          0
140             0              0         0 0.000000000     -1          1
141             0              0         0 0.000000000     -1          1
