    left daughter right daughter split var split point status prediction
1               2              3         1 0.525774832      1          0
2               4              5         1 0.439094597      1          0
3               6              7         1 0.917466480      1          0
4               8              9         1 0.423156086      1          0
5              10             11         1 0.457055604      1          0
6              12             13         2 0.743446484      1          0
7              14             15         2 0.767241442      1          0
8              16             17         1 0.421609716      1          0
9               0              0         0 0.000000000     -1          2
10              0              0         0 0.000000000     -1          1
11             18             19         1 0.478804014      1          0
12             20             21         2 0.002089685      1          0
13             22             23         2 0.881276179      1          0
14             24             25         2 0.286371391      1          0
15              0              0         0 0.000000000     -1          2
16             26             27         2 0.251880277      1          0
17              0              0         0 0.000000000     -1          1
18             28             29         2 0.352333215      1          0
19             30             31         2 0.413296627      1          0
20              0              0         0 0.000000000     -1          2
21             32             33         1 0.584440661      1          0
22              0              0         0 0.000000000     -1          2
23             34             35         2 0.887270408      1          0
24              0              0         0 0.000000000     -1          1
25             36             37         1 0.979132564      1          0
26             38             39         2 0.085616030      1          0
27             40             41         2 0.470262396      1          0
28              0              0         0 0.000000000     -1          1
29              0              0         0 0.000000000     -1          2
30             42             43         2 0.299666229      1          0
31              0              0         0 0.000000000     -1          2
32             44             45         2 0.551162224      1          0
33             46             47         1 0.915724184      1          0
34              0              0         0 0.000000000     -1          1
35             48             49         2 0.930621841      1          0
36             50             51         1 0.935514900      1          0
37              0              0         0 0.000000000     -1          2
38             52             53         2 0.073100420      1          0
39             54             55         2 0.189903786      1          0
40             56             57         2 0.459324291      1          0
41             58             59         2 0.571249451      1          0
42              0              0         0 0.000000000     -1          1
43              0              0         0 0.000000000     -1          1
44             60             61         2 0.096685476      1          0
45              0              0         0 0.000000000     -1          2
46             62             63         2 0.272686468      1          0
47              0              0         0 0.000000000     -1          2
48             64             65         2 0.925845836      1          0
49              0              0         0 0.000000000     -1          2
50              0              0         0 0.000000000     -1          1
51             66             67         1 0.950022636      1          0
52             68             69         2 0.051168138      1          0
53              0              0         0 0.000000000     -1          2
54              0              0         0 0.000000000     -1          1
55             70             71         1 0.150392837      1          0
56             72             73         2 0.400780534      1          0
57              0              0         0 0.000000000     -1          1
58              0              0         0 0.000000000     -1          2
59             74             75         1 0.069637402      1          0
60              0              0         0 0.000000000     -1          1
61             76             77         1 0.566843342      1          0
62             78             79         2 0.116323791      1          0
63             80             81         1 0.606070688      1          0
64              0              0         0 0.000000000     -1          2
65              0              0         0 0.000000000     -1          1
66              0              0         0 0.000000000     -1          1
67              0              0         0 0.000000000     -1          1
68             82             83         2 0.017932108      1          0
69              0              0         0 0.000000000     -1          1
70              0              0         0 0.000000000     -1          1
71              0              0         0 0.000000000     -1          1
72             84             85         1 0.111180434      1          0
73             86             87         2 0.404295123      1          0
74             88             89         2 0.962934234      1          0
75             90             91         2 0.715252159      1          0
76              0              0         0 0.000000000     -1          1
77              0              0         0 0.000000000     -1          1
78             92             93         2 0.085208030      1          0
79             94             95         2 0.131773436      1          0
80              0              0         0 0.000000000     -1          1
81             96             97         2 0.409383396      1          0
82              0              0         0 0.000000000     -1          1
83              0              0         0 0.000000000     -1          1
84              0              0         0 0.000000000     -1          2
85             98             99         2 0.264147891      1          0
86              0              0         0 0.000000000     -1          1
87            100            101         2 0.423792079      1          0
88            102            103         2 0.573413519      1          0
89              0              0         0 0.000000000     -1          1
90            104            105         1 0.291303214      1          0
91            106            107         1 0.342148888      1          0
92            108            109         2 0.083706959      1          0
93              0              0         0 0.000000000     -1          1
94              0              0         0 0.000000000     -1          2
95            110            111         2 0.269670149      1          0
96            112            113         1 0.687258580      1          0
97            114            115         2 0.593472064      1          0
98              0              0         0 0.000000000     -1          2
99            116            117         1 0.260862491      1          0
100             0              0         0 0.000000000     -1          2
101             0              0         0 0.000000000     -1          2
102             0              0         0 0.000000000     -1          1
103           118            119         2 0.592351111      1          0
104           120            121         1 0.177590408      1          0
105           122            123         2 0.694642412      1          0
106             0              0         0 0.000000000     -1          2
107           124            125         2 0.920764644      1          0
108           126            127         2 0.035301281      1          0
109             0              0         0 0.000000000     -1          2
110           128            129         2 0.189125369      1          0
111             0              0         0 0.000000000     -1          2
112             0              0         0 0.000000000     -1          1
113           130            131         1 0.706976427      1          0
114             0              0         0 0.000000000     -1          1
115           132            133         2 0.595861930      1          0
116             0              0         0 0.000000000     -1          2
117           134            135         1 0.264178788      1          0
118             0              0         0 0.000000000     -1          2
119           136            137         1 0.064492912      1          0
120             0              0         0 0.000000000     -1          2
121           138            139         1 0.186944937      1          0
122             0              0         0 0.000000000     -1          2
123             0              0         0 0.000000000     -1          2
124             0              0         0 0.000000000     -1          2
125             0              0         0 0.000000000     -1          2
126             0              0         0 0.000000000     -1          1
127             0              0         0 0.000000000     -1          1
128             0              0         0 0.000000000     -1          1
129           140            141         1 0.833177018      1          0
130             0              0         0 0.000000000     -1          2
131           142            143         2 0.297323463      1          0
132             0              0         0 0.000000000     -1          2
133           144            145         1 0.867509736      1          0
134             0              0         0 0.000000000     -1          1
135             0              0         0 0.000000000     -1          2
136           146            147         1 0.034804756      1          0
137             0              0         0 0.000000000     -1          1
138             0              0         0 0.000000000     -1          1
139             0              0         0 0.000000000     -1          2
140             0              0         0 0.000000000     -1          1
141             0              0         0 0.000000000     -1          2
142             0              0         0 0.000000000     -1          1
143             0              0         0 0.000000000     -1          1
144             0              0         0 0.000000000     -1          1
145             0              0         0 0.000000000     -1          1
146             0              0         0 0.000000000     -1          2
147             0              0         0 0.000000000     -1          2
