    left daughter right daughter split var split point status prediction
1               2              3         2  0.59908691      1          0
2               4              5         1  0.46559593      1          0
3               6              7         2  0.75086231      1          0
4               8              9         2  0.26109022      1          0
5              10             11         1  0.51860010      1          0
6              12             13         1  0.61530235      1          0
7              14             15         2  0.97640887      1          0
8              16             17         2  0.24290096      1          0
9              18             19         1  0.45059572      1          0
10             20             21         2  0.40018805      1          0
11             22             23         1  0.55940806      1          0
12             24             25         1  0.46937398      1          0
13             26             27         2  0.70369210      1          0
14             28             29         1  0.05584762      1          0
15             30             31         1  0.88095191      1          0
16             32             33         2  0.06080792      1          0
17              0              0         0  0.00000000     -1          1
18             34             35         2  0.58101028      1          0
19              0              0         0  0.00000000     -1          1
20              0              0         0  0.00000000     -1          1
21              0              0         0  0.00000000     -1          2
22              0              0         0  0.00000000     -1          1
23             36             37         1  0.57189404      1          0
24             38             39         1  0.45045425      1          0
25              0              0         0  0.00000000     -1          2
26             40             41         2  0.69278917      1          0
27              0              0         0  0.00000000     -1          1
28              0              0         0  0.00000000     -1          2
29             42             43         2  0.92770967      1          0
30             44             45         1  0.08039130      1          0
31              0              0         0  0.00000000     -1          1
32             46             47         2  0.05872654      1          0
33             48             49         2  0.19582965      1          0
34             50             51         1  0.01636040      1          0
35              0              0         0  0.00000000     -1          2
36              0              0         0  0.00000000     -1          2
37             52             53         1  0.69649830      1          0
38             54             55         1  0.41963756      1          0
39              0              0         0  0.00000000     -1          1
40             56             57         1  0.85816794      1          0
41              0              0         0  0.00000000     -1          2
42             58             59         1  0.85439707      1          0
43              0              0         0  0.00000000     -1          2
44              0              0         0  0.00000000     -1          1
45             60             61         2  0.98250452      1          0
46             62             63         1  0.03182869      1          0
47              0              0         0  0.00000000     -1          2
48              0              0         0  0.00000000     -1          1
49             64             65         2  0.19910495      1          0
50              0              0         0  0.00000000     -1          2
51             66             67         2  0.47673022      1          0
52             68             69         2  0.28416432      1          0
53             70             71         2  0.01367412      1          0
54             72             73         1  0.32331091      1          0
55              0              0         0  0.00000000     -1          2
56             74             75         1  0.81107722      1          0
57              0              0         0  0.00000000     -1          1
58             76             77         1  0.25771901      1          0
59             78             79         1  0.86235621      1          0
60              0              0         0  0.00000000     -1          2
61              0              0         0  0.00000000     -1          2
62              0              0         0  0.00000000     -1          2
63             80             81         1  0.16897803      1          0
64              0              0         0  0.00000000     -1          2
65              0              0         0  0.00000000     -1          1
66             82             83         2  0.46278419      1          0
67              0              0         0  0.00000000     -1          2
68             84             85         1  0.66099174      1          0
69              0              0         0  0.00000000     -1          1
70              0              0         0  0.00000000     -1          2
71             86             87         1  0.70198778      1          0
72             88             89         2  0.74158852      1          0
73              0              0         0  0.00000000     -1          2
74              0              0         0  0.00000000     -1          1
75              0              0         0  0.00000000     -1          1
76              0              0         0  0.00000000     -1          2
77             90             91         2  0.92669910      1          0
78              0              0         0  0.00000000     -1          1
79             92             93         1  0.93687170      1          0
80              0              0         0  0.00000000     -1          1
81              0              0         0  0.00000000     -1          1
82             94             95         1  0.26417879      1          0
83              0              0         0  0.00000000     -1          1
84             96             97         2  0.25700945      1          0
85              0              0         0  0.00000000     -1          1
86              0              0         0  0.00000000     -1          2
87             98             99         1  0.74869051      1          0
88            100            101         2  0.69464241      1          0
89              0              0         0  0.00000000     -1          1
90            102            103         2  0.89100232      1          0
91              0              0         0  0.00000000     -1          1
92              0              0         0  0.00000000     -1          2
93              0              0         0  0.00000000     -1          2
94            104            105         2  0.29760288      1          0
95              0              0         0  0.00000000     -1          2
96            106            107         2  0.11858638      1          0
97              0              0         0  0.00000000     -1          2
98            108            109         2  0.17457599      1          0
99            110            111         2  0.59115943      1          0
100             0              0         0  0.00000000     -1          2
101           112            113         2  0.70452544      1          0
102           114            115         1  0.74314448      1          0
103           116            117         1  0.58457619      1          0
104             0              0         0  0.00000000     -1          2
105           118            119         2  0.44707924      1          0
106             0              0         0  0.00000000     -1          1
107             0              0         0  0.00000000     -1          1
108             0              0         0  0.00000000     -1          2
109           120            121         2  0.31488409      1          0
110           122            123         2  0.39088830      1          0
111             0              0         0  0.00000000     -1          1
112             0              0         0  0.00000000     -1          1
113           124            125         2  0.71525216      1          0
114           126            127         1  0.56430434      1          0
115             0              0         0  0.00000000     -1          2
116             0              0         0  0.00000000     -1          1
117             0              0         0  0.00000000     -1          2
118           128            129         2  0.40429512      1          0
119             0              0         0  0.00000000     -1          1
120             0              0         0  0.00000000     -1          1
121             0              0         0  0.00000000     -1          1
122           130            131         1  0.83378676      1          0
123             0              0         0  0.00000000     -1          1
124             0              0         0  0.00000000     -1          2
125             0              0         0  0.00000000     -1          2
126           132            133         2  0.79643868      1          0
127             0              0         0  0.00000000     -1          2
128           134            135         1  0.24088527      1          0
129             0              0         0  0.00000000     -1          2
130             0              0         0  0.00000000     -1          1
131           136            137         1  0.85108551      1          0
132             0              0         0  0.00000000     -1          2
133           138            139         2  0.82884020      1          0
134             0              0         0  0.00000000     -1          2
135             0              0         0  0.00000000     -1          1
136             0              0         0  0.00000000     -1          2
137           140            141         1  0.88685397      1          0
138           142            143         2  0.82794708      1          0
139             0              0         0  0.00000000     -1          2
140             0              0         0  0.00000000     -1          1
141           144            145         2  0.35922880      1          0
142             0              0         0  0.00000000     -1          2
143             0              0         0  0.00000000     -1          1
144           146            147         1  0.93473376      1          0
145             0              0         0  0.00000000     -1          2
146           148            149         1  0.93093922      1          0
147             0              0         0  0.00000000     -1          1
148             0              0         0  0.00000000     -1          1
149             0              0         0  0.00000000     -1          2
