    left daughter right daughter split var split point status prediction
1               2              3         1  0.52715957      1          0
2               4              5         2  0.26232325      1          0
3               6              7         1  0.93965791      1          0
4               8              9         1  0.01203968      1          0
5              10             11         2  0.47346282      1          0
6              12             13         1  0.93831234      1          0
7              14             15         2  0.80456414      1          0
8               0              0         0  0.00000000     -1          2
9              16             17         2  0.19582965      1          0
10             18             19         1  0.48389128      1          0
11             20             21         1  0.34819461      1          0
12             22             23         2  0.77515852      1          0
13              0              0         0  0.00000000     -1          2
14             24             25         1  0.95093255      1          0
15              0              0         0  0.00000000     -1          2
16             26             27         2  0.06315697      1          0
17             28             29         1  0.13930507      1          0
18             30             31         1  0.36745873      1          0
19              0              0         0  0.00000000     -1          1
20             32             33         2  0.98093892      1          0
21             34             35         1  0.41963756      1          0
22             36             37         1  0.60604263      1          0
23             38             39         1  0.55685453      1          0
24              0              0         0  0.00000000     -1          1
25             40             41         2  0.35922880      1          0
26             42             43         2  0.05872654      1          0
27             44             45         2  0.13588454      1          0
28              0              0         0  0.00000000     -1          1
29             46             47         2  0.19995004      1          0
30             48             49         1  0.08310519      1          0
31              0              0         0  0.00000000     -1          2
32             50             51         2  0.69464241      1          0
33              0              0         0  0.00000000     -1          1
34              0              0         0  0.00000000     -1          2
35             52             53         1  0.42061912      1          0
36             54             55         2  0.54220701      1          0
37             56             57         2  0.74344648      1          0
38              0              0         0  0.00000000     -1          1
39             58             59         1  0.92840105      1          0
40              0              0         0  0.00000000     -1          1
41              0              0         0  0.00000000     -1          1
42             60             61         2  0.05116814      1          0
43              0              0         0  0.00000000     -1          2
44             62             63         1  0.42476145      1          0
45              0              0         0  0.00000000     -1          1
46              0              0         0  0.00000000     -1          2
47              0              0         0  0.00000000     -1          1
48             64             65         1  0.07828622      1          0
49             66             67         2  0.32230458      1          0
50             68             69         1  0.18743544      1          0
51             70             71         1  0.30831846      1          0
52              0              0         0  0.00000000     -1          1
53             72             73         1  0.48225697      1          0
54             74             75         2  0.08698391      1          0
55              0              0         0  0.00000000     -1          2
56             76             77         1  0.93159589      1          0
57              0              0         0  0.00000000     -1          1
58             78             79         2  0.97640887      1          0
59              0              0         0  0.00000000     -1          1
60             80             81         1  0.38151675      1          0
61              0              0         0  0.00000000     -1          1
62              0              0         0  0.00000000     -1          1
63              0              0         0  0.00000000     -1          1
64             82             83         2  0.30437388      1          0
65              0              0         0  0.00000000     -1          1
66              0              0         0  0.00000000     -1          2
67             84             85         1  0.22362573      1          0
68             86             87         2  0.58187340      1          0
69              0              0         0  0.00000000     -1          2
70             88             89         2  0.74353603      1          0
71              0              0         0  0.00000000     -1          1
72             90             91         2  0.89325715      1          0
73              0              0         0  0.00000000     -1          2
74              0              0         0  0.00000000     -1          1
75              0              0         0  0.00000000     -1          1
76             92             93         1  0.82095508      1          0
77              0              0         0  0.00000000     -1          1
78             94             95         2  0.88127618      1          0
79             96             97         2  0.98556109      1          0
80              0              0         0  0.00000000     -1          1
81              0              0         0  0.00000000     -1          2
82              0              0         0  0.00000000     -1          1
83              0              0         0  0.00000000     -1          2
84              0              0         0  0.00000000     -1          2
85              0              0         0  0.00000000     -1          2
86              0              0         0  0.00000000     -1          2
87             98             99         2  0.59460648      1          0
88            100            101         1  0.17829632      1          0
89            102            103         2  0.89579086      1          0
90            104            105         1  0.47953221      1          0
91              0              0         0  0.00000000     -1          1
92            106            107         1  0.74869051      1          0
93            108            109         2  0.29550748      1          0
94              0              0         0  0.00000000     -1          2
95            110            111         2  0.88599126      1          0
96              0              0         0  0.00000000     -1          2
97              0              0         0  0.00000000     -1          2
98              0              0         0  0.00000000     -1          2
99              0              0         0  0.00000000     -1          2
100             0              0         0  0.00000000     -1          2
101             0              0         0  0.00000000     -1          1
102             0              0         0  0.00000000     -1          2
103           112            113         2  0.89830511      1          0
104             0              0         0  0.00000000     -1          2
105             0              0         0  0.00000000     -1          1
106           114            115         2  0.41855130      1          0
107             0              0         0  0.00000000     -1          1
108           116            117         1  0.86375781      1          0
109           118            119         1  0.82143701      1          0
110             0              0         0  0.00000000     -1          1
111           120            121         2  0.89170281      1          0
112             0              0         0  0.00000000     -1          1
113             0              0         0  0.00000000     -1          2
114           122            123         2  0.39821360      1          0
115           124            125         1  0.69341060      1          0
116             0              0         0  0.00000000     -1          2
117             0              0         0  0.00000000     -1          1
118             0              0         0  0.00000000     -1          2
119           126            127         1  0.91453832      1          0
120             0              0         0  0.00000000     -1          2
121             0              0         0  0.00000000     -1          2
122           128            129         2  0.11010901      1          0
123             0              0         0  0.00000000     -1          2
124             0              0         0  0.00000000     -1          1
125           130            131         2  0.70459692      1          0
126             0              0         0  0.00000000     -1          1
127             0              0         0  0.00000000     -1          1
128             0              0         0  0.00000000     -1          1
129           132            133         1  0.74757219      1          0
130             0              0         0  0.00000000     -1          1
131             0              0         0  0.00000000     -1          1
132           134            135         2  0.34584210      1          0
133             0              0         0  0.00000000     -1          2
134           136            137         2  0.24153200      1          0
135             0              0         0  0.00000000     -1          1
136             0              0         0  0.00000000     -1          1
137             0              0         0  0.00000000     -1          1
