    left daughter right daughter split var split point status prediction
1               2              3         2 0.594874739      1          0
2               4              5         2 0.251527624      1          0
3               6              7         2 0.743291004      1          0
4               8              9         2 0.001263054      1          0
5              10             11         2 0.584708335      1          0
6              12             13         2 0.718965688      1          0
7              14             15         2 0.823051889      1          0
8               0              0         0 0.000000000     -1          2
9              16             17         1 0.025233635      1          0
10             18             19         2 0.477388759      1          0
11              0              0         0 0.000000000     -1          1
12             20             21         1 0.606179358      1          0
13             22             23         1 0.513134766      1          0
14             24             25         2 0.821764136      1          0
15             26             27         2 0.883853980      1          0
16              0              0         0 0.000000000     -1          1
17             28             29         1 0.293353585      1          0
18             30             31         1 0.438326286      1          0
19             32             33         1 0.570225676      1          0
20             34             35         2 0.713987041      1          0
21             36             37         2 0.595861930      1          0
22              0              0         0 0.000000000     -1          2
23              0              0         0 0.000000000     -1          1
24             38             39         2 0.801339844      1          0
25              0              0         0 0.000000000     -1          1
26             40             41         1 0.104226743      1          0
27             42             43         1 0.934190365      1          0
28              0              0         0 0.000000000     -1          1
29             44             45         2 0.059050614      1          0
30             46             47         1 0.111180434      1          0
31             48             49         2 0.409383396      1          0
32             50             51         1 0.004106039      1          0
33              0              0         0 0.000000000     -1          1
34             52             53         2 0.634835889      1          0
35              0              0         0 0.000000000     -1          2
36              0              0         0 0.000000000     -1          2
37             54             55         1 0.825206295      1          0
38             56             57         2 0.794517990      1          0
39              0              0         0 0.000000000     -1          2
40              0              0         0 0.000000000     -1          2
41             58             59         2 0.862019404      1          0
42             60             61         2 0.885342688      1          0
43              0              0         0 0.000000000     -1          1
44              0              0         0 0.000000000     -1          1
45             62             63         2 0.061750947      1          0
46             64             65         1 0.100587151      1          0
47             66             67         1 0.216470065      1          0
48             68             69         2 0.408033209      1          0
49              0              0         0 0.000000000     -1          1
50              0              0         0 0.000000000     -1          1
51              0              0         0 0.000000000     -1          2
52             70             71         2 0.630543521      1          0
53             72             73         1 0.296996711      1          0
54             74             75         1 0.820025020      1          0
55              0              0         0 0.000000000     -1          1
56             76             77         1 0.845839461      1          0
57              0              0         0 0.000000000     -1          1
58              0              0         0 0.000000000     -1          2
59             78             79         1 0.432320035      1          0
60              0              0         0 0.000000000     -1          1
61             80             81         1 0.424287985      1          0
62              0              0         0 0.000000000     -1          2
63             82             83         1 0.314604556      1          0
64             84             85         1 0.024384125      1          0
65              0              0         0 0.000000000     -1          1
66             86             87         1 0.176775064      1          0
67             88             89         2 0.423792079      1          0
68             90             91         1 0.922933257      1          0
69              0              0         0 0.000000000     -1          2
70              0              0         0 0.000000000     -1          2
71              0              0         0 0.000000000     -1          1
72             92             93         1 0.291303214      1          0
73              0              0         0 0.000000000     -1          2
74              0              0         0 0.000000000     -1          1
75              0              0         0 0.000000000     -1          2
76             94             95         2 0.753108076      1          0
77              0              0         0 0.000000000     -1          2
78              0              0         0 0.000000000     -1          2
79              0              0         0 0.000000000     -1          2
80              0              0         0 0.000000000     -1          2
81             96             97         2 0.895098081      1          0
82              0              0         0 0.000000000     -1          2
83             98             99         2 0.085364159      1          0
84              0              0         0 0.000000000     -1          2
85              0              0         0 0.000000000     -1          2
86              0              0         0 0.000000000     -1          2
87              0              0         0 0.000000000     -1          2
88            100            101         2 0.318630474      1          0
89              0              0         0 0.000000000     -1          1
90            102            103         2 0.350484639      1          0
91            104            105         1 0.935351714      1          0
92              0              0         0 0.000000000     -1          2
93              0              0         0 0.000000000     -1          1
94              0              0         0 0.000000000     -1          2
95              0              0         0 0.000000000     -1          2
96              0              0         0 0.000000000     -1          1
97            106            107         2 0.976408865      1          0
98            108            109         2 0.083706959      1          0
99            110            111         2 0.117418916      1          0
100             0              0         0 0.000000000     -1          2
101           112            113         2 0.325941838      1          0
102           114            115         2 0.283710675      1          0
103           116            117         1 0.714682890      1          0
104             0              0         0 0.000000000     -1          2
105             0              0         0 0.000000000     -1          1
106           118            119         2 0.912753063      1          0
107             0              0         0 0.000000000     -1          2
108             0              0         0 0.000000000     -1          1
109             0              0         0 0.000000000     -1          2
110             0              0         0 0.000000000     -1          1
111           120            121         1 0.329096065      1          0
112             0              0         0 0.000000000     -1          1
113           122            123         1 0.283002578      1          0
114           124            125         1 0.843242404      1          0
115             0              0         0 0.000000000     -1          1
116           126            127         1 0.696498300      1          0
117             0              0         0 0.000000000     -1          1
118             0              0         0 0.000000000     -1          2
119           128            129         2 0.927143354      1          0
120             0              0         0 0.000000000     -1          2
121           130            131         1 0.639922217      1          0
122             0              0         0 0.000000000     -1          2
123             0              0         0 0.000000000     -1          2
124             0              0         0 0.000000000     -1          1
125             0              0         0 0.000000000     -1          2
126           132            133         2 0.389765945      1          0
127             0              0         0 0.000000000     -1          2
128           134            135         1 0.720233983      1          0
129             0              0         0 0.000000000     -1          2
130           136            137         2 0.135884542      1          0
131           138            139         1 0.664380679      1          0
132             0              0         0 0.000000000     -1          1
133             0              0         0 0.000000000     -1          1
134             0              0         0 0.000000000     -1          2
135             0              0         0 0.000000000     -1          2
136             0              0         0 0.000000000     -1          1
137             0              0         0 0.000000000     -1          1
138             0              0         0 0.000000000     -1          2
139           140            141         2 0.190466359      1          0
140           142            143         2 0.178601719      1          0
141             0              0         0 0.000000000     -1          1
142           144            145         1 0.745355932      1          0
143             0              0         0 0.000000000     -1          2
144             0              0         0 0.000000000     -1          1
145             0              0         0 0.000000000     -1          1
