    left daughter right daughter split var split point status prediction
1               2              3         2  0.54688821      1          0
2               4              5         1  0.48405505      1          0
3               6              7         2  0.77499716      1          0
4               8              9         1  0.24088527      1          0
5              10             11         2  0.11741892      1          0
6              12             13         1  0.60958190      1          0
7              14             15         2  0.98217778      1          0
8              16             17         1  0.22314915      1          0
9              18             19         1  0.25951076      1          0
10             20             21         2  0.06205886      1          0
11             22             23         2  0.11940990      1          0
12             24             25         1  0.46349601      1          0
13             26             27         1  0.67590223      1          0
14             28             29         1  0.85439707      1          0
15             30             31         1  0.20738477      1          0
16             32             33         2  0.29152523      1          0
17              0              0         0  0.00000000     -1          2
18             34             35         1  0.24900248      1          0
19             36             37         2  0.26219425      1          0
20             38             39         2  0.05999364      1          0
21              0              0         0  0.00000000     -1          1
22              0              0         0  0.00000000     -1          2
23             40             41         2  0.41060027      1          0
24             42             43         2  0.69464241      1          0
25              0              0         0  0.00000000     -1          2
26              0              0         0  0.00000000     -1          1
27             44             45         2  0.74092248      1          0
28             46             47         1  0.44684184      1          0
29             48             49         2  0.97401607      1          0
30              0              0         0  0.00000000     -1          1
31             50             51         2  0.98591777      1          0
32             52             53         2  0.05287438      1          0
33             54             55         2  0.44707924      1          0
34              0              0         0  0.00000000     -1          1
35              0              0         0  0.00000000     -1          1
36             56             57         2  0.23869916      1          0
37             58             59         1  0.36947403      1          0
38              0              0         0  0.00000000     -1          1
39              0              0         0  0.00000000     -1          2
40             60             61         1  0.93536401      1          0
41             62             63         1  0.52596604      1          0
42             64             65         1  0.41963756      1          0
43             66             67         2  0.71525216      1          0
44             68             69         1  0.86466190      1          0
45              0              0         0  0.00000000     -1          1
46             70             71         1  0.44114615      1          0
47             72             73         2  0.83073926      1          0
48             74             75         2  0.88714526      1          0
49              0              0         0  0.00000000     -1          1
50              0              0         0  0.00000000     -1          1
51             76             77         1  0.85859280      1          0
52              0              0         0  0.00000000     -1          2
53             78             79         2  0.09473703      1          0
54              0              0         0  0.00000000     -1          2
55             80             81         2  0.45112182      1          0
56             82             83         1  0.35324494      1          0
57              0              0         0  0.00000000     -1          1
58             84             85         2  0.35078438      1          0
59             86             87         2  0.41484149      1          0
60             88             89         1  0.92845587      1          0
61             90             91         2  0.35384115      1          0
62              0              0         0  0.00000000     -1          2
63              0              0         0  0.00000000     -1          1
64             92             93         2  0.59675109      1          0
65              0              0         0  0.00000000     -1          2
66              0              0         0  0.00000000     -1          1
67             94             95         2  0.74158852      1          0
68             96             97         1  0.71071647      1          0
69             98             99         2  0.64975185      1          0
70            100            101         2  0.79643868      1          0
71              0              0         0  0.00000000     -1          1
72              0              0         0  0.00000000     -1          2
73              0              0         0  0.00000000     -1          2
74            102            103         2  0.87241278      1          0
75              0              0         0  0.00000000     -1          2
76              0              0         0  0.00000000     -1          2
77              0              0         0  0.00000000     -1          2
78              0              0         0  0.00000000     -1          1
79            104            105         2  0.25188028      1          0
80              0              0         0  0.00000000     -1          1
81            106            107         2  0.46775909      1          0
82              0              0         0  0.00000000     -1          1
83              0              0         0  0.00000000     -1          1
84              0              0         0  0.00000000     -1          2
85            108            109         1  0.27893292      1          0
86              0              0         0  0.00000000     -1          2
87              0              0         0  0.00000000     -1          2
88            110            111         1  0.69649830      1          0
89              0              0         0  0.00000000     -1          2
90              0              0         0  0.00000000     -1          1
91              0              0         0  0.00000000     -1          1
92            112            113         2  0.59333804      1          0
93              0              0         0  0.00000000     -1          2
94            114            115         1  0.17739303      1          0
95              0              0         0  0.00000000     -1          2
96              0              0         0  0.00000000     -1          1
97            116            117         1  0.81159870      1          0
98              0              0         0  0.00000000     -1          1
99              0              0         0  0.00000000     -1          1
100             0              0         0  0.00000000     -1          2
101           118            119         2  0.82956273      1          0
102           120            121         1  0.92166206      1          0
103             0              0         0  0.00000000     -1          1
104             0              0         0  0.00000000     -1          1
105             0              0         0  0.00000000     -1          1
106             0              0         0  0.00000000     -1          2
107             0              0         0  0.00000000     -1          2
108             0              0         0  0.00000000     -1          2
109             0              0         0  0.00000000     -1          2
110           122            123         2  0.13504732      1          0
111           124            125         1  0.69948514      1          0
112           126            127         2  0.57812792      1          0
113             0              0         0  0.00000000     -1          1
114             0              0         0  0.00000000     -1          2
115             0              0         0  0.00000000     -1          2
116             0              0         0  0.00000000     -1          1
117             0              0         0  0.00000000     -1          1
118             0              0         0  0.00000000     -1          2
119           128            129         2  0.83600016      1          0
120             0              0         0  0.00000000     -1          2
121             0              0         0  0.00000000     -1          2
122             0              0         0  0.00000000     -1          2
123           130            131         1  0.61429384      1          0
124             0              0         0  0.00000000     -1          2
125           132            133         2  0.30647852      1          0
126             0              0         0  0.00000000     -1          2
127             0              0         0  0.00000000     -1          2
128             0              0         0  0.00000000     -1          1
129           134            135         1  0.25771901      1          0
130           136            137         2  0.38976594      1          0
131             0              0         0  0.00000000     -1          1
132           138            139         1  0.86375781      1          0
133             0              0         0  0.00000000     -1          1
134             0              0         0  0.00000000     -1          2
135           140            141         2  0.86118769      1          0
136           142            143         1  0.61336679      1          0
137             0              0         0  0.00000000     -1          2
138           144            145         1  0.83655449      1          0
139             0              0         0  0.00000000     -1          1
140             0              0         0  0.00000000     -1          2
141           146            147         1  0.40989176      1          0
142           148            149         1  0.59087482      1          0
143             0              0         0  0.00000000     -1          2
144           150            151         1  0.74192657      1          0
145             0              0         0  0.00000000     -1          2
146           152            153         1  0.26528908      1          0
147             0              0         0  0.00000000     -1          1
148             0              0         0  0.00000000     -1          1
149             0              0         0  0.00000000     -1          1
150             0              0         0  0.00000000     -1          1
151             0              0         0  0.00000000     -1          1
152             0              0         0  0.00000000     -1          1
153             0              0         0  0.00000000     -1          2
