    left daughter right daughter split var split point status prediction
1               2              3         1 0.412230654      1          0
2               4              5         2 0.250291536      1          0
3               6              7         2 0.743446484      1          0
4               8              9         1 0.365433790      1          0
5              10             11         2 0.980938917      1          0
6              12             13         2 0.628386876      1          0
7              14             15         2 0.976408865      1          0
8              16             17         2 0.086927871      1          0
9               0              0         0 0.000000000     -1          1
10             18             19         1 0.312311868      1          0
11              0              0         0 0.000000000     -1          2
12             20             21         2 0.001263054      1          0
13             22             23         1 0.621762479      1          0
14             24             25         2 0.927143354      1          0
15             26             27         1 0.855365830      1          0
16             28             29         2 0.073100420      1          0
17             30             31         1 0.150392837      1          0
18             32             33         2 0.903566857      1          0
19             34             35         1 0.387694266      1          0
20              0              0         0 0.000000000     -1          2
21             36             37         1 0.497289215      1          0
22             38             39         2 0.735887458      1          0
23             40             41         2 0.703692105      1          0
24             42             43         1 0.413585204      1          0
25              0              0         0 0.000000000     -1          2
26              0              0         0 0.000000000     -1          2
27              0              0         0 0.000000000     -1          1
28             44             45         1 0.039298500      1          0
29              0              0         0 0.000000000     -1          2
30              0              0         0 0.000000000     -1          1
31             46             47         2 0.234720309      1          0
32             48             49         1 0.291303214      1          0
33              0              0         0 0.000000000     -1          2
34              0              0         0 0.000000000     -1          2
35             50             51         2 0.777711972      1          0
36             52             53         2 0.315385586      1          0
37             54             55         2 0.296334248      1          0
38             56             57         1 0.471285185      1          0
39              0              0         0 0.000000000     -1          1
40             58             59         2 0.673075302      1          0
41              0              0         0 0.000000000     -1          1
42              0              0         0 0.000000000     -1          1
43             60             61         1 0.468440858      1          0
44              0              0         0 0.000000000     -1          2
45              0              0         0 0.000000000     -1          1
46             62             63         2 0.190214940      1          0
47              0              0         0 0.000000000     -1          2
48             64             65         1 0.179522988      1          0
49              0              0         0 0.000000000     -1          2
50              0              0         0 0.000000000     -1          2
51              0              0         0 0.000000000     -1          2
52             66             67         2 0.290640900      1          0
53             68             69         2 0.517540633      1          0
54             70             71         2 0.294529017      1          0
55             72             73         1 0.518951890      1          0
56              0              0         0 0.000000000     -1          2
57              0              0         0 0.000000000     -1          2
58              0              0         0 0.000000000     -1          1
59              0              0         0 0.000000000     -1          1
60              0              0         0 0.000000000     -1          2
61             74             75         1 0.720233983      1          0
62              0              0         0 0.000000000     -1          1
63              0              0         0 0.000000000     -1          1
64             76             77         2 0.295980037      1          0
65             78             79         1 0.186499934      1          0
66              0              0         0 0.000000000     -1          1
67              0              0         0 0.000000000     -1          1
68              0              0         0 0.000000000     -1          2
69              0              0         0 0.000000000     -1          1
70             80             81         2 0.116323791      1          0
71              0              0         0 0.000000000     -1          2
72              0              0         0 0.000000000     -1          1
73             82             83         2 0.582774884      1          0
74             84             85         1 0.563201412      1          0
75             86             87         1 0.727394667      1          0
76              0              0         0 0.000000000     -1          1
77             88             89         1 0.006644896      1          0
78              0              0         0 0.000000000     -1          1
79             90             91         1 0.253128513      1          0
80             92             93         1 0.577788430      1          0
81             94             95         2 0.129003028      1          0
82             96             97         2 0.409383396      1          0
83             98             99         1 0.914538322      1          0
84              0              0         0 0.000000000     -1          2
85              0              0         0 0.000000000     -1          2
86              0              0         0 0.000000000     -1          1
87            100            101         1 0.931661485      1          0
88              0              0         0 0.000000000     -1          2
89            102            103         2 0.824574290      1          0
90            104            105         1 0.216470065      1          0
91            106            107         1 0.262636565      1          0
92              0              0         0 0.000000000     -1          1
93            108            109         1 0.857631372      1          0
94              0              0         0 0.000000000     -1          2
95            110            111         2 0.171444862      1          0
96            112            113         1 0.944298934      1          0
97              0              0         0 0.000000000     -1          1
98            114            115         1 0.587021467      1          0
99              0              0         0 0.000000000     -1          2
100           116            117         2 0.752801082      1          0
101             0              0         0 0.000000000     -1          2
102           118            119         2 0.517660214      1          0
103             0              0         0 0.000000000     -1          2
104             0              0         0 0.000000000     -1          2
105           120            121         1 0.219064038      1          0
106             0              0         0 0.000000000     -1          1
107           122            123         2 0.447655912      1          0
108             0              0         0 0.000000000     -1          1
109             0              0         0 0.000000000     -1          1
110             0              0         0 0.000000000     -1          1
111           124            125         2 0.174575991      1          0
112           126            127         1 0.727823546      1          0
113             0              0         0 0.000000000     -1          1
114             0              0         0 0.000000000     -1          2
115           128            129         2 0.585732596      1          0
116             0              0         0 0.000000000     -1          1
117           130            131         2 0.779101008      1          0
118           132            133         2 0.444623033      1          0
119             0              0         0 0.000000000     -1          2
120             0              0         0 0.000000000     -1          1
121           134            135         1 0.233225665      1          0
122             0              0         0 0.000000000     -1          2
123             0              0         0 0.000000000     -1          2
124             0              0         0 0.000000000     -1          2
125           136            137         1 0.833786755      1          0
126           138            139         2 0.407558833      1          0
127             0              0         0 0.000000000     -1          1
128             0              0         0 0.000000000     -1          2
129           140            141         1 0.801833433      1          0
130             0              0         0 0.000000000     -1          2
131           142            143         1 0.756643649      1          0
132             0              0         0 0.000000000     -1          2
133             0              0         0 0.000000000     -1          1
134             0              0         0 0.000000000     -1          2
135             0              0         0 0.000000000     -1          2
136           144            145         2 0.236807779      1          0
137           146            147         2 0.226871336      1          0
138           148            149         2 0.321030675      1          0
139             0              0         0 0.000000000     -1          2
140             0              0         0 0.000000000     -1          1
141             0              0         0 0.000000000     -1          1
142             0              0         0 0.000000000     -1          2
143           150            151         1 0.863079180      1          0
144             0              0         0 0.000000000     -1          1
145           152            153         1 0.637924074      1          0
146             0              0         0 0.000000000     -1          1
147             0              0         0 0.000000000     -1          1
148             0              0         0 0.000000000     -1          1
149             0              0         0 0.000000000     -1          1
150             0              0         0 0.000000000     -1          2
151             0              0         0 0.000000000     -1          2
152           154            155         1 0.613366787      1          0
153             0              0         0 0.000000000     -1          1
154             0              0         0 0.000000000     -1          1
155             0              0         0 0.000000000     -1          2
