    left daughter right daughter split var  split point status prediction
1               2              3         2 0.5818734038      1          0
2               4              5         1 0.4658609708      1          0
3               6              7         1 0.6302029382      1          0
4               8              9         1 0.0007194596      1          0
5              10             11         2 0.5734665103      1          0
6              12             13         2 0.6950990810      1          0
7              14             15         2 0.7751639941      1          0
8               0              0         0 0.0000000000     -1          1
9              16             17         1 0.4231589337      1          0
10             18             19         1 0.4970436155      1          0
11              0              0         0 0.0000000000     -1          1
12             20             21         1 0.0447304310      1          0
13             22             23         1 0.2921905145      1          0
14             24             25         1 0.8589219437      1          0
15             26             27         2 0.9797239520      1          0
16             28             29         2 0.2347203088      1          0
17             30             31         2 0.2938103742      1          0
18              0              0         0 0.0000000000     -1          1
19             32             33         2 0.3906637160      1          0
20              0              0         0 0.0000000000     -1          2
21             34             35         1 0.4196375598      1          0
22             36             37         1 0.0534288561      1          0
23             38             39         1 0.4573607801      1          0
24             40             41         2 0.6711097654      1          0
25              0              0         0 0.0000000000     -1          1
26             42             43         2 0.8230518894      1          0
27              0              0         0 0.0000000000     -1          2
28             44             45         1 0.0120396826      1          0
29             46             47         1 0.2641787880      1          0
30              0              0         0 0.0000000000     -1          1
31              0              0         0 0.0000000000     -1          2
32             48             49         2 0.3825016460      1          0
33             50             51         2 0.4839609999      1          0
34              0              0         0 0.0000000000     -1          2
35             52             53         2 0.6378351997      1          0
36             54             55         2 0.9629342344      1          0
37              0              0         0 0.0000000000     -1          2
38             56             57         2 0.7184168147      1          0
39             58             59         1 0.5479139150      1          0
40             60             61         2 0.5989663787      1          0
41             62             63         1 0.7464220724      1          0
42              0              0         0 0.0000000000     -1          2
43             64             65         2 0.8785542551      1          0
44              0              0         0 0.0000000000     -1          2
45             66             67         1 0.1360948529      1          0
46             68             69         2 0.5810102805      1          0
47              0              0         0 0.0000000000     -1          2
48             70             71         1 0.5908748242      1          0
49              0              0         0 0.0000000000     -1          1
50              0              0         0 0.0000000000     -1          1
51             72             73         1 0.5561093435      1          0
52              0              0         0 0.0000000000     -1          2
53              0              0         0 0.0000000000     -1          2
54              0              0         0 0.0000000000     -1          2
55              0              0         0 0.0000000000     -1          2
56              0              0         0 0.0000000000     -1          1
57             74             75         2 0.7466042028      1          0
58              0              0         0 0.0000000000     -1          2
59             76             77         2 0.8950980813      1          0
60              0              0         0 0.0000000000     -1          1
61              0              0         0 0.0000000000     -1          1
62              0              0         0 0.0000000000     -1          2
63              0              0         0 0.0000000000     -1          1
64              0              0         0 0.0000000000     -1          2
65             78             79         1 0.8543970747      1          0
66             80             81         2 0.0528743753      1          0
67             82             83         1 0.1577998676      1          0
68             84             85         2 0.2915252309      1          0
69              0              0         0 0.0000000000     -1          1
70              0              0         0 0.0000000000     -1          1
71             86             87         2 0.2963342478      1          0
72              0              0         0 0.0000000000     -1          2
73              0              0         0 0.0000000000     -1          1
74              0              0         0 0.0000000000     -1          2
75             88             89         2 0.7559992179      1          0
76              0              0         0 0.0000000000     -1          2
77              0              0         0 0.0000000000     -1          2
78             90             91         2 0.9271433542      1          0
79             92             93         1 0.8623562053      1          0
80              0              0         0 0.0000000000     -1          1
81              0              0         0 0.0000000000     -1          1
82              0              0         0 0.0000000000     -1          2
83             94             95         1 0.2677776757      1          0
84             96             97         1 0.1274671513      1          0
85             98             99         1 0.2408852727      1          0
86            100            101         2 0.2831299198      1          0
87              0              0         0 0.0000000000     -1          1
88              0              0         0 0.0000000000     -1          1
89            102            103         1 0.4058987462      1          0
90              0              0         0 0.0000000000     -1          2
91              0              0         0 0.0000000000     -1          2
92              0              0         0 0.0000000000     -1          1
93            104            105         2 0.9021025561      1          0
94              0              0         0 0.0000000000     -1          1
95            106            107         2 0.1776334303      1          0
96              0              0         0 0.0000000000     -1          1
97              0              0         0 0.0000000000     -1          2
98            108            109         1 0.0066987319      1          0
99              0              0         0 0.0000000000     -1          1
100           110            111         2 0.0842279304      1          0
101             0              0         0 0.0000000000     -1          2
102           112            113         1 0.3891420878      1          0
103             0              0         0 0.0000000000     -1          2
104             0              0         0 0.0000000000     -1          2
105             0              0         0 0.0000000000     -1          2
106             0              0         0 0.0000000000     -1          1
107             0              0         0 0.0000000000     -1          1
108             0              0         0 0.0000000000     -1          2
109           114            115         2 0.4477858080      1          0
110             0              0         0 0.0000000000     -1          1
111           116            117         1 0.5991327719      1          0
112           118            119         1 0.3876942665      1          0
113             0              0         0 0.0000000000     -1          2
114             0              0         0 0.0000000000     -1          2
115           120            121         1 0.0870064498      1          0
116             0              0         0 0.0000000000     -1          2
117           122            123         1 0.9360936671      1          0
118           124            125         2 0.7964386820      1          0
119             0              0         0 0.0000000000     -1          1
120             0              0         0 0.0000000000     -1          2
121             0              0         0 0.0000000000     -1          2
122           126            127         1 0.8337867550      1          0
123             0              0         0 0.0000000000     -1          1
124             0              0         0 0.0000000000     -1          1
125           128            129         2 0.9040037272      1          0
126           130            131         1 0.7505611683      1          0
127           132            133         1 0.8977957266      1          0
128             0              0         0 0.0000000000     -1          2
129             0              0         0 0.0000000000     -1          2
130           134            135         2 0.1384977317      1          0
131             0              0         0 0.0000000000     -1          1
132             0              0         0 0.0000000000     -1          2
133             0              0         0 0.0000000000     -1          1
134             0              0         0 0.0000000000     -1          1
135             0              0         0 0.0000000000     -1          1
