    left daughter right daughter split var split point status prediction
1               2              3         1 0.588455455      1          0
2               4              5         1 0.355890131      1          0
3               6              7         2 0.775163994      1          0
4               8              9         1 0.005776981      1          0
5              10             11         2 0.480654078      1          0
6              12             13         2 0.741942785      1          0
7              14             15         1 0.855914582      1          0
8               0              0         0 0.000000000     -1          1
9              16             17         1 0.347639089      1          0
10             18             19         2 0.297833298      1          0
11             20             21         2 0.869503785      1          0
12             22             23         1 0.695623592      1          0
13              0              0         0 0.000000000     -1          1
14             24             25         1 0.694751823      1          0
15             26             27         1 0.865034422      1          0
16             28             29         1 0.345852277      1          0
17              0              0         0 0.000000000     -1          2
18             30             31         1 0.465428538      1          0
19             32             33         2 0.337554123      1          0
20             34             35         1 0.482256966      1          0
21              0              0         0 0.000000000     -1          2
22             36             37         2 0.697923662      1          0
23             38             39         1 0.699485136      1          0
24              0              0         0 0.000000000     -1          2
25             40             41         1 0.702941403      1          0
26              0              0         0 0.000000000     -1          1
27             42             43         2 0.960026381      1          0
28             44             45         1 0.042939864      1          0
29              0              0         0 0.000000000     -1          1
30             46             47         2 0.020387846      1          0
31             48             49         2 0.070778583      1          0
32              0              0         0 0.000000000     -1          2
33             50             51         2 0.440066278      1          0
34             52             53         2 0.861187694      1          0
35             54             55         2 0.827947078      1          0
36              0              0         0 0.000000000     -1          1
37              0              0         0 0.000000000     -1          2
38              0              0         0 0.000000000     -1          2
39             56             57         1 0.746422072      1          0
40              0              0         0 0.000000000     -1          1
41              0              0         0 0.000000000     -1          2
42             58             59         1 0.877036949      1          0
43              0              0         0 0.000000000     -1          1
44             60             61         1 0.013965098      1          0
45             62             63         1 0.276543098      1          0
46              0              0         0 0.000000000     -1          2
47             64             65         1 0.460273395      1          0
48              0              0         0 0.000000000     -1          1
49              0              0         0 0.000000000     -1          1
50             66             67         2 0.398692600      1          0
51              0              0         0 0.000000000     -1          1
52             68             69         2 0.796822129      1          0
53              0              0         0 0.000000000     -1          1
54              0              0         0 0.000000000     -1          2
55              0              0         0 0.000000000     -1          1
56             70             71         2 0.637790522      1          0
57             72             73         2 0.366267869      1          0
58              0              0         0 0.000000000     -1          2
59             74             75         2 0.900945078      1          0
60              0              0         0 0.000000000     -1          2
61             76             77         2 0.300366484      1          0
62             78             79         1 0.273383180      1          0
63             80             81         2 0.234720309      1          0
64             82             83         1 0.367569432      1          0
65              0              0         0 0.000000000     -1          2
66              0              0         0 0.000000000     -1          1
67              0              0         0 0.000000000     -1          1
68             84             85         1 0.451495399      1          0
69              0              0         0 0.000000000     -1          2
70             86             87         1 0.719571989      1          0
71              0              0         0 0.000000000     -1          2
72             88             89         2 0.360516668      1          0
73             90             91         1 0.892740508      1          0
74              0              0         0 0.000000000     -1          2
75              0              0         0 0.000000000     -1          2
76              0              0         0 0.000000000     -1          1
77             92             93         2 0.590038344      1          0
78             94             95         2 0.252319477      1          0
79              0              0         0 0.000000000     -1          1
80              0              0         0 0.000000000     -1          1
81             96             97         1 0.322502949      1          0
82              0              0         0 0.000000000     -1          1
83              0              0         0 0.000000000     -1          1
84             98             99         2 0.782815596      1          0
85              0              0         0 0.000000000     -1          1
86              0              0         0 0.000000000     -1          1
87              0              0         0 0.000000000     -1          1
88            100            101         2 0.301215990      1          0
89              0              0         0 0.000000000     -1          2
90              0              0         0 0.000000000     -1          1
91            102            103         2 0.578633885      1          0
92              0              0         0 0.000000000     -1          2
93              0              0         0 0.000000000     -1          2
94            104            105         1 0.136094853      1          0
95            106            107         2 0.467759094      1          0
96            108            109         1 0.320332275      1          0
97              0              0         0 0.000000000     -1          2
98            110            111         2 0.637378160      1          0
99              0              0         0 0.000000000     -1          1
100           112            113         2 0.283129920      1          0
101             0              0         0 0.000000000     -1          1
102             0              0         0 0.000000000     -1          1
103             0              0         0 0.000000000     -1          1
104             0              0         0 0.000000000     -1          1
105           114            115         1 0.157799868      1          0
106           116            117         1 0.213786509      1          0
107           118            119         2 0.975663500      1          0
108           120            121         1 0.314316316      1          0
109             0              0         0 0.000000000     -1          1
110             0              0         0 0.000000000     -1          2
111             0              0         0 0.000000000     -1          2
112           122            123         1 0.936093667      1          0
113             0              0         0 0.000000000     -1          2
114             0              0         0 0.000000000     -1          1
115             0              0         0 0.000000000     -1          1
116           124            125         2 0.447785808      1          0
117             0              0         0 0.000000000     -1          2
118           126            127         1 0.088448028      1          0
119             0              0         0 0.000000000     -1          2
120           128            129         1 0.293227137      1          0
121             0              0         0 0.000000000     -1          2
122           130            131         2 0.188219915      1          0
123             0              0         0 0.000000000     -1          1
124           132            133         2 0.291525231      1          0
125             0              0         0 0.000000000     -1          1
126           134            135         1 0.064626071      1          0
127           136            137         2 0.590436453      1          0
128           138            139         2 0.695592102      1          0
129             0              0         0 0.000000000     -1          2
130           140            141         1 0.890654818      1          0
131             0              0         0 0.000000000     -1          1
132             0              0         0 0.000000000     -1          1
133             0              0         0 0.000000000     -1          2
134             0              0         0 0.000000000     -1          2
135             0              0         0 0.000000000     -1          2
136           142            143         1 0.160075888      1          0
137           144            145         1 0.257719006      1          0
138             0              0         0 0.000000000     -1          2
139             0              0         0 0.000000000     -1          2
140             0              0         0 0.000000000     -1          1
141             0              0         0 0.000000000     -1          1
142             0              0         0 0.000000000     -1          2
143             0              0         0 0.000000000     -1          2
144             0              0         0 0.000000000     -1          2
145             0              0         0 0.000000000     -1          2
