    left daughter right daughter split var split point status prediction
1               2              3         1 0.507531660      1          0
2               4              5         1 0.005776981      1          0
3               6              7         1 0.955841882      1          0
4               0              0         0 0.000000000     -1          1
5               8              9         1 0.037132517      1          0
6              10             11         1 0.522236464      1          0
7              12             13         2 0.761228140      1          0
8              14             15         2 0.292544250      1          0
9              16             17         1 0.087544582      1          0
10              0              0         0 0.000000000     -1          1
11             18             19         1 0.525774832      1          0
12             20             21         1 0.982839002      1          0
13              0              0         0 0.000000000     -1          2
14              0              0         0 0.000000000     -1          1
15              0              0         0 0.000000000     -1          2
16             22             23         2 0.317724190      1          0
17             24             25         2 0.250644188      1          0
18              0              0         0 0.000000000     -1          2
19             26             27         1 0.540195587      1          0
20              0              0         0 0.000000000     -1          1
21              0              0         0 0.000000000     -1          1
22              0              0         0 0.000000000     -1          1
23             28             29         1 0.081619818      1          0
24             30             31         2 0.134088240      1          0
25             32             33         2 0.476730224      1          0
26              0              0         0 0.000000000     -1          1
27             34             35         1 0.581685221      1          0
28             36             37         1 0.038305523      1          0
29              0              0         0 0.000000000     -1          1
30             38             39         1 0.297102356      1          0
31             40             41         1 0.458435129      1          0
32             42             43         1 0.399905133      1          0
33             44             45         2 0.703380486      1          0
34             46             47         2 0.348037224      1          0
35             48             49         2 0.775158515      1          0
36              0              0         0 0.000000000     -1          1
37             50             51         1 0.053428856      1          0
38             52             53         2 0.051168138      1          0
39              0              0         0 0.000000000     -1          1
40             54             55         1 0.165805700      1          0
41              0              0         0 0.000000000     -1          2
42             56             57         1 0.276423721      1          0
43             58             59         2 0.323002829      1          0
44             60             61         2 0.581996182      1          0
45             62             63         2 0.714977556      1          0
46              0              0         0 0.000000000     -1          1
47             64             65         1 0.578565935      1          0
48             66             67         2 0.385235893      1          0
49             68             69         2 0.878554255      1          0
50              0              0         0 0.000000000     -1          2
51             70             71         2 0.736230636      1          0
52              0              0         0 0.000000000     -1          1
53              0              0         0 0.000000000     -1          1
54              0              0         0 0.000000000     -1          2
55             72             73         1 0.429698504      1          0
56             74             75         2 0.444392153      1          0
57              0              0         0 0.000000000     -1          2
58              0              0         0 0.000000000     -1          1
59              0              0         0 0.000000000     -1          1
60             76             77         1 0.464756390      1          0
61              0              0         0 0.000000000     -1          2
62              0              0         0 0.000000000     -1          1
63             78             79         2 0.800067392      1          0
64             80             81         2 0.806398121      1          0
65              0              0         0 0.000000000     -1          2
66             82             83         2 0.383107810      1          0
67             84             85         2 0.730783547      1          0
68              0              0         0 0.000000000     -1          2
69             86             87         2 0.887489518      1          0
70              0              0         0 0.000000000     -1          2
71              0              0         0 0.000000000     -1          2
72             88             89         1 0.302942937      1          0
73              0              0         0 0.000000000     -1          1
74             90             91         2 0.363935262      1          0
75              0              0         0 0.000000000     -1          2
76             92             93         2 0.577925888      1          0
77              0              0         0 0.000000000     -1          1
78             94             95         2 0.794517990      1          0
79             96             97         2 0.898305114      1          0
80              0              0         0 0.000000000     -1          2
81              0              0         0 0.000000000     -1          2
82             98             99         2 0.001263054      1          0
83              0              0         0 0.000000000     -1          2
84            100            101         1 0.805061836      1          0
85              0              0         0 0.000000000     -1          1
86              0              0         0 0.000000000     -1          1
87            102            103         2 0.902102556      1          0
88              0              0         0 0.000000000     -1          1
89              0              0         0 0.000000000     -1          1
90            104            105         1 0.256997857      1          0
91              0              0         0 0.000000000     -1          2
92              0              0         0 0.000000000     -1          2
93              0              0         0 0.000000000     -1          1
94            106            107         1 0.289400607      1          0
95              0              0         0 0.000000000     -1          1
96            108            109         1 0.260822401      1          0
97              0              0         0 0.000000000     -1          2
98              0              0         0 0.000000000     -1          2
99            110            111         1 0.935937298      1          0
100           112            113         1 0.607907400      1          0
101           114            115         2 0.583325802      1          0
102             0              0         0 0.000000000     -1          2
103           116            117         1 0.735277142      1          0
104             0              0         0 0.000000000     -1          2
105             0              0         0 0.000000000     -1          1
106             0              0         0 0.000000000     -1          2
107           118            119         1 0.310965277      1          0
108             0              0         0 0.000000000     -1          2
109           120            121         1 0.408590873      1          0
110           122            123         2 0.115985753      1          0
111             0              0         0 0.000000000     -1          1
112             0              0         0 0.000000000     -1          1
113           124            125         2 0.409383396      1          0
114             0              0         0 0.000000000     -1          1
115           126            127         2 0.595861930      1          0
116             0              0         0 0.000000000     -1          2
117             0              0         0 0.000000000     -1          2
118             0              0         0 0.000000000     -1          1
119           128            129         1 0.456951462      1          0
120             0              0         0 0.000000000     -1          2
121             0              0         0 0.000000000     -1          2
122           130            131         1 0.840196219      1          0
123           132            133         2 0.129003028      1          0
124             0              0         0 0.000000000     -1          1
125             0              0         0 0.000000000     -1          1
126             0              0         0 0.000000000     -1          2
127             0              0         0 0.000000000     -1          1
128             0              0         0 0.000000000     -1          2
129             0              0         0 0.000000000     -1          2
130             0              0         0 0.000000000     -1          1
131             0              0         0 0.000000000     -1          1
132             0              0         0 0.000000000     -1          2
133           134            135         2 0.307452738      1          0
134           136            137         2 0.304584756      1          0
135           138            139         2 0.345842100      1          0
136           140            141         2 0.281123993      1          0
137             0              0         0 0.000000000     -1          2
138             0              0         0 0.000000000     -1          1
139             0              0         0 0.000000000     -1          1
140           142            143         1 0.928780700      1          0
141             0              0         0 0.000000000     -1          1
142           144            145         1 0.863757812      1          0
143             0              0         0 0.000000000     -1          2
144           146            147         1 0.857315112      1          0
145             0              0         0 0.000000000     -1          1
146           148            149         1 0.613816098      1          0
147             0              0         0 0.000000000     -1          2
148             0              0         0 0.000000000     -1          1
149           150            151         1 0.730615978      1          0
150             0              0         0 0.000000000     -1          1
151             0              0         0 0.000000000     -1          1
