    left daughter right daughter split var split point status prediction
1               2              3         1 0.450595718      1          0
2               4              5         2 0.251527624      1          0
3               6              7         2 0.754783998      1          0
4               8              9         1 0.429698504      1          0
5              10             11         1 0.007529392      1          0
6              12             13         1 0.606070688      1          0
7              14             15         1 0.556854528      1          0
8              16             17         1 0.157799868      1          0
9               0              0         0 0.000000000     -1          2
10              0              0         0 0.000000000     -1          1
11             18             19         1 0.322778157      1          0
12             20             21         2 0.444842060      1          0
13             22             23         2 0.743446484      1          0
14             24             25         2 0.828840195      1          0
15             26             27         2 0.775158515      1          0
16             28             29         1 0.150392837      1          0
17             30             31         2 0.239298383      1          0
18             32             33         1 0.310035948      1          0
19              0              0         0 0.000000000     -1          2
20             34             35         1 0.590874824      1          0
21             36             37         2 0.605181821      1          0
22             38             39         1 0.982839002      1          0
23              0              0         0 0.000000000     -1          1
24              0              0         0 0.000000000     -1          2
25              0              0         0 0.000000000     -1          2
26              0              0         0 0.000000000     -1          1
27             40             41         2 0.979723952      1          0
28             42             43         1 0.134833567      1          0
29              0              0         0 0.000000000     -1          2
30             44             45         2 0.199982635      1          0
31              0              0         0 0.000000000     -1          1
32             46             47         2 0.753522153      1          0
33              0              0         0 0.000000000     -1          1
34             48             49         1 0.559408057      1          0
35              0              0         0 0.000000000     -1          2
36              0              0         0 0.000000000     -1          2
37             50             51         2 0.735887458      1          0
38             52             53         1 0.917466480      1          0
39              0              0         0 0.000000000     -1          1
40             54             55         2 0.823051889      1          0
41              0              0         0 0.000000000     -1          2
42             56             57         2 0.053204962      1          0
43              0              0         0 0.000000000     -1          1
44              0              0         0 0.000000000     -1          1
45              0              0         0 0.000000000     -1          1
46             58             59         1 0.174952685      1          0
47              0              0         0 0.000000000     -1          2
48             60             61         2 0.169919378      1          0
49              0              0         0 0.000000000     -1          1
50              0              0         0 0.000000000     -1          2
51              0              0         0 0.000000000     -1          1
52             62             63         2 0.258531778      1          0
53             64             65         2 0.369339519      1          0
54             66             67         1 0.716200189      1          0
55             68             69         2 0.976371920      1          0
56              0              0         0 0.000000000     -1          1
57              0              0         0 0.000000000     -1          1
58             70             71         2 0.301820867      1          0
59             72             73         2 0.700439801      1          0
60              0              0         0 0.000000000     -1          1
61             74             75         2 0.205921757      1          0
62             76             77         1 0.836554487      1          0
63             78             79         2 0.306478519      1          0
64              0              0         0 0.000000000     -1          1
65             80             81         2 0.390888301      1          0
66              0              0         0 0.000000000     -1          2
67              0              0         0 0.000000000     -1          2
68             82             83         2 0.930621841      1          0
69              0              0         0 0.000000000     -1          2
70              0              0         0 0.000000000     -1          2
71             84             85         2 0.632335424      1          0
72             86             87         1 0.176352179      1          0
73              0              0         0 0.000000000     -1          2
74              0              0         0 0.000000000     -1          2
75             88             89         2 0.299322506      1          0
76             90             91         2 0.115985753      1          0
77              0              0         0 0.000000000     -1          1
78             92             93         2 0.304584756      1          0
79             94             95         2 0.582774884      1          0
80              0              0         0 0.000000000     -1          2
81              0              0         0 0.000000000     -1          1
82             96             97         1 0.718855470      1          0
83              0              0         0 0.000000000     -1          2
84             98             99         2 0.621803551      1          0
85              0              0         0 0.000000000     -1          2
86              0              0         0 0.000000000     -1          1
87            100            101         2 0.321126698      1          0
88              0              0         0 0.000000000     -1          1
89              0              0         0 0.000000000     -1          1
90              0              0         0 0.000000000     -1          1
91            102            103         2 0.129003028      1          0
92            104            105         2 0.280129053      1          0
93              0              0         0 0.000000000     -1          2
94            106            107         2 0.413767786      1          0
95            108            109         1 0.914538322      1          0
96              0              0         0 0.000000000     -1          2
97            110            111         1 0.743280975      1          0
98            112            113         1 0.083105194      1          0
99              0              0         0 0.000000000     -1          1
100             0              0         0 0.000000000     -1          2
101           114            115         1 0.264178788      1          0
102             0              0         0 0.000000000     -1          2
103           116            117         1 0.613816098      1          0
104             0              0         0 0.000000000     -1          1
105             0              0         0 0.000000000     -1          1
106           118            119         1 0.701987777      1          0
107             0              0         0 0.000000000     -1          1
108           120            121         1 0.867509736      1          0
109             0              0         0 0.000000000     -1          2
110             0              0         0 0.000000000     -1          1
111           122            123         2 0.887145264      1          0
112           124            125         2 0.592351111      1          0
113             0              0         0 0.000000000     -1          2
114           126            127         1 0.260926544      1          0
115             0              0         0 0.000000000     -1          2
116             0              0         0 0.000000000     -1          2
117             0              0         0 0.000000000     -1          1
118             0              0         0 0.000000000     -1          1
119             0              0         0 0.000000000     -1          1
120           128            129         2 0.717636989      1          0
121             0              0         0 0.000000000     -1          1
122           130            131         2 0.874266959      1          0
123             0              0         0 0.000000000     -1          2
124           132            133         2 0.455990822      1          0
125             0              0         0 0.000000000     -1          2
126           134            135         2 0.326760684      1          0
127             0              0         0 0.000000000     -1          1
128             0              0         0 0.000000000     -1          1
129             0              0         0 0.000000000     -1          1
130             0              0         0 0.000000000     -1          2
131             0              0         0 0.000000000     -1          1
132             0              0         0 0.000000000     -1          2
133             0              0         0 0.000000000     -1          2
134             0              0         0 0.000000000     -1          1
135           136            137         1 0.186944937      1          0
136             0              0         0 0.000000000     -1          2
137           138            139         1 0.213915750      1          0
138             0              0         0 0.000000000     -1          2
139             0              0         0 0.000000000     -1          2
