    left daughter right daughter split var split point status prediction
1               2              3         2  0.60441240      1          0
2               4              5         2  0.26967015      1          0
3               6              7         2  0.75478400      1          0
4               8              9         2  0.11805938      1          0
5              10             11         1  0.49704362      1          0
6              12             13         2  0.61058164      1          0
7              14             15         1  0.85591458      1          0
8              16             17         2  0.02296233      1          0
9              18             19         1  0.29802837      1          0
10             20             21         2  0.57124945      1          0
11             22             23         2  0.39066372      1          0
12              0              0         0  0.00000000     -1          2
13             24             25         1  0.61025386      1          0
14             26             27         2  0.82884020      1          0
15             28             29         1  0.88676102      1          0
16              0              0         0  0.00000000     -1          1
17             30             31         1  0.03182869      1          0
18             32             33         2  0.26510618      1          0
19             34             35         1  0.33193884      1          0
20             36             37         1  0.45494327      1          0
21              0              0         0  0.00000000     -1          2
22             38             39         1  0.85444511      1          0
23             40             41         1  0.52596604      1          0
24             42             43         1  0.46349601      1          0
25             44             45         2  0.70369210      1          0
26             46             47         2  0.82200574      1          0
27             48             49         1  0.25771901      1          0
28              0              0         0  0.00000000     -1          1
29             50             51         2  0.80436181      1          0
30              0              0         0  0.00000000     -1          2
31             52             53         1  0.29710236      1          0
32             54             55         1  0.14749750      1          0
33              0              0         0  0.00000000     -1          2
34              0              0         0  0.00000000     -1          2
35             56             57         1  0.94301219      1          0
36             58             59         1  0.40585679      1          0
37              0              0         0  0.00000000     -1          2
38             60             61         2  0.38976594      1          0
39             62             63         2  0.37916206      1          0
40              0              0         0  0.00000000     -1          2
41             64             65         2  0.40938340      1          0
42             66             67         1  0.29054947      1          0
43              0              0         0  0.00000000     -1          2
44             68             69         2  0.70204387      1          0
45              0              0         0  0.00000000     -1          1
46             70             71         2  0.78553390      1          0
47              0              0         0  0.00000000     -1          1
48              0              0         0  0.00000000     -1          2
49             72             73         2  0.89440570      1          0
50              0              0         0  0.00000000     -1          2
51             74             75         1  0.93460735      1          0
52             76             77         2  0.05904599      1          0
53             78             79         2  0.08520803      1          0
54              0              0         0  0.00000000     -1          1
55              0              0         0  0.00000000     -1          1
56             80             81         1  0.92878070      1          0
57              0              0         0  0.00000000     -1          1
58             82             83         2  0.51766021      1          0
59              0              0         0  0.00000000     -1          2
60             84             85         1  0.70161926      1          0
61              0              0         0  0.00000000     -1          2
62             86             87         2  0.30472109      1          0
63              0              0         0  0.00000000     -1          2
64             88             89         1  0.71806217      1          0
65             90             91         1  0.91572418      1          0
66             92             93         1  0.08322986      1          0
67             94             95         1  0.29723145      1          0
68             96             97         1  0.71853367      1          0
69              0              0         0  0.00000000     -1          2
70              0              0         0  0.00000000     -1          2
71             98             99         1  0.30244220      1          0
72              0              0         0  0.00000000     -1          2
73            100            101         2  0.90008296      1          0
74              0              0         0  0.00000000     -1          2
75              0              0         0  0.00000000     -1          2
76              0              0         0  0.00000000     -1          1
77              0              0         0  0.00000000     -1          1
78            102            103         1  0.89164966      1          0
79              0              0         0  0.00000000     -1          1
80            104            105         1  0.63080282      1          0
81              0              0         0  0.00000000     -1          2
82            106            107         1  0.39999772      1          0
83              0              0         0  0.00000000     -1          2
84            108            109         1  0.69649830      1          0
85              0              0         0  0.00000000     -1          1
86              0              0         0  0.00000000     -1          2
87              0              0         0  0.00000000     -1          1
88              0              0         0  0.00000000     -1          1
89              0              0         0  0.00000000     -1          1
90              0              0         0  0.00000000     -1          1
91            110            111         2  0.58875963      1          0
92              0              0         0  0.00000000     -1          2
93              0              0         0  0.00000000     -1          2
94              0              0         0  0.00000000     -1          1
95            112            113         2  0.71525216      1          0
96              0              0         0  0.00000000     -1          1
97            114            115         1  0.74719942      1          0
98              0              0         0  0.00000000     -1          2
99              0              0         0  0.00000000     -1          2
100             0              0         0  0.00000000     -1          1
101           116            117         1  0.73527714      1          0
102           118            119         2  0.08370696      1          0
103             0              0         0  0.00000000     -1          1
104           120            121         2  0.13588454      1          0
105           122            123         2  0.11958637      1          0
106           124            125         1  0.38106301      1          0
107             0              0         0  0.00000000     -1          1
108           126            127         2  0.27268647      1          0
109             0              0         0  0.00000000     -1          2
110             0              0         0  0.00000000     -1          1
111             0              0         0  0.00000000     -1          2
112           128            129         2  0.69464241      1          0
113             0              0         0  0.00000000     -1          2
114             0              0         0  0.00000000     -1          2
115           130            131         2  0.63976954      1          0
116           132            133         1  0.72023398      1          0
117             0              0         0  0.00000000     -1          2
118           134            135         2  0.06069651      1          0
119             0              0         0  0.00000000     -1          2
120             0              0         0  0.00000000     -1          2
121           136            137         1  0.48495285      1          0
122             0              0         0  0.00000000     -1          2
123           138            139         2  0.23061186      1          0
124           140            141         2  0.51293837      1          0
125             0              0         0  0.00000000     -1          2
126             0              0         0  0.00000000     -1          2
127             0              0         0  0.00000000     -1          1
128             0              0         0  0.00000000     -1          2
129             0              0         0  0.00000000     -1          1
130             0              0         0  0.00000000     -1          1
131             0              0         0  0.00000000     -1          1
132           142            143         1  0.45654983      1          0
133             0              0         0  0.00000000     -1          1
134             0              0         0  0.00000000     -1          1
135             0              0         0  0.00000000     -1          1
136             0              0         0  0.00000000     -1          1
137             0              0         0  0.00000000     -1          1
138           144            145         2  0.17144486      1          0
139           146            147         1  0.83166369      1          0
140           148            149         2  0.29152523      1          0
141             0              0         0  0.00000000     -1          1
142             0              0         0  0.00000000     -1          2
143             0              0         0  0.00000000     -1          2
144           150            151         1  0.74280888      1          0
145             0              0         0  0.00000000     -1          2
146             0              0         0  0.00000000     -1          1
147             0              0         0  0.00000000     -1          1
148             0              0         0  0.00000000     -1          2
149           152            153         2  0.39950024      1          0
150             0              0         0  0.00000000     -1          2
151             0              0         0  0.00000000     -1          1
152             0              0         0  0.00000000     -1          2
153           154            155         2  0.40493654      1          0
154             0              0         0  0.00000000     -1          1
155           156            157         1  0.36947403      1          0
156           158            159         1  0.07828622      1          0
157             0              0         0  0.00000000     -1          1
158             0              0         0  0.00000000     -1          2
159           160            161         2  0.47800079      1          0
160             0              0         0  0.00000000     -1          2
161             0              0         0  0.00000000     -1          2
