    left daughter right daughter split var split point status prediction
1               2              3         2 0.577318300      1          0
2               4              5         1 0.450595718      1          0
3               6              7         2 0.752366704      1          0
4               8              9         2 0.264276891      1          0
5              10             11         2 0.002821985      1          0
6              12             13         2 0.748381519      1          0
7              14             15         1 0.855914582      1          0
8              16             17         1 0.025233635      1          0
9              18             19         1 0.020464189      1          0
10              0              0         0 0.000000000     -1          2
11             20             21         2 0.190466359      1          0
12             22             23         2 0.584660280      1          0
13              0              0         0 0.000000000     -1          1
14             24             25         1 0.756643649      1          0
15             26             27         2 0.775655865      1          0
16              0              0         0 0.000000000     -1          2
17             28             29         1 0.429695244      1          0
18              0              0         0 0.000000000     -1          2
19             30             31         1 0.085260533      1          0
20             32             33         1 0.559408057      1          0
21             34             35         1 0.502998375      1          0
22              0              0         0 0.000000000     -1          2
23             36             37         1 0.585799857      1          0
24             38             39         2 0.832745789      1          0
25              0              0         0 0.000000000     -1          2
26              0              0         0 0.000000000     -1          1
27             40             41         2 0.975454422      1          0
28             42             43         1 0.301777143      1          0
29              0              0         0 0.000000000     -1          2
30              0              0         0 0.000000000     -1          2
31             44             45         2 0.400780534      1          0
32              0              0         0 0.000000000     -1          1
33             46             47         1 0.563523302      1          0
34             48             49         1 0.501097076      1          0
35             50             51         1 0.695255074      1          0
36             52             53         1 0.038305523      1          0
37             54             55         2 0.743446484      1          0
38             56             57         2 0.827947078      1          0
39             58             59         2 0.893649807      1          0
40             60             61         2 0.902102556      1          0
41              0              0         0 0.000000000     -1          1
42             62             63         1 0.143991765      1          0
43             64             65         1 0.312952060      1          0
44             66             67         2 0.356948302      1          0
45             68             69         2 0.470262396      1          0
46              0              0         0 0.000000000     -1          2
47             70             71         2 0.124660460      1          0
48              0              0         0 0.000000000     -1          1
49              0              0         0 0.000000000     -1          2
50             72             73         1 0.615987094      1          0
51             74             75         1 0.702103507      1          0
52              0              0         0 0.000000000     -1          2
53             76             77         2 0.634480305      1          0
54             78             79         1 0.648523539      1          0
55              0              0         0 0.000000000     -1          2
56             80             81         2 0.784947973      1          0
57              0              0         0 0.000000000     -1          1
58              0              0         0 0.000000000     -1          2
59             82             83         2 0.897800967      1          0
60             84             85         2 0.872987809      1          0
61              0              0         0 0.000000000     -1          2
62             86             87         1 0.134833567      1          0
63              0              0         0 0.000000000     -1          1
64              0              0         0 0.000000000     -1          2
65             88             89         1 0.365433790      1          0
66             90             91         1 0.274176083      1          0
67              0              0         0 0.000000000     -1          2
68             92             93         2 0.459324291      1          0
69             94             95         2 0.519798994      1          0
70             96             97         2 0.084227930      1          0
71             98             99         2 0.129965328      1          0
72            100            101         2 0.272686468      1          0
73              0              0         0 0.000000000     -1          1
74              0              0         0 0.000000000     -1          2
75            102            103         1 0.724875881      1          0
76            104            105         2 0.633788259      1          0
77            106            107         1 0.450454250      1          0
78              0              0         0 0.000000000     -1          1
79            108            109         2 0.639769537      1          0
80              0              0         0 0.000000000     -1          2
81            110            111         1 0.714035367      1          0
82              0              0         0 0.000000000     -1          1
83            112            113         1 0.719204629      1          0
84              0              0         0 0.000000000     -1          2
85              0              0         0 0.000000000     -1          2
86              0              0         0 0.000000000     -1          1
87              0              0         0 0.000000000     -1          2
88              0              0         0 0.000000000     -1          1
89              0              0         0 0.000000000     -1          1
90            114            115         2 0.351957083      1          0
91              0              0         0 0.000000000     -1          2
92              0              0         0 0.000000000     -1          2
93              0              0         0 0.000000000     -1          1
94            116            117         1 0.090807996      1          0
95              0              0         0 0.000000000     -1          2
96              0              0         0 0.000000000     -1          1
97            118            119         1 0.597569099      1          0
98              0              0         0 0.000000000     -1          2
99            120            121         2 0.186544017      1          0
100             0              0         0 0.000000000     -1          1
101             0              0         0 0.000000000     -1          1
102             0              0         0 0.000000000     -1          1
103           122            123         2 0.386654771      1          0
104             0              0         0 0.000000000     -1          2
105             0              0         0 0.000000000     -1          1
106             0              0         0 0.000000000     -1          2
107             0              0         0 0.000000000     -1          2
108           124            125         1 0.858921944      1          0
109           126            127         1 0.746422072      1          0
110           128            129         2 0.796438682      1          0
111             0              0         0 0.000000000     -1          1
112           130            131         2 0.982504516      1          0
113             0              0         0 0.000000000     -1          1
114           132            133         1 0.111820874      1          0
115             0              0         0 0.000000000     -1          1
116             0              0         0 0.000000000     -1          1
117             0              0         0 0.000000000     -1          2
118             0              0         0 0.000000000     -1          1
119           134            135         2 0.085208030      1          0
120           136            137         2 0.171444862      1          0
121             0              0         0 0.000000000     -1          2
122           138            139         1 0.982760228      1          0
123             0              0         0 0.000000000     -1          1
124             0              0         0 0.000000000     -1          1
125             0              0         0 0.000000000     -1          2
126             0              0         0 0.000000000     -1          2
127           140            141         1 0.823480063      1          0
128             0              0         0 0.000000000     -1          2
129             0              0         0 0.000000000     -1          2
130             0              0         0 0.000000000     -1          2
131             0              0         0 0.000000000     -1          2
132             0              0         0 0.000000000     -1          2
133           142            143         1 0.230304814      1          0
134             0              0         0 0.000000000     -1          2
135           144            145         2 0.116124055      1          0
136             0              0         0 0.000000000     -1          1
137             0              0         0 0.000000000     -1          1
138           146            147         2 0.379162057      1          0
139             0              0         0 0.000000000     -1          2
140             0              0         0 0.000000000     -1          1
141             0              0         0 0.000000000     -1          1
142             0              0         0 0.000000000     -1          2
143             0              0         0 0.000000000     -1          2
144             0              0         0 0.000000000     -1          1
145             0              0         0 0.000000000     -1          1
146           148            149         1 0.934160469      1          0
147             0              0         0 0.000000000     -1          2
148           150            151         1 0.927218667      1          0
149             0              0         0 0.000000000     -1          1
150           152            153         2 0.230582337      1          0
151             0              0         0 0.000000000     -1          2
152             0              0         0 0.000000000     -1          1
153             0              0         0 0.000000000     -1          1
