    left daughter right daughter split var  split point status prediction
1               2              3         1 0.5941812607      1          0
2               4              5         2 0.2429009641      1          0
3               6              7         2 0.7434464837      1          0
4               8              9         2 0.0898871654      1          0
5              10             11         1 0.4492192885      1          0
6              12             13         2 0.0012630539      1          0
7              14             15         2 0.7751585152      1          0
8              16             17         1 0.5478447786      1          0
9              18             19         2 0.1343344616      1          0
10             20             21         2 0.4677696607      1          0
11             22             23         2 0.5218020047      1          0
12              0              0         0 0.0000000000     -1          2
13             24             25         2 0.4093833958      1          0
14              0              0         0 0.0000000000     -1          2
15             26             27         2 0.9764088652      1          0
16             28             29         2 0.0509742937      1          0
17              0              0         0 0.0000000000     -1          2
18              0              0         0 0.0000000000     -1          1
19             30             31         1 0.4296985045      1          0
20             32             33         1 0.0163604011      1          0
21             34             35         1 0.0003927892      1          0
22             36             37         2 0.3897659448      1          0
23             38             39         2 0.7089028166      1          0
24             40             41         1 0.8868539728      1          0
25             42             43         1 0.6095818999      1          0
26             44             45         1 0.7407573413      1          0
27             46             47         2 0.9770944740      1          0
28             48             49         1 0.3978215126      1          0
29              0              0         0 0.0000000000     -1          1
30             50             51         1 0.2610311043      1          0
31              0              0         0 0.0000000000     -1          1
32              0              0         0 0.0000000000     -1          1
33             52             53         2 0.4627841898      1          0
34              0              0         0 0.0000000000     -1          1
35             54             55         2 0.6943665098      1          0
36              0              0         0 0.0000000000     -1          1
37              0              0         0 0.0000000000     -1          1
38              0              0         0 0.0000000000     -1          2
39             56             57         1 0.4636456711      1          0
40             58             59         1 0.8337867550      1          0
41             60             61         2 0.3592288021      1          0
42              0              0         0 0.0000000000     -1          2
43             62             63         1 0.8055415919      1          0
44              0              0         0 0.0000000000     -1          2
45             64             65         1 0.7566436493      1          0
46              0              0         0 0.0000000000     -1          1
47             66             67         1 0.9164061556      1          0
48              0              0         0 0.0000000000     -1          1
49              0              0         0 0.0000000000     -1          1
50              0              0         0 0.0000000000     -1          1
51              0              0         0 0.0000000000     -1          1
52             68             69         1 0.2765178367      1          0
53              0              0         0 0.0000000000     -1          1
54             70             71         1 0.4177833304      1          0
55             72             73         2 0.6965296428      1          0
56              0              0         0 0.0000000000     -1          2
57             74             75         1 0.5474757106      1          0
58             76             77         2 0.4006025893      1          0
59              0              0         0 0.0000000000     -1          2
60             78             79         1 0.9324924511      1          0
61              0              0         0 0.0000000000     -1          2
62             80             81         2 0.7176369895      1          0
63             82             83         2 0.5868339555      1          0
64              0              0         0 0.0000000000     -1          1
65             84             85         2 0.8871452640      1          0
66              0              0         0 0.0000000000     -1          2
67              0              0         0 0.0000000000     -1          1
68             86             87         2 0.2494903062      1          0
69             88             89         1 0.3970417508      1          0
70             90             91         1 0.1869449371      1          0
71              0              0         0 0.0000000000     -1          2
72              0              0         0 0.0000000000     -1          1
73             92             93         1 0.2577190060      1          0
74              0              0         0 0.0000000000     -1          2
75              0              0         0 0.0000000000     -1          2
76             94             95         2 0.1734172533      1          0
77              0              0         0 0.0000000000     -1          2
78             96             97         1 0.9275771610      1          0
79              0              0         0 0.0000000000     -1          1
80              0              0         0 0.0000000000     -1          1
81              0              0         0 0.0000000000     -1          1
82              0              0         0 0.0000000000     -1          1
83             98             99         1 0.8214370093      1          0
84            100            101         1 0.8713237886      1          0
85              0              0         0 0.0000000000     -1          2
86              0              0         0 0.0000000000     -1          1
87            102            103         2 0.4443921528      1          0
88              0              0         0 0.0000000000     -1          2
89              0              0         0 0.0000000000     -1          2
90            104            105         2 0.5781279247      1          0
91              0              0         0 0.0000000000     -1          2
92            106            107         2 0.8354634978      1          0
93            108            109         2 0.7152521589      1          0
94            110            111         1 0.7486905061      1          0
95            112            113         1 0.7263967290      1          0
96              0              0         0 0.0000000000     -1          1
97              0              0         0 0.0000000000     -1          2
98              0              0         0 0.0000000000     -1          2
99            114            115         2 0.5929826116      1          0
100             0              0         0 0.0000000000     -1          2
101             0              0         0 0.0000000000     -1          2
102           116            117         1 0.0494655624      1          0
103             0              0         0 0.0000000000     -1          2
104             0              0         0 0.0000000000     -1          2
105           118            119         2 0.5837237061      1          0
106           120            121         1 0.1795229882      1          0
107             0              0         0 0.0000000000     -1          2
108             0              0         0 0.0000000000     -1          1
109           122            123         1 0.2603972533      1          0
110           124            125         2 0.1101090067      1          0
111             0              0         0 0.0000000000     -1          1
112           126            127         1 0.7234882026      1          0
113             0              0         0 0.0000000000     -1          1
114             0              0         0 0.0000000000     -1          2
115           128            129         1 0.8739199007      1          0
116             0              0         0 0.0000000000     -1          2
117           130            131         2 0.3987587867      1          0
118             0              0         0 0.0000000000     -1          1
119             0              0         0 0.0000000000     -1          2
120           132            133         1 0.0558476215      1          0
121             0              0         0 0.0000000000     -1          2
122             0              0         0 0.0000000000     -1          1
123           134            135         2 0.7479450698      1          0
124             0              0         0 0.0000000000     -1          1
125             0              0         0 0.0000000000     -1          2
126           136            137         2 0.2415320038      1          0
127             0              0         0 0.0000000000     -1          2
128             0              0         0 0.0000000000     -1          1
129             0              0         0 0.0000000000     -1          1
130           138            139         1 0.1111804340      1          0
131             0              0         0 0.0000000000     -1          2
132             0              0         0 0.0000000000     -1          2
133             0              0         0 0.0000000000     -1          2
134             0              0         0 0.0000000000     -1          2
135           140            141         1 0.3142439751      1          0
136             0              0         0 0.0000000000     -1          1
137             0              0         0 0.0000000000     -1          1
138             0              0         0 0.0000000000     -1          2
139           142            143         2 0.3223045812      1          0
140             0              0         0 0.0000000000     -1          2
141           144            145         2 0.8611876944      1          0
142             0              0         0 0.0000000000     -1          2
143             0              0         0 0.0000000000     -1          2
144           146            147         1 0.3891420878      1          0
145             0              0         0 0.0000000000     -1          2
146             0              0         0 0.0000000000     -1          2
147             0              0         0 0.0000000000     -1          2
