    left daughter right daughter split var split point status prediction
1               2              3         2 0.604138335      1          0
2               4              5         2 0.303715198      1          0
3               6              7         2 0.743291004      1          0
4               8              9         1 0.938613988      1          0
5              10             11         1 0.507577534      1          0
6              12             13         2 0.741307554      1          0
7              14             15         2 0.981746683      1          0
8              16             17         2 0.171444862      1          0
9               0              0         0 0.000000000     -1          1
10             18             19         1 0.008218087      1          0
11             20             21         2 0.568694696      1          0
12             22             23         2 0.737146121      1          0
13              0              0         0 0.000000000     -1          1
14             24             25         2 0.912938408      1          0
15             26             27         2 0.985190233      1          0
16             28             29         2 0.051737668      1          0
17             30             31         1 0.928422205      1          0
18              0              0         0 0.000000000     -1          2
19             32             33         1 0.375016940      1          0
20             34             35         2 0.390663716      1          0
21             36             37         2 0.574132599      1          0
22             38             39         2 0.735053997      1          0
23              0              0         0 0.000000000     -1          2
24             40             41         1 0.857824439      1          0
25              0              0         0 0.000000000     -1          2
26              0              0         0 0.000000000     -1          1
27             42             43         1 0.858592799      1          0
28             44             45         1 0.410292248      1          0
29             46             47         1 0.039298500      1          0
30             48             49         2 0.283658602      1          0
31              0              0         0 0.000000000     -1          2
32             50             51         2 0.592351111      1          0
33             52             53         1 0.415144269      1          0
34             54             55         2 0.389765945      1          0
35              0              0         0 0.000000000     -1          1
36              0              0         0 0.000000000     -1          2
37             56             57         1 0.560951484      1          0
38             58             59         1 0.609581900      1          0
39              0              0         0 0.000000000     -1          1
40             60             61         1 0.055847621      1          0
41             62             63         1 0.875275988      1          0
42              0              0         0 0.000000000     -1          2
43              0              0         0 0.000000000     -1          1
44             64             65         2 0.017932108      1          0
45              0              0         0 0.000000000     -1          1
46              0              0         0 0.000000000     -1          2
47             66             67         2 0.136083201      1          0
48             68             69         2 0.251527624      1          0
49             70             71         1 0.483891278      1          0
50             72             73         1 0.080529499      1          0
51              0              0         0 0.000000000     -1          2
52              0              0         0 0.000000000     -1          1
53             74             75         2 0.371417460      1          0
54             76             77         2 0.361708434      1          0
55              0              0         0 0.000000000     -1          2
56              0              0         0 0.000000000     -1          2
57             78             79         2 0.595861930      1          0
58             80             81         2 0.695099081      1          0
59             82             83         1 0.821437009      1          0
60              0              0         0 0.000000000     -1          2
61             84             85         2 0.910386511      1          0
62              0              0         0 0.000000000     -1          1
63             86             87         2 0.770341211      1          0
64              0              0         0 0.000000000     -1          1
65              0              0         0 0.000000000     -1          1
66             88             89         1 0.559408057      1          0
67              0              0         0 0.000000000     -1          1
68             90             91         1 0.149680993      1          0
69             92             93         2 0.253328849      1          0
70              0              0         0 0.000000000     -1          1
71              0              0         0 0.000000000     -1          1
72              0              0         0 0.000000000     -1          2
73             94             95         2 0.577925888      1          0
74              0              0         0 0.000000000     -1          1
75              0              0         0 0.000000000     -1          2
76              0              0         0 0.000000000     -1          1
77             96             97         1 0.911084030      1          0
78             98             99         1 0.801833433      1          0
79              0              0         0 0.000000000     -1          1
80              0              0         0 0.000000000     -1          2
81            100            101         1 0.308318461      1          0
82            102            103         1 0.811077220      1          0
83            104            105         1 0.864661902      1          0
84            106            107         2 0.891002315      1          0
85              0              0         0 0.000000000     -1          1
86              0              0         0 0.000000000     -1          1
87            108            109         1 0.936871704      1          0
88            110            111         2 0.060807923      1          0
89            112            113         1 0.748690506      1          0
90              0              0         0 0.000000000     -1          1
91            114            115         2 0.199104949      1          0
92              0              0         0 0.000000000     -1          2
93            116            117         1 0.451550239      1          0
94            118            119         1 0.089742632      1          0
95              0              0         0 0.000000000     -1          1
96              0              0         0 0.000000000     -1          1
97              0              0         0 0.000000000     -1          2
98              0              0         0 0.000000000     -1          1
99              0              0         0 0.000000000     -1          1
100             0              0         0 0.000000000     -1          2
101             0              0         0 0.000000000     -1          2
102           120            121         1 0.719972544      1          0
103             0              0         0 0.000000000     -1          2
104             0              0         0 0.000000000     -1          1
105             0              0         0 0.000000000     -1          1
106           122            123         2 0.796438682      1          0
107           124            125         2 0.891702813      1          0
108             0              0         0 0.000000000     -1          2
109             0              0         0 0.000000000     -1          2
110             0              0         0 0.000000000     -1          1
111             0              0         0 0.000000000     -1          1
112             0              0         0 0.000000000     -1          1
113             0              0         0 0.000000000     -1          1
114             0              0         0 0.000000000     -1          2
115           126            127         2 0.236993837      1          0
116             0              0         0 0.000000000     -1          2
117           128            129         1 0.835300371      1          0
118             0              0         0 0.000000000     -1          1
119           130            131         1 0.216470065      1          0
120             0              0         0 0.000000000     -1          1
121             0              0         0 0.000000000     -1          1
122           132            133         2 0.795311151      1          0
123           134            135         2 0.861187694      1          0
124             0              0         0 0.000000000     -1          1
125             0              0         0 0.000000000     -1          2
126             0              0         0 0.000000000     -1          1
127             0              0         0 0.000000000     -1          1
128           136            137         2 0.272686468      1          0
129             0              0         0 0.000000000     -1          2
130             0              0         0 0.000000000     -1          2
131           138            139         1 0.234400274      1          0
132           140            141         1 0.471165614      1          0
133             0              0         0 0.000000000     -1          1
134             0              0         0 0.000000000     -1          2
135           142            143         1 0.432320035      1          0
136             0              0         0 0.000000000     -1          1
137             0              0         0 0.000000000     -1          1
138             0              0         0 0.000000000     -1          1
139           144            145         2 0.447007149      1          0
140           146            147         1 0.428978286      1          0
141             0              0         0 0.000000000     -1          2
142             0              0         0 0.000000000     -1          2
143             0              0         0 0.000000000     -1          2
144           148            149         2 0.426428269      1          0
145             0              0         0 0.000000000     -1          2
146             0              0         0 0.000000000     -1          2
147             0              0         0 0.000000000     -1          1
148             0              0         0 0.000000000     -1          2
149             0              0         0 0.000000000     -1          1
