    left daughter right daughter split var  split point status prediction
1               2              3         1 0.5029983753      1          0
2               4              5         2 0.2641478911      1          0
3               6              7         2 0.7547839984      1          0
4               8              9         1 0.0257010975      1          0
5              10             11         1 0.0003927892      1          0
6              12             13         1 0.7486905061      1          0
7              14             15         1 0.5768609323      1          0
8               0              0         0 0.0000000000     -1          2
9              16             17         2 0.1958296512      1          0
10              0              0         0 0.0000000000     -1          1
11             18             19         1 0.4492192885      1          0
12             20             21         2 0.6124261280      1          0
13             22             23         1 0.8073188461      1          0
14              0              0         0 0.0000000000     -1          2
15             24             25         1 0.9346073506      1          0
16             26             27         1 0.1577998676      1          0
17             28             29         1 0.1474974971      1          0
18             30             31         1 0.0685471545      1          0
19             32             33         2 0.4268579395      1          0
20             34             35         2 0.3917363563      1          0
21             36             37         2 0.7209780621      1          0
22              0              0         0 0.0000000000     -1          1
23             38             39         2 0.5833258015      1          0
24             40             41         2 0.7756558648      1          0
25              0              0         0 0.0000000000     -1          2
26             42             43         1 0.1476877656      1          0
27              0              0         0 0.0000000000     -1          1
28              0              0         0 0.0000000000     -1          1
29             44             45         1 0.1639031612      1          0
30             46             47         2 0.3033339229      1          0
31             48             49         1 0.2161462267      1          0
32              0              0         0 0.0000000000     -1          1
33             50             51         1 0.4600292469      1          0
34             52             53         1 0.7195920435      1          0
35              0              0         0 0.0000000000     -1          1
36             54             55         1 0.6095818999      1          0
37              0              0         0 0.0000000000     -1          1
38             56             57         2 0.3908883006      1          0
39             58             59         2 0.6158779521      1          0
40              0              0         0 0.0000000000     -1          1
41             60             61         1 0.6947518232      1          0
42              0              0         0 0.0000000000     -1          1
43              0              0         0 0.0000000000     -1          2
44              0              0         0 0.0000000000     -1          2
45              0              0         0 0.0000000000     -1          1
46              0              0         0 0.0000000000     -1          1
47             62             63         1 0.0652045211      1          0
48             64             65         1 0.1073506441      1          0
49             66             67         1 0.2173122469      1          0
50              0              0         0 0.0000000000     -1          1
51             68             69         1 0.4826349677      1          0
52             70             71         2 0.3891709917      1          0
53              0              0         0 0.0000000000     -1          2
54              0              0         0 0.0000000000     -1          2
55              0              0         0 0.0000000000     -1          2
56             72             73         2 0.3592288021      1          0
57              0              0         0 0.0000000000     -1          1
58              0              0         0 0.0000000000     -1          2
59             74             75         1 0.8234800627      1          0
60              0              0         0 0.0000000000     -1          2
61             76             77         1 0.7029414026      1          0
62             78             79         1 0.0371325167      1          0
63              0              0         0 0.0000000000     -1          1
64             80             81         2 0.3010019148      1          0
65             82             83         2 0.7259745357      1          0
66              0              0         0 0.0000000000     -1          1
67             84             85         2 0.4841765572      1          0
68              0              0         0 0.0000000000     -1          2
69              0              0         0 0.0000000000     -1          2
70             86             87         2 0.1276291149      1          0
71              0              0         0 0.0000000000     -1          2
72             88             89         1 0.8637578116      1          0
73              0              0         0 0.0000000000     -1          1
74              0              0         0 0.0000000000     -1          2
75              0              0         0 0.0000000000     -1          1
76              0              0         0 0.0000000000     -1          1
77             90             91         2 0.8872704081      1          0
78              0              0         0 0.0000000000     -1          2
79             92             93         2 0.6123469138      1          0
80              0              0         0 0.0000000000     -1          1
81              0              0         0 0.0000000000     -1          2
82              0              0         0 0.0000000000     -1          2
83             94             95         1 0.1795229882      1          0
84             96             97         2 0.4739454306      1          0
85             98             99         1 0.2880632701      1          0
86            100            101         1 0.5594080571      1          0
87            102            103         2 0.3576247287      1          0
88            104            105         2 0.2644718199      1          0
89            106            107         2 0.1861563587      1          0
90            108            109         1 0.7803825232      1          0
91            110            111         1 0.8585927994      1          0
92              0              0         0 0.0000000000     -1          2
93              0              0         0 0.0000000000     -1          2
94              0              0         0 0.0000000000     -1          2
95              0              0         0 0.0000000000     -1          2
96            112            113         2 0.3212973482      1          0
97              0              0         0 0.0000000000     -1          1
98              0              0         0 0.0000000000     -1          2
99            114            115         2 0.6985525701      1          0
100             0              0         0 0.0000000000     -1          1
101           116            117         2 0.1160757318      1          0
102           118            119         1 0.5879238403      1          0
103             0              0         0 0.0000000000     -1          1
104             0              0         0 0.0000000000     -1          1
105             0              0         0 0.0000000000     -1          1
106             0              0         0 0.0000000000     -1          1
107           120            121         2 0.1903816775      1          0
108             0              0         0 0.0000000000     -1          2
109           122            123         2 0.8778602580      1          0
110             0              0         0 0.0000000000     -1          2
111           124            125         1 0.8650595963      1          0
112             0              0         0 0.0000000000     -1          2
113           126            127         1 0.2514253237      1          0
114             0              0         0 0.0000000000     -1          2
115           128            129         1 0.2932271368      1          0
116           130            131         1 0.5787090166      1          0
117             0              0         0 0.0000000000     -1          2
118             0              0         0 0.0000000000     -1          1
119           132            133         1 0.5991327719      1          0
120             0              0         0 0.0000000000     -1          2
121             0              0         0 0.0000000000     -1          1
122             0              0         0 0.0000000000     -1          2
123             0              0         0 0.0000000000     -1          1
124             0              0         0 0.0000000000     -1          1
125           134            135         1 0.8943320580      1          0
126             0              0         0 0.0000000000     -1          1
127           136            137         1 0.2769841739      1          0
128             0              0         0 0.0000000000     -1          1
129           138            139         1 0.3891420878      1          0
130             0              0         0 0.0000000000     -1          2
131             0              0         0 0.0000000000     -1          1
132             0              0         0 0.0000000000     -1          2
133           140            141         2 0.3396955157      1          0
134             0              0         0 0.0000000000     -1          2
135             0              0         0 0.0000000000     -1          2
136             0              0         0 0.0000000000     -1          2
137             0              0         0 0.0000000000     -1          2
138           142            143         2 0.8063968136      1          0
139             0              0         0 0.0000000000     -1          2
140           144            145         2 0.2419573901      1          0
141             0              0         0 0.0000000000     -1          2
142             0              0         0 0.0000000000     -1          2
143           146            147         1 0.3421488876      1          0
144             0              0         0 0.0000000000     -1          1
145             0              0         0 0.0000000000     -1          1
146             0              0         0 0.0000000000     -1          2
147             0              0         0 0.0000000000     -1          2
