    left daughter right daughter split var  split point status prediction
1               2              3         2 0.2891668966      1          0
2               4              5         1 0.1503928368      1          0
3               6              7         2 0.7547839984      1          0
4               8              9         2 0.0528743753      1          0
5              10             11         2 0.2434457585      1          0
6              12             13         1 0.5893310197      1          0
7              14             15         1 0.2570844368      1          0
8               0              0         0 0.0000000000     -1          1
9               0              0         0 0.0000000000     -1          1
10             16             17         1 0.1652319994      1          0
11             18             19         1 0.3542579859      1          0
12             20             21         2 0.4511218215      1          0
13             22             23         2 0.3879711200      1          0
14              0              0         0 0.0000000000     -1          2
15             24             25         2 0.7964594687      1          0
16              0              0         0 0.0000000000     -1          2
17             26             27         2 0.1183974168      1          0
18              0              0         0 0.0000000000     -1          2
19             28             29         2 0.2707909509      1          0
20             30             31         1 0.4868938751      1          0
21             32             33         2 0.7414295022      1          0
22             34             35         2 0.3618747133      1          0
23             36             37         1 0.6014362349      1          0
24             38             39         2 0.7903780422      1          0
25             40             41         2 0.8838539802      1          0
26             42             43         2 0.0853641591      1          0
27             44             45         2 0.1360832005      1          0
28             46             47         1 0.6023151710      1          0
29              0              0         0 0.0000000000     -1          1
30             48             49         1 0.2525408376      1          0
31             50             51         1 0.5599381895      1          0
32             52             53         1 0.0007194596      1          0
33              0              0         0 0.0000000000     -1          2
34             54             55         2 0.2969631360      1          0
35              0              0         0 0.0000000000     -1          2
36              0              0         0 0.0000000000     -1          1
37             56             57         1 0.9188002518      1          0
38             58             59         2 0.7850830334      1          0
39              0              0         0 0.0000000000     -1          1
40             60             61         1 0.5780610618      1          0
41             62             63         1 0.2652890809      1          0
42             64             65         2 0.0832482486      1          0
43              0              0         0 0.0000000000     -1          1
44             66             67         1 0.4247614525      1          0
45             68             69         2 0.1728370696      1          0
46              0              0         0 0.0000000000     -1          1
47              0              0         0 0.0000000000     -1          1
48             70             71         1 0.0981805760      1          0
49             72             73         1 0.2641787880      1          0
50              0              0         0 0.0000000000     -1          1
51              0              0         0 0.0000000000     -1          1
52              0              0         0 0.0000000000     -1          1
53             74             75         2 0.4797010591      1          0
54              0              0         0 0.0000000000     -1          2
55             76             77         2 0.3549788174      1          0
56             78             79         2 0.6310903857      1          0
57              0              0         0 0.0000000000     -1          1
58             80             81         2 0.7742968889      1          0
59              0              0         0 0.0000000000     -1          2
60             82             83         2 0.8307392606      1          0
61              0              0         0 0.0000000000     -1          2
62              0              0         0 0.0000000000     -1          1
63             84             85         1 0.9341903654      1          0
64             86             87         1 0.3978215126      1          0
65              0              0         0 0.0000000000     -1          2
66              0              0         0 0.0000000000     -1          1
67              0              0         0 0.0000000000     -1          2
68              0              0         0 0.0000000000     -1          1
69             88             89         1 0.6133667871      1          0
70              0              0         0 0.0000000000     -1          2
71              0              0         0 0.0000000000     -1          2
72              0              0         0 0.0000000000     -1          1
73             90             91         1 0.3677294866      1          0
74             92             93         1 0.5175766736      1          0
75             94             95         2 0.6306548203      1          0
76              0              0         0 0.0000000000     -1          1
77              0              0         0 0.0000000000     -1          1
78             96             97         1 0.9157241844      1          0
79             98             99         2 0.6424069309      1          0
80              0              0         0 0.0000000000     -1          2
81              0              0         0 0.0000000000     -1          2
82              0              0         0 0.0000000000     -1          2
83              0              0         0 0.0000000000     -1          2
84            100            101         2 0.8853426882      1          0
85              0              0         0 0.0000000000     -1          2
86              0              0         0 0.0000000000     -1          1
87            102            103         1 0.4102922480      1          0
88            104            105         1 0.3847587168      1          0
89            106            107         2 0.1904663590      1          0
90              0              0         0 0.0000000000     -1          2
91              0              0         0 0.0000000000     -1          2
92              0              0         0 0.0000000000     -1          2
93              0              0         0 0.0000000000     -1          1
94            108            109         1 0.0456147685      1          0
95            110            111         2 0.6320797221      1          0
96              0              0         0 0.0000000000     -1          1
97              0              0         0 0.0000000000     -1          2
98              0              0         0 0.0000000000     -1          2
99            112            113         1 0.7466004820      1          0
100             0              0         0 0.0000000000     -1          1
101           114            115         2 0.9271433542      1          0
102             0              0         0 0.0000000000     -1          2
103           116            117         1 0.5478447786      1          0
104             0              0         0 0.0000000000     -1          1
105             0              0         0 0.0000000000     -1          1
106             0              0         0 0.0000000000     -1          2
107             0              0         0 0.0000000000     -1          1
108             0              0         0 0.0000000000     -1          2
109           118            119         2 0.5818734038      1          0
110             0              0         0 0.0000000000     -1          1
111           120            121         1 0.2913032143      1          0
112             0              0         0 0.0000000000     -1          1
113           122            123         2 0.6785383235      1          0
114           124            125         2 0.9266991029      1          0
115           126            127         2 0.9764088652      1          0
116             0              0         0 0.0000000000     -1          1
117           128            129         2 0.0407974603      1          0
118           130            131         1 0.4647563896      1          0
119             0              0         0 0.0000000000     -1          2
120             0              0         0 0.0000000000     -1          2
121           132            133         2 0.6950990810      1          0
122             0              0         0 0.0000000000     -1          1
123             0              0         0 0.0000000000     -1          1
124           134            135         1 0.5770669662      1          0
125             0              0         0 0.0000000000     -1          1
126             0              0         0 0.0000000000     -1          2
127           136            137         1 0.8850067960      1          0
128             0              0         0 0.0000000000     -1          1
129           138            139         1 0.5742474516      1          0
130           140            141         1 0.2025260053      1          0
131             0              0         0 0.0000000000     -1          2
132             0              0         0 0.0000000000     -1          2
133           142            143         2 0.7055143369      1          0
134           144            145         1 0.3350411816      1          0
135             0              0         0 0.0000000000     -1          2
136           146            147         2 0.9859177741      1          0
137             0              0         0 0.0000000000     -1          1
138             0              0         0 0.0000000000     -1          2
139             0              0         0 0.0000000000     -1          1
140             0              0         0 0.0000000000     -1          2
141             0              0         0 0.0000000000     -1          2
142             0              0         0 0.0000000000     -1          1
143             0              0         0 0.0000000000     -1          2
144             0              0         0 0.0000000000     -1          2
145             0              0         0 0.0000000000     -1          1
146             0              0         0 0.0000000000     -1          2
147             0              0         0 0.0000000000     -1          2
