    left daughter right daughter split var  split point status prediction
1               2              3         1 0.4978610100      1          0
2               4              5         2 0.2429009641      1          0
3               6              7         2 0.7419427854      1          0
4               8              9         1 0.0124240943      1          0
5              10             11         1 0.4379408722      1          0
6              12             13         2 0.6644963289      1          0
7              14             15         1 0.8585927994      1          0
8               0              0         0 0.0000000000     -1          2
9              16             17         1 0.3654337903      1          0
10             18             19         1 0.0003927892      1          0
11             20             21         2 0.5504877423      1          0
12             22             23         2 0.0012630539      1          0
13             24             25         2 0.6677494344      1          0
14             26             27         1 0.7566436493      1          0
15             28             29         2 0.7832276778      1          0
16             30             31         2 0.0608079231      1          0
17             32             33         2 0.0203878455      1          0
18              0              0         0 0.0000000000     -1          1
19             34             35         2 0.2515276244      1          0
20              0              0         0 0.0000000000     -1          1
21             36             37         2 0.8932571500      1          0
22              0              0         0 0.0000000000     -1          2
23             38             39         1 0.5935908571      1          0
24              0              0         0 0.0000000000     -1          2
25             40             41         1 0.5857998574      1          0
26             42             43         1 0.7192046288      1          0
27              0              0         0 0.0000000000     -1          2
28              0              0         0 0.0000000000     -1          1
29             44             45         1 0.8650344225      1          0
30             46             47         1 0.1689780279      1          0
31             48             49         1 0.2683934878      1          0
32              0              0         0 0.0000000000     -1          2
33             50             51         1 0.3694686090      1          0
34              0              0         0 0.0000000000     -1          2
35             52             53         2 0.7945179904      1          0
36             54             55         1 0.4656656485      1          0
37              0              0         0 0.0000000000     -1          2
38             56             57         2 0.4776470599      1          0
39             58             59         2 0.4093833958      1          0
40              0              0         0 0.0000000000     -1          2
41             60             61         2 0.6781086025      1          0
42             62             63         2 0.9825045162      1          0
43              0              0         0 0.0000000000     -1          1
44              0              0         0 0.0000000000     -1          1
45             64             65         1 0.8867610162      1          0
46              0              0         0 0.0000000000     -1          1
47             66             67         1 0.2931123125      1          0
48              0              0         0 0.0000000000     -1          1
49             68             69         2 0.1818814914      1          0
50              0              0         0 0.0000000000     -1          2
51             70             71         2 0.1811993212      1          0
52             72             73         2 0.5192202417      1          0
53             74             75         2 0.7988696228      1          0
54              0              0         0 0.0000000000     -1          2
55              0              0         0 0.0000000000     -1          2
56             76             77         1 0.5908748242      1          0
57              0              0         0 0.0000000000     -1          2
58             78             79         1 0.8337867550      1          0
59             80             81         2 0.5833258015      1          0
60              0              0         0 0.0000000000     -1          1
61             82             83         2 0.7139492557      1          0
62             84             85         2 0.8950980813      1          0
63              0              0         0 0.0000000000     -1          2
64              0              0         0 0.0000000000     -1          2
65             86             87         1 0.9284010479      1          0
66              0              0         0 0.0000000000     -1          1
67              0              0         0 0.0000000000     -1          1
68              0              0         0 0.0000000000     -1          1
69              0              0         0 0.0000000000     -1          1
70              0              0         0 0.0000000000     -1          1
71              0              0         0 0.0000000000     -1          1
72             88             89         1 0.2764237214      1          0
73             90             91         2 0.5933380394      1          0
74              0              0         0 0.0000000000     -1          1
75             92             93         1 0.4098917598      1          0
76             94             95         1 0.5600630566      1          0
77              0              0         0 0.0000000000     -1          2
78             96             97         1 0.7486905061      1          0
79             98             99         1 0.8442298392      1          0
80              0              0         0 0.0000000000     -1          1
81            100            101         2 0.5852514754      1          0
82              0              0         0 0.0000000000     -1          1
83            102            103         2 0.7173602839      1          0
84            104            105         2 0.8910023154      1          0
85              0              0         0 0.0000000000     -1          2
86              0              0         0 0.0000000000     -1          2
87              0              0         0 0.0000000000     -1          2
88            106            107         2 0.5033133523      1          0
89            108            109         2 0.4618275930      1          0
90              0              0         0 0.0000000000     -1          2
91            110            111         1 0.0847878120      1          0
92            112            113         2 0.9175094301      1          0
93              0              0         0 0.0000000000     -1          1
94              0              0         0 0.0000000000     -1          1
95            114            115         1 0.5635233019      1          0
96            116            117         1 0.7460112425      1          0
97              0              0         0 0.0000000000     -1          1
98              0              0         0 0.0000000000     -1          2
99            118            119         1 0.9353640074      1          0
100             0              0         0 0.0000000000     -1          2
101           120            121         2 0.5971933845      1          0
102             0              0         0 0.0000000000     -1          2
103             0              0         0 0.0000000000     -1          1
104           122            123         1 0.5632014116      1          0
105             0              0         0 0.0000000000     -1          1
106           124            125         1 0.2682665255      1          0
107             0              0         0 0.0000000000     -1          1
108             0              0         0 0.0000000000     -1          2
109             0              0         0 0.0000000000     -1          2
110           126            127         2 0.6020099440      1          0
111           128            129         1 0.4196375598      1          0
112           130            131         1 0.0974363535      1          0
113             0              0         0 0.0000000000     -1          2
114             0              0         0 0.0000000000     -1          2
115           132            133         2 0.3346040898      1          0
116           134            135         1 0.6994851359      1          0
117             0              0         0 0.0000000000     -1          2
118           136            137         2 0.3798063897      1          0
119           138            139         1 0.9828390022      1          0
120             0              0         0 0.0000000000     -1          1
121           140            141         1 0.8581679356      1          0
122             0              0         0 0.0000000000     -1          2
123             0              0         0 0.0000000000     -1          2
124           142            143         2 0.3274276628      1          0
125             0              0         0 0.0000000000     -1          1
126             0              0         0 0.0000000000     -1          1
127           144            145         2 0.7362306356      1          0
128           146            147         2 0.7004398012      1          0
129             0              0         0 0.0000000000     -1          2
130             0              0         0 0.0000000000     -1          2
131           148            149         2 0.9108737919      1          0
132           150            151         1 0.5703765681      1          0
133             0              0         0 0.0000000000     -1          2
134           152            153         2 0.4006025893      1          0
135             0              0         0 0.0000000000     -1          1
136           154            155         2 0.3037319910      1          0
137             0              0         0 0.0000000000     -1          2
138             0              0         0 0.0000000000     -1          1
139             0              0         0 0.0000000000     -1          1
140             0              0         0 0.0000000000     -1          1
141             0              0         0 0.0000000000     -1          1
142           156            157         2 0.3223045812      1          0
143           158            159         1 0.2510399449      1          0
144           160            161         1 0.0792598502      1          0
145             0              0         0 0.0000000000     -1          2
146             0              0         0 0.0000000000     -1          2
147           162            163         1 0.2885563418      1          0
148           164            165         2 0.8957908614      1          0
149             0              0         0 0.0000000000     -1          1
150             0              0         0 0.0000000000     -1          1
151             0              0         0 0.0000000000     -1          1
152           166            167         1 0.6964982997      1          0
153             0              0         0 0.0000000000     -1          2
154           168            169         1 0.9309392233      1          0
155             0              0         0 0.0000000000     -1          1
156           170            171         2 0.2885577921      1          0
157             0              0         0 0.0000000000     -1          1
158           172            173         2 0.4627841898      1          0
159             0              0         0 0.0000000000     -1          1
160             0              0         0 0.0000000000     -1          2
161             0              0         0 0.0000000000     -1          1
162             0              0         0 0.0000000000     -1          2
163           174            175         1 0.2963871819      1          0
164             0              0         0 0.0000000000     -1          2
165             0              0         0 0.0000000000     -1          2
166           176            177         1 0.6594997801      1          0
167             0              0         0 0.0000000000     -1          2
168             0              0         0 0.0000000000     -1          1
169             0              0         0 0.0000000000     -1          2
170             0              0         0 0.0000000000     -1          2
171             0              0         0 0.0000000000     -1          2
172             0              0         0 0.0000000000     -1          2
173             0              0         0 0.0000000000     -1          2
174             0              0         0 0.0000000000     -1          1
175           178            179         2 0.7152521589      1          0
176           180            181         1 0.6567498931      1          0
177             0              0         0 0.0000000000     -1          1
178             0              0         0 0.0000000000     -1          1
179             0              0         0 0.0000000000     -1          2
180           182            183         1 0.6508602652      1          0
181             0              0         0 0.0000000000     -1          2
182             0              0         0 0.0000000000     -1          1
183             0              0         0 0.0000000000     -1          1
