    left daughter right daughter split var split point status prediction
1               2              3         2  0.56071439      1          0
2               4              5         2  0.26524954      1          0
3               6              7         1  0.60931551      1          0
4               8              9         1  0.93609367      1          0
5              10             11         2  0.55286274      1          0
6              12             13         2  0.69509908      1          0
7              14             15         1  0.61619721      1          0
8              16             17         1  0.93369599      1          0
9               0              0         0  0.00000000     -1          1
10             18             19         1  0.45059572      1          0
11              0              0         0  0.00000000     -1          1
12             20             21         2  0.63483589      1          0
13             22             23         2  0.71511551      1          0
14              0              0         0  0.00000000     -1          1
15             24             25         2  0.77103185      1          0
16             26             27         2  0.23699384      1          0
17              0              0         0  0.00000000     -1          2
18             28             29         2  0.47970106      1          0
19             30             31         2  0.41060027      1          0
20             32             33         2  0.63065482      1          0
21              0              0         0  0.00000000     -1          2
22              0              0         0  0.00000000     -1          2
23             34             35         1  0.06963740      1          0
24             36             37         2  0.67853832      1          0
25             38             39         2  0.97640887      1          0
26             40             41         1  0.64821130      1          0
27             42             43         1  0.33919670      1          0
28             44             45         2  0.41828661      1          0
29              0              0         0  0.00000000     -1          2
30             46             47         1  0.72782355      1          0
31             48             49         1  0.51601612      1          0
32             50             51         2  0.57300978      1          0
33              0              0         0  0.00000000     -1          2
34             52             53         2  0.75323703      1          0
35             54             55         2  0.91462434      1          0
36             56             57         2  0.67447333      1          0
37              0              0         0  0.00000000     -1          1
38             58             59         1  0.75664365      1          0
39             60             61         2  0.98556109      1          0
40             62             63         1  0.46542854      1          0
41             64             65         2  0.14479528      1          0
42              0              0         0  0.00000000     -1          1
43             66             67         1  0.61336679      1          0
44             68             69         2  0.27095873      1          0
45             70             71         1  0.39704175      1          0
46             72             73         1  0.69649830      1          0
47             74             75         2  0.38310781      1          0
48              0              0         0  0.00000000     -1          2
49              0              0         0  0.00000000     -1          1
50              0              0         0  0.00000000     -1          2
51              0              0         0  0.00000000     -1          2
52              0              0         0  0.00000000     -1          1
53              0              0         0  0.00000000     -1          2
54             76             77         2  0.91026357      1          0
55              0              0         0  0.00000000     -1          2
56             78             79         2  0.63916820      1          0
57              0              0         0  0.00000000     -1          2
58             80             81         1  0.74075734      1          0
59              0              0         0  0.00000000     -1          2
60              0              0         0  0.00000000     -1          1
61              0              0         0  0.00000000     -1          2
62             82             83         2  0.01793211      1          0
63             84             85         1  0.56890437      1          0
64             86             87         1  0.73802125      1          0
65              0              0         0  0.00000000     -1          1
66              0              0         0  0.00000000     -1          1
67              0              0         0  0.00000000     -1          1
68              0              0         0  0.00000000     -1          2
69             88             89         1  0.26901969      1          0
70              0              0         0  0.00000000     -1          2
71              0              0         0  0.00000000     -1          1
72             90             91         1  0.59338491      1          0
73              0              0         0  0.00000000     -1          2
74             92             93         1  0.91248907      1          0
75              0              0         0  0.00000000     -1          1
76             94             95         1  0.54791391      1          0
77              0              0         0  0.00000000     -1          1
78             96             97         1  0.85892194      1          0
79              0              0         0  0.00000000     -1          1
80              0              0         0  0.00000000     -1          2
81              0              0         0  0.00000000     -1          1
82              0              0         0  0.00000000     -1          2
83             98             99         2  0.19582965      1          0
84              0              0         0  0.00000000     -1          1
85            100            101         2  0.08536416      1          0
86              0              0         0  0.00000000     -1          1
87            102            103         2  0.04139963      1          0
88            104            105         2  0.29152523      1          0
89              0              0         0  0.00000000     -1          2
90            106            107         2  0.27506194      1          0
91              0              0         0  0.00000000     -1          1
92              0              0         0  0.00000000     -1          1
93              0              0         0  0.00000000     -1          1
94            108            109         1  0.28940061      1          0
95              0              0         0  0.00000000     -1          2
96              0              0         0  0.00000000     -1          1
97              0              0         0  0.00000000     -1          1
98            110            111         1  0.03182869      1          0
99            112            113         2  0.19908793      1          0
100             0              0         0  0.00000000     -1          1
101             0              0         0  0.00000000     -1          1
102             0              0         0  0.00000000     -1          1
103           114            115         1  0.85763137      1          0
104             0              0         0  0.00000000     -1          2
105           116            117         2  0.35195708      1          0
106             0              0         0  0.00000000     -1          2
107           118            119         2  0.38976594      1          0
108             0              0         0  0.00000000     -1          2
109           120            121         2  0.79564552      1          0
110             0              0         0  0.00000000     -1          2
111           122            123         2  0.07185166      1          0
112             0              0         0  0.00000000     -1          2
113           124            125         2  0.20405427      1          0
114             0              0         0  0.00000000     -1          1
115             0              0         0  0.00000000     -1          1
116             0              0         0  0.00000000     -1          2
117           126            127         2  0.36125807      1          0
118           128            129         1  0.48389128      1          0
119             0              0         0  0.00000000     -1          1
120           130            131         1  0.31096528      1          0
121             0              0         0  0.00000000     -1          2
122             0              0         0  0.00000000     -1          1
123           132            133         1  0.42969524      1          0
124             0              0         0  0.00000000     -1          1
125             0              0         0  0.00000000     -1          1
126             0              0         0  0.00000000     -1          1
127             0              0         0  0.00000000     -1          2
128             0              0         0  0.00000000     -1          1
129             0              0         0  0.00000000     -1          1
130             0              0         0  0.00000000     -1          1
131           134            135         2  0.78063791      1          0
132           136            137         1  0.15083818      1          0
133             0              0         0  0.00000000     -1          2
134             0              0         0  0.00000000     -1          2
135             0              0         0  0.00000000     -1          1
136             0              0         0  0.00000000     -1          1
137             0              0         0  0.00000000     -1          1
