    left daughter right daughter split var split point status prediction
1               2              3         1 0.497335946      1          0
2               4              5         2 0.251527624      1          0
3               6              7         2 0.775158515      1          0
4               8              9         2 0.189903786      1          0
5              10             11         2 0.356948302      1          0
6              12             13         2 0.688656198      1          0
7              14             15         1 0.583536771      1          0
8              16             17         2 0.078841624      1          0
9              18             19         2 0.200827727      1          0
10             20             21         2 0.351957083      1          0
11             22             23         2 0.980938917      1          0
12             24             25         1 0.593590857      1          0
13             26             27         1 0.712093234      1          0
14              0              0         0 0.000000000     -1          2
15             28             29         1 0.870625988      1          0
16             30             31         1 0.164231720      1          0
17              0              0         0 0.000000000     -1          1
18              0              0         0 0.000000000     -1          2
19             32             33         1 0.311020885      1          0
20             34             35         2 0.271956015      1          0
21              0              0         0 0.000000000     -1          1
22             36             37         2 0.917509430      1          0
23              0              0         0 0.000000000     -1          1
24             38             39         2 0.477647060      1          0
25             40             41         2 0.001263054      1          0
26              0              0         0 0.000000000     -1          2
27              0              0         0 0.000000000     -1          1
28             42             43         1 0.748639816      1          0
29             44             45         1 0.886761016      1          0
30              0              0         0 0.000000000     -1          2
31             46             47         2 0.059045986      1          0
32              0              0         0 0.000000000     -1          1
33              0              0         0 0.000000000     -1          1
34              0              0         0 0.000000000     -1          2
35             48             49         2 0.290789737      1          0
36             50             51         2 0.910346119      1          0
37              0              0         0 0.000000000     -1          2
38             52             53         2 0.379815926      1          0
39              0              0         0 0.000000000     -1          2
40              0              0         0 0.000000000     -1          2
41             54             55         2 0.385418669      1          0
42             56             57         2 0.926699103      1          0
43              0              0         0 0.000000000     -1          2
44              0              0         0 0.000000000     -1          1
45             58             59         1 0.934607351      1          0
46              0              0         0 0.000000000     -1          1
47              0              0         0 0.000000000     -1          1
48              0              0         0 0.000000000     -1          2
49             60             61         1 0.391934708      1          0
50             62             63         1 0.006682267      1          0
51              0              0         0 0.000000000     -1          1
52             64             65         2 0.274662579      1          0
53              0              0         0 0.000000000     -1          1
54             66             67         2 0.383145979      1          0
55             68             69         1 0.818556334      1          0
56             70             71         1 0.740757341      1          0
57              0              0         0 0.000000000     -1          2
58              0              0         0 0.000000000     -1          2
59              0              0         0 0.000000000     -1          2
60             72             73         2 0.291525231      1          0
61              0              0         0 0.000000000     -1          1
62              0              0         0 0.000000000     -1          1
63             74             75         2 0.400780534      1          0
64             76             77         2 0.246002398      1          0
65              0              0         0 0.000000000     -1          1
66             78             79         1 0.727823546      1          0
67              0              0         0 0.000000000     -1          2
68              0              0         0 0.000000000     -1          1
69             80             81         1 0.821437009      1          0
70              0              0         0 0.000000000     -1          2
71              0              0         0 0.000000000     -1          1
72              0              0         0 0.000000000     -1          1
73              0              0         0 0.000000000     -1          2
74              0              0         0 0.000000000     -1          2
75             82             83         2 0.403202144      1          0
76             84             85         1 0.555763047      1          0
77              0              0         0 0.000000000     -1          2
78             86             87         1 0.723488203      1          0
79             88             89         1 0.833786755      1          0
80              0              0         0 0.000000000     -1          2
81             90             91         2 0.637093104      1          0
82              0              0         0 0.000000000     -1          1
83             92             93         1 0.379263364      1          0
84              0              0         0 0.000000000     -1          1
85              0              0         0 0.000000000     -1          1
86             94             95         1 0.636073428      1          0
87              0              0         0 0.000000000     -1          2
88              0              0         0 0.000000000     -1          1
89             96             97         2 0.167982762      1          0
90              0              0         0 0.000000000     -1          1
91              0              0         0 0.000000000     -1          1
92             98             99         1 0.312311868      1          0
93            100            101         1 0.389142088      1          0
94              0              0         0 0.000000000     -1          1
95            102            103         1 0.659499780      1          0
96              0              0         0 0.000000000     -1          1
97            104            105         1 0.843735344      1          0
98            106            107         1 0.309350241      1          0
99              0              0         0 0.000000000     -1          2
100             0              0         0 0.000000000     -1          1
101           108            109         1 0.460029247      1          0
102             0              0         0 0.000000000     -1          1
103           110            111         2 0.345842100      1          0
104             0              0         0 0.000000000     -1          2
105           112            113         2 0.195571061      1          0
106           114            115         2 0.581010281      1          0
107             0              0         0 0.000000000     -1          1
108           116            117         2 0.440066278      1          0
109             0              0         0 0.000000000     -1          2
110             0              0         0 0.000000000     -1          1
111             0              0         0 0.000000000     -1          1
112             0              0         0 0.000000000     -1          2
113           118            119         2 0.359228802      1          0
114           120            121         1 0.213786509      1          0
115           122            123         1 0.292061814      1          0
116             0              0         0 0.000000000     -1          1
117           124            125         1 0.453229936      1          0
118           126            127         2 0.286371391      1          0
119             0              0         0 0.000000000     -1          2
120             0              0         0 0.000000000     -1          2
121           128            129         2 0.478112816      1          0
122           130            131         1 0.083229857      1          0
123             0              0         0 0.000000000     -1          2
124           132            133         1 0.417243278      1          0
125             0              0         0 0.000000000     -1          1
126             0              0         0 0.000000000     -1          1
127             0              0         0 0.000000000     -1          1
128             0              0         0 0.000000000     -1          2
129             0              0         0 0.000000000     -1          2
130           134            135         2 0.632335424      1          0
131           136            137         2 0.581873404      1          0
132             0              0         0 0.000000000     -1          2
133             0              0         0 0.000000000     -1          2
134             0              0         0 0.000000000     -1          2
135             0              0         0 0.000000000     -1          2
136             0              0         0 0.000000000     -1          1
137           138            139         1 0.179522988      1          0
138             0              0         0 0.000000000     -1          2
139           140            141         2 0.895790861      1          0
140           142            143         2 0.727436578      1          0
141             0              0         0 0.000000000     -1          2
142           144            145         1 0.184818377      1          0
143             0              0         0 0.000000000     -1          2
144             0              0         0 0.000000000     -1          1
145             0              0         0 0.000000000     -1          2
