    left daughter right daughter split var split point status prediction
1               2              3         2 0.599086915      1          0
2               4              5         1 0.465595933      1          0
3               6              7         2 0.754783998      1          0
4               8              9         2 0.238699164      1          0
5              10             11         2 0.002089685      1          0
6              12             13         2 0.726272414      1          0
7              14             15         2 0.881512131      1          0
8              16             17         1 0.460200412      1          0
9              18             19         2 0.476730224      1          0
10              0              0         0 0.000000000     -1          2
11             20             21         1 0.497536359      1          0
12             22             23         1 0.618278771      1          0
13             24             25         2 0.739608070      1          0
14             26             27         1 0.062591053      1          0
15             28             29         1 0.855914582      1          0
16             30             31         2 0.079060103      1          0
17              0              0         0 0.000000000     -1          2
18             32             33         1 0.399997723      1          0
19             34             35         2 0.572070809      1          0
20              0              0         0 0.000000000     -1          1
21             36             37         2 0.409383396      1          0
22             38             39         1 0.079971546      1          0
23             40             41         2 0.675937937      1          0
24              0              0         0 0.000000000     -1          1
25             42             43         1 0.676356977      1          0
26              0              0         0 0.000000000     -1          2
27             44             45         2 0.830739261      1          0
28             46             47         2 0.897428618      1          0
29             48             49         1 0.875214036      1          0
30             50             51         1 0.313821009      1          0
31             52             53         2 0.189903786      1          0
32             54             55         1 0.276423721      1          0
33              0              0         0 0.000000000     -1          1
34             56             57         2 0.515617409      1          0
35             58             59         2 0.574032840      1          0
36             60             61         2 0.408033209      1          0
37             62             63         2 0.591159431      1          0
38              0              0         0 0.000000000     -1          2
39             64             65         1 0.083229857      1          0
40             66             67         1 0.858167936      1          0
41              0              0         0 0.000000000     -1          1
42              0              0         0 0.000000000     -1          2
43              0              0         0 0.000000000     -1          1
44             68             69         2 0.827556201      1          0
45              0              0         0 0.000000000     -1          2
46              0              0         0 0.000000000     -1          2
47             70             71         1 0.080058762      1          0
48              0              0         0 0.000000000     -1          1
49             72             73         1 0.934190365      1          0
50             74             75         2 0.059045986      1          0
51              0              0         0 0.000000000     -1          1
52              0              0         0 0.000000000     -1          1
53             76             77         1 0.268393488      1          0
54             78             79         2 0.251880277      1          0
55              0              0         0 0.000000000     -1          2
56             80             81         2 0.513775845      1          0
57              0              0         0 0.000000000     -1          2
58              0              0         0 0.000000000     -1          1
59              0              0         0 0.000000000     -1          2
60             82             83         2 0.067116862      1          0
61              0              0         0 0.000000000     -1          2
62              0              0         0 0.000000000     -1          1
63              0              0         0 0.000000000     -1          1
64              0              0         0 0.000000000     -1          1
65             84             85         2 0.700439801      1          0
66              0              0         0 0.000000000     -1          1
67              0              0         0 0.000000000     -1          1
68             86             87         2 0.785821856      1          0
69              0              0         0 0.000000000     -1          1
70              0              0         0 0.000000000     -1          2
71             88             89         2 0.912753063      1          0
72              0              0         0 0.000000000     -1          2
73              0              0         0 0.000000000     -1          2
74              0              0         0 0.000000000     -1          1
75              0              0         0 0.000000000     -1          2
76              0              0         0 0.000000000     -1          1
77              0              0         0 0.000000000     -1          1
78              0              0         0 0.000000000     -1          1
79             90             91         2 0.443419047      1          0
80              0              0         0 0.000000000     -1          2
81              0              0         0 0.000000000     -1          1
82              0              0         0 0.000000000     -1          1
83             92             93         2 0.117080878      1          0
84              0              0         0 0.000000000     -1          2
85             94             95         2 0.715115510      1          0
86             96             97         2 0.785533897      1          0
87              0              0         0 0.000000000     -1          2
88             98             99         1 0.424413560      1          0
89            100            101         1 0.693307641      1          0
90            102            103         1 0.252540838      1          0
91              0              0         0 0.000000000     -1          2
92              0              0         0 0.000000000     -1          1
93            104            105         2 0.119409902      1          0
94              0              0         0 0.000000000     -1          2
95              0              0         0 0.000000000     -1          2
96              0              0         0 0.000000000     -1          2
97              0              0         0 0.000000000     -1          1
98              0              0         0 0.000000000     -1          2
99              0              0         0 0.000000000     -1          2
100             0              0         0 0.000000000     -1          2
101           106            107         2 0.980481786      1          0
102           108            109         2 0.289902390      1          0
103             0              0         0 0.000000000     -1          1
104             0              0         0 0.000000000     -1          2
105           110            111         2 0.127629115      1          0
106             0              0         0 0.000000000     -1          2
107             0              0         0 0.000000000     -1          2
108             0              0         0 0.000000000     -1          2
109           112            113         1 0.240885273      1          0
110             0              0         0 0.000000000     -1          1
111           114            115         2 0.306478519      1          0
112             0              0         0 0.000000000     -1          2
113             0              0         0 0.000000000     -1          2
114           116            117         2 0.305528168      1          0
115           118            119         2 0.350759629      1          0
116           120            121         1 0.832532639      1          0
117             0              0         0 0.000000000     -1          2
118             0              0         0 0.000000000     -1          1
119           122            123         2 0.357458449      1          0
120           124            125         1 0.613816098      1          0
121           126            127         1 0.863757812      1          0
122             0              0         0 0.000000000     -1          2
123           128            129         2 0.385235893      1          0
124           130            131         2 0.241532004      1          0
125             0              0         0 0.000000000     -1          1
126             0              0         0 0.000000000     -1          2
127           132            133         1 0.941825762      1          0
128             0              0         0 0.000000000     -1          1
129             0              0         0 0.000000000     -1          1
130             0              0         0 0.000000000     -1          1
131             0              0         0 0.000000000     -1          1
132             0              0         0 0.000000000     -1          1
133             0              0         0 0.000000000     -1          1
