   left daughter right daughter split var split point status prediction
1              2              3         1  0.29634823      1          0
2              4              5         2  0.49738672      1          0
3              6              7         1  0.74341806      1          0
4              8              9         2  0.01506629      1          0
5             10             11         2  0.55219473      1          0
6             12             13         2  0.89922760      1          0
7             14             15         1  0.77235643      1          0
8              0              0         0  0.00000000     -1          1
9             16             17         2  0.11946214      1          0
10             0              0         0  0.00000000     -1          2
11            18             19         2  0.97385601      1          0
12            20             21         2  0.88128267      1          0
13            22             23         2  0.94282293      1          0
14            24             25         2  0.43332510      1          0
15            26             27         2  0.49910223      1          0
16             0              0         0  0.00000000     -1          1
17            28             29         2  0.12889343      1          0
18            30             31         2  0.87479976      1          0
19             0              0         0  0.00000000     -1          1
20            32             33         1  0.49069315      1          0
21             0              0         0  0.00000000     -1          2
22            34             35         2  0.94238416      1          0
23            36             37         1  0.60748781      1          0
24             0              0         0  0.00000000     -1          2
25             0              0         0  0.00000000     -1          1
26            38             39         1  0.99510804      1          0
27            40             41         2  0.90353978      1          0
28             0              0         0  0.00000000     -1          2
29            42             43         1  0.16937281      1          0
30            44             45         2  0.79930062      1          0
31            46             47         2  0.87629920      1          0
32            48             49         1  0.48697420      1          0
33            50             51         1  0.51851793      1          0
34            52             53         1  0.35240242      1          0
35             0              0         0  0.00000000     -1          1
36            54             55         2  0.94481684      1          0
37             0              0         0  0.00000000     -1          1
38            56             57         2  0.30260881      1          0
39             0              0         0  0.00000000     -1          2
40            58             59         1  0.85616074      1          0
41            60             61         2  0.91014730      1          0
42            62             63         2  0.48684194      1          0
43             0              0         0  0.00000000     -1          1
44             0              0         0  0.00000000     -1          2
45             0              0         0  0.00000000     -1          2
46             0              0         0  0.00000000     -1          1
47             0              0         0  0.00000000     -1          2
48             0              0         0  0.00000000     -1          2
49             0              0         0  0.00000000     -1          1
50             0              0         0  0.00000000     -1          2
51             0              0         0  0.00000000     -1          2
52             0              0         0  0.00000000     -1          2
53             0              0         0  0.00000000     -1          1
54             0              0         0  0.00000000     -1          2
55             0              0         0  0.00000000     -1          2
56             0              0         0  0.00000000     -1          2
57             0              0         0  0.00000000     -1          2
58             0              0         0  0.00000000     -1          1
59             0              0         0  0.00000000     -1          1
60             0              0         0  0.00000000     -1          2
61             0              0         0  0.00000000     -1          1
62             0              0         0  0.00000000     -1          1
63             0              0         0  0.00000000     -1          2
