   left daughter right daughter split var split point status prediction
1              2              3         2  0.98642009      1          0
2              4              5         1  0.92987255      1          0
3              0              0         0  0.00000000     -1          1
4              6              7         2  0.96116831      1          0
5              8              9         1  0.94159072      1          0
6             10             11         2  0.01961522      1          0
7             12             13         2  0.96681095      1          0
8              0              0         0  0.00000000     -1          2
9             14             15         1  0.94394166      1          0
10            16             17         1  0.55282063      1          0
11            18             19         2  0.05761681      1          0
12             0              0         0  0.00000000     -1          2
13             0              0         0  0.00000000     -1          2
14             0              0         0  0.00000000     -1          1
15            20             21         2  0.59675384      1          0
16             0              0         0  0.00000000     -1          1
17             0              0         0  0.00000000     -1          2
18            22             23         2  0.03588825      1          0
19            24             25         1  0.73999072      1          0
20            26             27         2  0.23685629      1          0
21            28             29         2  0.90353978      1          0
22            30             31         1  0.46625309      1          0
23            32             33         2  0.05347840      1          0
24            34             35         2  0.49606870      1          0
25            36             37         2  0.49723349      1          0
26            38             39         1  0.99424114      1          0
27            40             41         2  0.31523475      1          0
28             0              0         0  0.00000000     -1          1
29             0              0         0  0.00000000     -1          2
30             0              0         0  0.00000000     -1          1
31             0              0         0  0.00000000     -1          2
32             0              0         0  0.00000000     -1          2
33             0              0         0  0.00000000     -1          2
34            42             43         2  0.37255004      1          0
35            44             45         1  0.50057777      1          0
36            46             47         2  0.45528598      1          0
37            48             49         2  0.77455810      1          0
38             0              0         0  0.00000000     -1          2
39             0              0         0  0.00000000     -1          2
40             0              0         0  0.00000000     -1          1
41            50             51         1  0.96907652      1          0
42            52             53         2  0.35348954      1          0
43            54             55         2  0.38670393      1          0
44            56             57         1  0.35999936      1          0
45            58             59         1  0.72732525      1          0
46            60             61         2  0.29745866      1          0
47             0              0         0  0.00000000     -1          2
48            62             63         1  0.88456259      1          0
49             0              0         0  0.00000000     -1          1
50             0              0         0  0.00000000     -1          2
51             0              0         0  0.00000000     -1          2
52             0              0         0  0.00000000     -1          1
53             0              0         0  0.00000000     -1          1
54             0              0         0  0.00000000     -1          2
55             0              0         0  0.00000000     -1          1
56             0              0         0  0.00000000     -1          2
57             0              0         0  0.00000000     -1          2
58             0              0         0  0.00000000     -1          1
59             0              0         0  0.00000000     -1          2
60             0              0         0  0.00000000     -1          2
61             0              0         0  0.00000000     -1          2
62             0              0         0  0.00000000     -1          1
63             0              0         0  0.00000000     -1          1
