   left daughter right daughter split var split point status prediction
1              2              3         2  0.15928035      1          0
2              4              5         2  0.02542650      1          0
3              6              7         2  0.36377777      1          0
4              0              0         0  0.00000000     -1          1
5              8              9         1  0.50045335      1          0
6             10             11         1  0.53125660      1          0
7             12             13         1  0.52457715      1          0
8             14             15         1  0.02301871      1          0
9             16             17         1  0.89975922      1          0
10            18             19         1  0.35656337      1          0
11            20             21         2  0.16286954      1          0
12            22             23         1  0.02261139      1          0
13            24             25         1  0.96057565      1          0
14             0              0         0  0.00000000     -1          2
15            26             27         2  0.14676337      1          0
16            28             29         1  0.86551138      1          0
17             0              0         0  0.00000000     -1          2
18            30             31         2  0.34796783      1          0
19            32             33         1  0.36675538      1          0
20             0              0         0  0.00000000     -1          1
21            34             35         2  0.23909257      1          0
22            36             37         2  0.55009604      1          0
23            38             39         2  0.48684194      1          0
24            40             41         2  0.49683268      1          0
25            42             43         2  0.59675384      1          0
26             0              0         0  0.00000000     -1          1
27             0              0         0  0.00000000     -1          2
28            44             45         1  0.69063819      1          0
29             0              0         0  0.00000000     -1          1
30            46             47         1  0.15389715      1          0
31             0              0         0  0.00000000     -1          1
32             0              0         0  0.00000000     -1          2
33            48             49         2  0.30882504      1          0
34            50             51         2  0.18643940      1          0
35            52             53         1  0.67675284      1          0
36             0              0         0  0.00000000     -1          1
37             0              0         0  0.00000000     -1          2
38            54             55         2  0.37689786      1          0
39            56             57         2  0.95457081      1          0
40            58             59         1  0.65147943      1          0
41            60             61         1  0.85240226      1          0
42             0              0         0  0.00000000     -1          2
43            62             63         1  0.97094560      1          0
44             0              0         0  0.00000000     -1          2
45             0              0         0  0.00000000     -1          2
46             0              0         0  0.00000000     -1          1
47             0              0         0  0.00000000     -1          1
48             0              0         0  0.00000000     -1          1
49             0              0         0  0.00000000     -1          1
50             0              0         0  0.00000000     -1          2
51             0              0         0  0.00000000     -1          2
52             0              0         0  0.00000000     -1          2
53             0              0         0  0.00000000     -1          2
54             0              0         0  0.00000000     -1          2
55             0              0         0  0.00000000     -1          1
56             0              0         0  0.00000000     -1          2
57             0              0         0  0.00000000     -1          2
58             0              0         0  0.00000000     -1          2
59             0              0         0  0.00000000     -1          2
60             0              0         0  0.00000000     -1          1
61             0              0         0  0.00000000     -1          1
62             0              0         0  0.00000000     -1          2
63             0              0         0  0.00000000     -1          1
