   left daughter right daughter split var split point status prediction
1              2              3         1  0.73980539      1          0
2              4              5         2  0.50415973      1          0
3              6              7         1  0.98151251      1          0
4              8              9         1  0.49537404      1          0
5             10             11         1  0.50008318      1          0
6             12             13         1  0.78705213      1          0
7             14             15         2  0.67697645      1          0
8             16             17         1  0.47808333      1          0
9             18             19         1  0.62469589      1          0
10            20             21         1  0.16936942      1          0
11            22             23         1  0.72924019      1          0
12            24             25         2  0.41047710      1          0
13            26             27         1  0.86243890      1          0
14            28             29         2  0.13046588      1          0
15             0              0         0  0.00000000     -1          1
16            30             31         1  0.39572799      1          0
17             0              0         0  0.00000000     -1          1
18            32             33         1  0.55238237      1          0
19            34             35         1  0.64404361      1          0
20            36             37         1  0.08400131      1          0
21            38             39         2  0.58414955      1          0
22            40             41         2  0.82708742      1          0
23             0              0         0  0.00000000     -1          2
24             0              0         0  0.00000000     -1          2
25             0              0         0  0.00000000     -1          1
26            42             43         2  0.43583999      1          0
27            44             45         1  0.97170659      1          0
28             0              0         0  0.00000000     -1          2
29             0              0         0  0.00000000     -1          2
30            46             47         1  0.37737458      1          0
31             0              0         0  0.00000000     -1          1
32            48             49         1  0.54947323      1          0
33             0              0         0  0.00000000     -1          2
34             0              0         0  0.00000000     -1          1
35            50             51         1  0.67675284      1          0
36             0              0         0  0.00000000     -1          2
37            52             53         2  0.97061556      1          0
38             0              0         0  0.00000000     -1          2
39            54             55         2  0.58659726      1          0
40            56             57         2  0.67138899      1          0
41            58             59         1  0.58901447      1          0
42            60             61         2  0.04081787      1          0
43            62             63         2  0.77455810      1          0
44             0              0         0  0.00000000     -1          1
45             0              0         0  0.00000000     -1          1
46             0              0         0  0.00000000     -1          1
47             0              0         0  0.00000000     -1          2
48             0              0         0  0.00000000     -1          2
49             0              0         0  0.00000000     -1          1
50             0              0         0  0.00000000     -1          2
51             0              0         0  0.00000000     -1          2
52             0              0         0  0.00000000     -1          2
53             0              0         0  0.00000000     -1          2
54             0              0         0  0.00000000     -1          1
55             0              0         0  0.00000000     -1          2
56             0              0         0  0.00000000     -1          1
57             0              0         0  0.00000000     -1          1
58             0              0         0  0.00000000     -1          1
59             0              0         0  0.00000000     -1          1
60             0              0         0  0.00000000     -1          1
61             0              0         0  0.00000000     -1          2
62             0              0         0  0.00000000     -1          1
63             0              0         0  0.00000000     -1          1
