   left daughter right daughter split var split point status prediction
1              2              3         1   0.7140041      1          0
2              4              5         1   0.3769282      1          0
3              6              7         2   0.4968429      1          0
4              8              9         1   0.3530589      1          0
5             10             11         2   0.5284878      1          0
6             12             13         1   0.7255839      1          0
7             14             15         2   0.6074612      1          0
8             16             17         1   0.2880572      1          0
9             18             19         2   0.4896069      1          0
10            20             21         1   0.4953740      1          0
11            22             23         1   0.5004121      1          0
12             0              0         0   0.0000000     -1          2
13            24             25         2   0.3003400      1          0
14            26             27         2   0.5876897      1          0
15            28             29         1   0.9356655      1          0
16            30             31         1   0.2778726      1          0
17            32             33         1   0.3126932      1          0
18            34             35         2   0.2878186      1          0
19             0              0         0   0.0000000     -1          1
20            36             37         1   0.3817008      1          0
21            38             39         2   0.4835534      1          0
22            40             41         2   0.9016307      1          0
23            42             43         1   0.7133296      1          0
24            44             45         2   0.2931121      1          0
25            46             47         2   0.4556929      1          0
26            48             49         1   0.8867400      1          0
27             0              0         0   0.0000000     -1          2
28            50             51         1   0.7401156      1          0
29            52             53         1   0.9437995      1          0
30            54             55         1   0.1693728      1          0
31             0              0         0   0.0000000     -1          1
32            56             57         1   0.3004276      1          0
33            58             59         2   0.6869105      1          0
34             0              0         0   0.0000000     -1          1
35             0              0         0   0.0000000     -1          1
36             0              0         0   0.0000000     -1          2
37            60             61         2   0.5069551      1          0
38            62             63         2   0.1358222      1          0
39             0              0         0   0.0000000     -1          1
40             0              0         0   0.0000000     -1          2
41             0              0         0   0.0000000     -1          2
42             0              0         0   0.0000000     -1          1
43             0              0         0   0.0000000     -1          2
44             0              0         0   0.0000000     -1          2
45             0              0         0   0.0000000     -1          1
46             0              0         0   0.0000000     -1          2
47             0              0         0   0.0000000     -1          2
48             0              0         0   0.0000000     -1          1
49             0              0         0   0.0000000     -1          1
50             0              0         0   0.0000000     -1          1
51             0              0         0   0.0000000     -1          1
52             0              0         0   0.0000000     -1          2
53             0              0         0   0.0000000     -1          1
54             0              0         0   0.0000000     -1          2
55             0              0         0   0.0000000     -1          1
56             0              0         0   0.0000000     -1          2
57             0              0         0   0.0000000     -1          2
58             0              0         0   0.0000000     -1          1
59             0              0         0   0.0000000     -1          2
60             0              0         0   0.0000000     -1          1
61             0              0         0   0.0000000     -1          2
62             0              0         0   0.0000000     -1          2
63             0              0         0   0.0000000     -1          2
