   left daughter right daughter split var split point status prediction
1              2              3         1 0.978409839      1          0
2              4              5         2 0.082396017      1          0
3              6              7         2 0.625759317      1          0
4              8              9         2 0.005315672      1          0
5             10             11         2 0.968585719      1          0
6              0              0         0 0.000000000     -1          2
7              0              0         0 0.000000000     -1          1
8              0              0         0 0.000000000     -1          1
9             12             13         1 0.489028299      1          0
10            14             15         1 0.734241578      1          0
11            16             17         1 0.583054779      1          0
12            18             19         2 0.027132238      1          0
13            20             21         2 0.034052754      1          0
14            22             23         2 0.504159729      1          0
15            24             25         2 0.497233494      1          0
16            26             27         2 0.974494002      1          0
17             0              0         0 0.000000000     -1          1
18             0              0         0 0.000000000     -1          2
19            28             29         2 0.078230230      1          0
20             0              0         0 0.000000000     -1          2
21            30             31         2 0.057616809      1          0
22            32             33         2 0.480830581      1          0
23            34             35         1 0.500412122      1          0
24            36             37         2 0.089760422      1          0
25            38             39         2 0.893755133      1          0
26             0              0         0 0.000000000     -1          2
27             0              0         0 0.000000000     -1          2
28             0              0         0 0.000000000     -1          1
29             0              0         0 0.000000000     -1          2
30             0              0         0 0.000000000     -1          2
31            40             41         1 0.693699731      1          0
32            42             43         1 0.475681151      1          0
33            44             45         2 0.496062411      1          0
34            46             47         2 0.666685149      1          0
35            48             49         1 0.729240186      1          0
36             0              0         0 0.000000000     -1          1
37            50             51         2 0.300340039      1          0
38            52             53         1 0.945559335      1          0
39            54             55         1 0.928427511      1          0
40             0              0         0 0.000000000     -1          2
41             0              0         0 0.000000000     -1          2
42            56             57         1 0.381700772      1          0
43            58             59         2 0.316539866      1          0
44             0              0         0 0.000000000     -1          1
45             0              0         0 0.000000000     -1          2
46            60             61         1 0.248583304      1          0
47            62             63         1 0.002908591      1          0
48             0              0         0 0.000000000     -1          1
49             0              0         0 0.000000000     -1          2
50             0              0         0 0.000000000     -1          2
51             0              0         0 0.000000000     -1          2
52             0              0         0 0.000000000     -1          1
53             0              0         0 0.000000000     -1          1
54             0              0         0 0.000000000     -1          1
55             0              0         0 0.000000000     -1          2
56             0              0         0 0.000000000     -1          1
57             0              0         0 0.000000000     -1          1
58             0              0         0 0.000000000     -1          2
59             0              0         0 0.000000000     -1          2
60             0              0         0 0.000000000     -1          2
61             0              0         0 0.000000000     -1          2
62             0              0         0 0.000000000     -1          1
63             0              0         0 0.000000000     -1          2
