   left daughter right daughter split var split point status prediction
1              2              3         2 0.003039413      1          0
2              0              0         0 0.000000000     -1          1
3              4              5         1 0.254603080      1          0
4              6              7         2 0.496507255      1          0
5              8              9         1 0.979542401      1          0
6             10             11         1 0.042426828      1          0
7             12             13         2 0.870572539      1          0
8             14             15         2 0.499751974      1          0
9             16             17         2 0.595992573      1          0
10            18             19         1 0.021154376      1          0
11            20             21         2 0.018822346      1          0
12            22             23         2 0.678689858      1          0
13            24             25         2 0.876010115      1          0
14            26             27         2 0.329697166      1          0
15            28             29         2 0.506327572      1          0
16            30             31         2 0.130465879      1          0
17             0              0         0 0.000000000     -1          1
18             0              0         0 0.000000000     -1          1
19             0              0         0 0.000000000     -1          2
20             0              0         0 0.000000000     -1          2
21            32             33         2 0.302741937      1          0
22            34             35         1 0.248583304      1          0
23            36             37         2 0.688099283      1          0
24             0              0         0 0.000000000     -1          1
25            38             39         1 0.008546924      1          0
26            40             41         2 0.155889474      1          0
27            42             43         2 0.353489535      1          0
28             0              0         0 0.000000000     -1          1
29            44             45         2 0.607676113      1          0
30             0              0         0 0.000000000     -1          2
31             0              0         0 0.000000000     -1          2
32            46             47         1 0.178448957      1          0
33             0              0         0 0.000000000     -1          1
34             0              0         0 0.000000000     -1          2
35             0              0         0 0.000000000     -1          1
36             0              0         0 0.000000000     -1          1
37            48             49         2 0.827510604      1          0
38             0              0         0 0.000000000     -1          1
39            50             51         1 0.186661949      1          0
40            52             53         2 0.139311236      1          0
41            54             55         2 0.164639520      1          0
42            56             57         1 0.501694035      1          0
43            58             59         1 0.468092773      1          0
44            60             61         1 0.498129390      1          0
45            62             63         1 0.500577774      1          0
46             0              0         0 0.000000000     -1          1
47             0              0         0 0.000000000     -1          1
48             0              0         0 0.000000000     -1          2
49             0              0         0 0.000000000     -1          2
50             0              0         0 0.000000000     -1          2
51             0              0         0 0.000000000     -1          2
52             0              0         0 0.000000000     -1          2
53             0              0         0 0.000000000     -1          2
54             0              0         0 0.000000000     -1          1
55             0              0         0 0.000000000     -1          2
56             0              0         0 0.000000000     -1          1
57             0              0         0 0.000000000     -1          2
58             0              0         0 0.000000000     -1          1
59             0              0         0 0.000000000     -1          2
60             0              0         0 0.000000000     -1          2
61             0              0         0 0.000000000     -1          1
62             0              0         0 0.000000000     -1          2
63             0              0         0 0.000000000     -1          1
