   left daughter right daughter split var split point status prediction
1              2              3         2 0.061534172      1          0
2              4              5         2 0.009153997      1          0
3              6              7         2 0.984961323      1          0
4              0              0         0 0.000000000     -1          1
5              8              9         1 0.481182640      1          0
6             10             11         1 0.700056310      1          0
7              0              0         0 0.000000000     -1          1
8              0              0         0 0.000000000     -1          1
9             12             13         1 0.667669255      1          0
10            14             15         2 0.548878427      1          0
11            16             17         1 0.991517758      1          0
12             0              0         0 0.000000000     -1          2
13            18             19         2 0.057616809      1          0
14            20             21         1 0.476237338      1          0
15            22             23         2 0.740924052      1          0
16            24             25         2 0.496842894      1          0
17             0              0         0 0.000000000     -1          2
18            26             27         1 0.725583949      1          0
19             0              0         0 0.000000000     -1          2
20            28             29         1 0.275191180      1          0
21            30             31         2 0.499976348      1          0
22            32             33         2 0.672145570      1          0
23            34             35         1 0.497983994      1          0
24            36             37         1 0.897861125      1          0
25            38             39         1 0.980523296      1          0
26             0              0         0 0.000000000     -1          2
27             0              0         0 0.000000000     -1          2
28            40             41         1 0.178998123      1          0
29            42             43         1 0.282821907      1          0
30            44             45         2 0.139311236      1          0
31             0              0         0 0.000000000     -1          1
32            46             47         1 0.591534416      1          0
33            48             49         2 0.690825118      1          0
34            50             51         1 0.359999356      1          0
35            52             53         2 0.961315318      1          0
36            54             55         1 0.816972990      1          0
37            56             57         2 0.092733623      1          0
38            58             59         2 0.596753837      1          0
39             0              0         0 0.000000000     -1          1
40            60             61         1 0.123707104      1          0
41             0              0         0 0.000000000     -1          1
42             0              0         0 0.000000000     -1          2
43            62             63         2 0.501987343      1          0
44             0              0         0 0.000000000     -1          2
45             0              0         0 0.000000000     -1          2
46             0              0         0 0.000000000     -1          2
47             0              0         0 0.000000000     -1          1
48             0              0         0 0.000000000     -1          2
49             0              0         0 0.000000000     -1          2
50             0              0         0 0.000000000     -1          2
51             0              0         0 0.000000000     -1          2
52             0              0         0 0.000000000     -1          1
53             0              0         0 0.000000000     -1          2
54             0              0         0 0.000000000     -1          2
55             0              0         0 0.000000000     -1          2
56             0              0         0 0.000000000     -1          1
57             0              0         0 0.000000000     -1          2
58             0              0         0 0.000000000     -1          1
59             0              0         0 0.000000000     -1          1
60             0              0         0 0.000000000     -1          1
61             0              0         0 0.000000000     -1          1
62             0              0         0 0.000000000     -1          1
63             0              0         0 0.000000000     -1          2
