   left daughter right daughter split var split point status prediction
1              2              3         2  0.98516943      1          0
2              4              5         1  0.01995502      1          0
3              6              7         2  0.99906250      1          0
4              8              9         1  0.01599551      1          0
5             10             11         2  0.97940662      1          0
6             12             13         2  0.99797813      1          0
7              0              0         0  0.00000000     -1          2
8              0              0         0  0.00000000     -1          1
9              0              0         0  0.00000000     -1          1
10            14             15         2  0.02542650      1          0
11             0              0         0  0.00000000     -1          2
12             0              0         0  0.00000000     -1          1
13             0              0         0  0.00000000     -1          1
14            16             17         2  0.02232783      1          0
15            18             19         2  0.08239602      1          0
16            20             21         2  0.01961522      1          0
17             0              0         0  0.00000000     -1          1
18            22             23         1  0.48698336      1          0
19            24             25         2  0.09177177      1          0
20             0              0         0  0.00000000     -1          1
21             0              0         0  0.00000000     -1          2
22             0              0         0  0.00000000     -1          1
23            26             27         1  0.82862684      1          0
24             0              0         0  0.00000000     -1          1
25            28             29         2  0.09877155      1          0
26             0              0         0  0.00000000     -1          2
27             0              0         0  0.00000000     -1          2
28             0              0         0  0.00000000     -1          2
29            30             31         1  0.17041940      1          0
30            32             33         1  0.15960002      1          0
31            34             35         1  0.25411489      1          0
32            36             37         2  0.50005397      1          0
33             0              0         0  0.00000000     -1          2
34            38             39         1  0.24858330      1          0
35            40             41         2  0.52848780      1          0
36            42             43         2  0.22832430      1          0
37            44             45         1  0.14771939      1          0
38            46             47         2  0.49650726      1          0
39             0              0         0  0.00000000     -1          1
40            48             49         2  0.09998319      1          0
41            50             51         2  0.54917345      1          0
42            52             53         2  0.19679347      1          0
43            54             55         2  0.42707412      1          0
44            56             57         2  0.82418511      1          0
45             0              0         0  0.00000000     -1          1
46            58             59         2  0.22816146      1          0
47            60             61         2  0.95321235      1          0
48             0              0         0  0.00000000     -1          1
49            62             63         1  0.47623734      1          0
50             0              0         0  0.00000000     -1          1
51             0              0         0  0.00000000     -1          1
52             0              0         0  0.00000000     -1          1
53             0              0         0  0.00000000     -1          2
54             0              0         0  0.00000000     -1          1
55             0              0         0  0.00000000     -1          1
56             0              0         0  0.00000000     -1          2
57             0              0         0  0.00000000     -1          2
58             0              0         0  0.00000000     -1          1
59             0              0         0  0.00000000     -1          1
60             0              0         0  0.00000000     -1          2
61             0              0         0  0.00000000     -1          1
62             0              0         0  0.00000000     -1          1
63             0              0         0  0.00000000     -1          2
