   left daughter right daughter split var split point status prediction
1              2              3         2  0.96522079      1          0
2              4              5         2  0.90257306      1          0
3              6              7         1  0.54079334      1          0
4              8              9         2  0.87666293      1          0
5             10             11         2  0.91901453      1          0
6              0              0         0  0.00000000     -1          2
7             12             13         1  0.79485705      1          0
8             14             15         2  0.69729598      1          0
9             16             17         1  0.60316513      1          0
10             0              0         0  0.00000000     -1          1
11            18             19         2  0.95840584      1          0
12             0              0         0  0.00000000     -1          1
13             0              0         0  0.00000000     -1          2
14            20             21         1  0.49048448      1          0
15            22             23         2  0.82188575      1          0
16            24             25         1  0.37113061      1          0
17             0              0         0  0.00000000     -1          1
18            26             27         1  0.48188549      1          0
19             0              0         0  0.00000000     -1          1
20            28             29         2  0.49738672      1          0
21            30             31         1  0.72256976      1          0
22            32             33         1  0.51496453      1          0
23            34             35         1  0.50586417      1          0
24             0              0         0  0.00000000     -1          2
25             0              0         0  0.00000000     -1          2
26            36             37         2  0.95323368      1          0
27            38             39         1  0.89263371      1          0
28            40             41         2  0.48760220      1          0
29            42             43         1  0.27967941      1          0
30            44             45         1  0.51851793      1          0
31            46             47         2  0.49660831      1          0
32            48             49         1  0.02544313      1          0
33            50             51         1  0.88456259      1          0
34            52             53         2  0.87479976      1          0
35            54             55         2  0.82789686      1          0
36             0              0         0  0.00000000     -1          2
37             0              0         0  0.00000000     -1          2
38             0              0         0  0.00000000     -1          1
39             0              0         0  0.00000000     -1          2
40            56             57         1  0.20980521      1          0
41             0              0         0  0.00000000     -1          1
42             0              0         0  0.00000000     -1          2
43            58             59         1  0.29295183      1          0
44             0              0         0  0.00000000     -1          2
45            60             61         1  0.51945828      1          0
46            62             63         2  0.45528598      1          0
47             0              0         0  0.00000000     -1          1
48             0              0         0  0.00000000     -1          1
49             0              0         0  0.00000000     -1          2
50             0              0         0  0.00000000     -1          1
51             0              0         0  0.00000000     -1          1
52             0              0         0  0.00000000     -1          2
53             0              0         0  0.00000000     -1          1
54             0              0         0  0.00000000     -1          2
55             0              0         0  0.00000000     -1          1
56             0              0         0  0.00000000     -1          1
57             0              0         0  0.00000000     -1          1
58             0              0         0  0.00000000     -1          1
59             0              0         0  0.00000000     -1          2
60             0              0         0  0.00000000     -1          1
61             0              0         0  0.00000000     -1          2
62             0              0         0  0.00000000     -1          2
63             0              0         0  0.00000000     -1          2
