   left daughter right daughter split var split point status prediction
1              2              3         2 0.098771554      1          0
2              4              5         2 0.009561848      1          0
3              6              7         2 0.414359765      1          0
4              0              0         0 0.000000000     -1          1
5              8              9         1 0.494829017      1          0
6             10             11         2 0.293941492      1          0
7             12             13         2 0.423321038      1          0
8             14             15         2 0.021856042      1          0
9             16             17         2 0.059290915      1          0
10            18             19         2 0.276142824      1          0
11            20             21         1 0.497777596      1          0
12             0              0         0 0.000000000     -1          2
13            22             23         2 0.438428730      1          0
14             0              0         0 0.000000000     -1          1
15            24             25         2 0.078794080      1          0
16            26             27         1 0.874778310      1          0
17             0              0         0 0.000000000     -1          2
18            28             29         1 0.500869445      1          0
19            30             31         2 0.283937290      1          0
20            32             33         2 0.372856967      1          0
21            34             35         1 0.864352753      1          0
22            36             37         1 0.494861153      1          0
23            38             39         2 0.455151482      1          0
24             0              0         0 0.000000000     -1          1
25             0              0         0 0.000000000     -1          1
26            40             41         2 0.056347174      1          0
27             0              0         0 0.000000000     -1          2
28            42             43         2 0.255235138      1          0
29            44             45         1 0.994241143      1          0
30             0              0         0 0.000000000     -1          2
31             0              0         0 0.000000000     -1          2
32            46             47         2 0.317460029      1          0
33            48             49         2 0.375734599      1          0
34            50             51         1 0.521509505      1          0
35             0              0         0 0.000000000     -1          2
36             0              0         0 0.000000000     -1          1
37             0              0         0 0.000000000     -1          2
38             0              0         0 0.000000000     -1          2
39            52             53         1 0.500248834      1          0
40            54             55         1 0.828626840      1          0
41             0              0         0 0.000000000     -1          1
42            56             57         1 0.297163779      1          0
43             0              0         0 0.000000000     -1          1
44            58             59         1 0.804610761      1          0
45             0              0         0 0.000000000     -1          1
46             0              0         0 0.000000000     -1          1
47            60             61         1 0.107155475      1          0
48             0              0         0 0.000000000     -1          2
49            62             63         2 0.398124108      1          0
50             0              0         0 0.000000000     -1          2
51             0              0         0 0.000000000     -1          2
52             0              0         0 0.000000000     -1          2
53             0              0         0 0.000000000     -1          1
54             0              0         0 0.000000000     -1          2
55             0              0         0 0.000000000     -1          1
56             0              0         0 0.000000000     -1          1
57             0              0         0 0.000000000     -1          1
58             0              0         0 0.000000000     -1          2
59             0              0         0 0.000000000     -1          2
60             0              0         0 0.000000000     -1          1
61             0              0         0 0.000000000     -1          1
62             0              0         0 0.000000000     -1          1
63             0              0         0 0.000000000     -1          1
