   left daughter right daughter split var split point status prediction
1              2              3         1 0.713055875      1          0
2              4              5         1 0.441678554      1          0
3              6              7         2 0.496842894      1          0
4              8              9         2 0.500144087      1          0
5             10             11         1 0.524577151      1          0
6             12             13         1 0.925911384      1          0
7             14             15         2 0.893928007      1          0
8             16             17         1 0.125587707      1          0
9             18             19         1 0.001683716      1          0
10            20             21         2 0.320387485      1          0
11            22             23         1 0.533504632      1          0
12            24             25         1 0.814660819      1          0
13            26             27         2 0.123985640      1          0
14            28             29         1 0.803130518      1          0
15            30             31         2 0.905721235      1          0
16            32             33         1 0.069733306      1          0
17            34             35         1 0.131771433      1          0
18             0              0         0 0.000000000     -1          1
19            36             37         1 0.285150032      1          0
20            38             39         2 0.233997452      1          0
21            40             41         1 0.501726315      1          0
22             0              0         0 0.000000000     -1          1
23            42             43         1 0.568752257      1          0
24            44             45         1 0.774951870      1          0
25            46             47         2 0.304865661      1          0
26             0              0         0 0.000000000     -1          2
27            48             49         2 0.130465879      1          0
28             0              0         0 0.000000000     -1          1
29            50             51         1 0.805828213      1          0
30             0              0         0 0.000000000     -1          2
31            52             53         2 0.987918215      1          0
32            54             55         2 0.109931378      1          0
33            56             57         2 0.282023054      1          0
34             0              0         0 0.000000000     -1          2
35            58             59         1 0.395727994      1          0
36            60             61         2 0.793035937      1          0
37            62             63         1 0.356518695      1          0
38             0              0         0 0.000000000     -1          2
39             0              0         0 0.000000000     -1          1
40             0              0         0 0.000000000     -1          2
41             0              0         0 0.000000000     -1          2
42             0              0         0 0.000000000     -1          2
43             0              0         0 0.000000000     -1          2
44             0              0         0 0.000000000     -1          2
45             0              0         0 0.000000000     -1          2
46             0              0         0 0.000000000     -1          1
47             0              0         0 0.000000000     -1          2
48             0              0         0 0.000000000     -1          1
49             0              0         0 0.000000000     -1          2
50             0              0         0 0.000000000     -1          2
51             0              0         0 0.000000000     -1          1
52             0              0         0 0.000000000     -1          1
53             0              0         0 0.000000000     -1          1
54             0              0         0 0.000000000     -1          1
55             0              0         0 0.000000000     -1          1
56             0              0         0 0.000000000     -1          1
57             0              0         0 0.000000000     -1          1
58             0              0         0 0.000000000     -1          1
59             0              0         0 0.000000000     -1          1
60             0              0         0 0.000000000     -1          2
61             0              0         0 0.000000000     -1          2
62             0              0         0 0.000000000     -1          2
63             0              0         0 0.000000000     -1          2
