   left daughter right daughter split var split point status prediction
1              2              3         2 0.019615222      1          0
2              4              5         1 0.552820626      1          0
3              6              7         1 0.254114886      1          0
4              0              0         0 0.000000000     -1          1
5              0              0         0 0.000000000     -1          2
6              8              9         1 0.186383418      1          0
7             10             11         1 0.267978209      1          0
8             12             13         1 0.097324219      1          0
9             14             15         1 0.199590414      1          0
10             0              0         0 0.000000000     -1          2
11            16             17         2 0.484934724      1          0
12            18             19         1 0.006518534      1          0
13            20             21         2 0.519825653      1          0
14             0              0         0 0.000000000     -1          1
15            22             23         1 0.204272310      1          0
16            24             25         2 0.159280350      1          0
17            26             27         1 0.500412122      1          0
18             0              0         0 0.000000000     -1          2
19            28             29         2 0.493227893      1          0
20            30             31         1 0.161675770      1          0
21            32             33         2 0.809206996      1          0
22             0              0         0 0.000000000     -1          2
23            34             35         1 0.229730564      1          0
24            36             37         2 0.132417737      1          0
25            38             39         1 0.495260904      1          0
26            40             41         1 0.455616536      1          0
27            42             43         1 0.510726942      1          0
28            44             45         1 0.024292952      1          0
29            46             47         1 0.023486167      1          0
30            48             49         2 0.314615482      1          0
31             0              0         0 0.000000000     -1          1
32             0              0         0 0.000000000     -1          2
33            50             51         2 0.835999162      1          0
34            52             53         2 0.558419644      1          0
35            54             55         2 0.494629960      1          0
36            56             57         2 0.129239807      1          0
37            58             59         1 0.658432883      1          0
38            60             61         2 0.371279202      1          0
39            62             63         2 0.162869539      1          0
40             0              0         0 0.000000000     -1          2
41             0              0         0 0.000000000     -1          2
42             0              0         0 0.000000000     -1          2
43             0              0         0 0.000000000     -1          1
44             0              0         0 0.000000000     -1          1
45             0              0         0 0.000000000     -1          1
46             0              0         0 0.000000000     -1          2
47             0              0         0 0.000000000     -1          2
48             0              0         0 0.000000000     -1          1
49             0              0         0 0.000000000     -1          1
50             0              0         0 0.000000000     -1          1
51             0              0         0 0.000000000     -1          2
52             0              0         0 0.000000000     -1          1
53             0              0         0 0.000000000     -1          2
54             0              0         0 0.000000000     -1          1
55             0              0         0 0.000000000     -1          2
56             0              0         0 0.000000000     -1          2
57             0              0         0 0.000000000     -1          1
58             0              0         0 0.000000000     -1          2
59             0              0         0 0.000000000     -1          2
60             0              0         0 0.000000000     -1          1
61             0              0         0 0.000000000     -1          1
62             0              0         0 0.000000000     -1          1
63             0              0         0 0.000000000     -1          2
