   left daughter right daughter split var split point status prediction
1              2              3         1 0.296807462      1          0
2              4              5         1 0.169372810      1          0
3              6              7         1 0.311985719      1          0
4              8              9         1 0.159600025      1          0
5             10             11         1 0.197050734      1          0
6             12             13         2 0.314049325      1          0
7             14             15         1 0.981204761      1          0
8             16             17         1 0.016379066      1          0
9              0              0         0 0.000000000     -1          2
10            18             19         1 0.180473126      1          0
11            20             21         1 0.282821907      1          0
12             0              0         0 0.000000000     -1          1
13             0              0         0 0.000000000     -1          2
14            22             23         1 0.973009644      1          0
15            24             25         2 0.540846650      1          0
16            26             27         1 0.005231506      1          0
17            28             29         2 0.461236453      1          0
18             0              0         0 0.000000000     -1          1
19            30             31         1 0.181386678      1          0
20            32             33         1 0.274278100      1          0
21             0              0         0 0.000000000     -1          1
22            34             35         2 0.484934724      1          0
23             0              0         0 0.000000000     -1          1
24            36             37         2 0.130465879      1          0
25             0              0         0 0.000000000     -1          1
26             0              0         0 0.000000000     -1          2
27             0              0         0 0.000000000     -1          1
28            38             39         1 0.124702333      1          0
29            40             41         1 0.108390219      1          0
30             0              0         0 0.000000000     -1          2
31             0              0         0 0.000000000     -1          1
32            42             43         2 0.500404107      1          0
33             0              0         0 0.000000000     -1          2
34            44             45         2 0.057616809      1          0
35            46             47         1 0.500412122      1          0
36             0              0         0 0.000000000     -1          2
37             0              0         0 0.000000000     -1          2
38            48             49         1 0.042426828      1          0
39            50             51         2 0.061205682      1          0
40            52             53         2 0.970474121      1          0
41            54             55         2 0.804024354      1          0
42            56             57         1 0.200631645      1          0
43            58             59         2 0.680433796      1          0
44            60             61         2 0.025105417      1          0
45            62             63         2 0.363777773      1          0
46             0              0         0 0.000000000     -1          2
47             0              0         0 0.000000000     -1          1
48             0              0         0 0.000000000     -1          1
49             0              0         0 0.000000000     -1          1
50             0              0         0 0.000000000     -1          2
51             0              0         0 0.000000000     -1          1
52             0              0         0 0.000000000     -1          2
53             0              0         0 0.000000000     -1          1
54             0              0         0 0.000000000     -1          2
55             0              0         0 0.000000000     -1          2
56             0              0         0 0.000000000     -1          2
57             0              0         0 0.000000000     -1          1
58             0              0         0 0.000000000     -1          2
59             0              0         0 0.000000000     -1          2
60             0              0         0 0.000000000     -1          2
61             0              0         0 0.000000000     -1          2
62             0              0         0 0.000000000     -1          2
63             0              0         0 0.000000000     -1          2
