   left daughter right daughter split var split point status prediction
1              2              3         2  0.15618064      1          0
2              4              5         1  0.49609715      1          0
3              6              7         1  0.73500390      1          0
4              8              9         1  0.19680991      1          0
5             10             11         2  0.03405275      1          0
6             12             13         1  0.72929863      1          0
7             14             15         1  0.78973509      1          0
8              0              0         0  0.00000000     -1          1
9             16             17         1  0.34018933      1          0
10             0              0         0  0.00000000     -1          2
11            18             19         2  0.13686569      1          0
12            20             21         2  0.49424246      1          0
13             0              0         0  0.00000000     -1          2
14            22             23         1  0.77309680      1          0
15            24             25         2  0.49351005      1          0
16            26             27         2  0.09055773      1          0
17            28             29         1  0.38433418      1          0
18            30             31         2  0.11606256      1          0
19             0              0         0  0.00000000     -1          2
20            32             33         1  0.49574154      1          0
21            34             35         2  0.94929936      1          0
22            36             37         1  0.74671747      1          0
23             0              0         0  0.00000000     -1          1
24            38             39         2  0.17034106      1          0
25            40             41         1  0.79483657      1          0
26             0              0         0  0.00000000     -1          2
27            42             43         1  0.27317274      1          0
28             0              0         0  0.00000000     -1          1
29             0              0         0  0.00000000     -1          1
30             0              0         0  0.00000000     -1          2
31             0              0         0  0.00000000     -1          2
32            44             45         1  0.47352609      1          0
33            46             47         2  0.48520658      1          0
34            48             49         1  0.50041404      1          0
35            50             51         2  0.96765168      1          0
36             0              0         0  0.00000000     -1          1
37             0              0         0  0.00000000     -1          1
38             0              0         0  0.00000000     -1          1
39            52             53         2  0.29320685      1          0
40             0              0         0  0.00000000     -1          2
41            54             55         2  0.96575002      1          0
42             0              0         0  0.00000000     -1          1
43             0              0         0  0.00000000     -1          2
44            56             57         1  0.31346169      1          0
45             0              0         0  0.00000000     -1          1
46            58             59         2  0.27223734      1          0
47             0              0         0  0.00000000     -1          1
48            60             61         2  0.82486414      1          0
49            62             63         1  0.70902033      1          0
50             0              0         0  0.00000000     -1          2
51             0              0         0  0.00000000     -1          2
52             0              0         0  0.00000000     -1          2
53             0              0         0  0.00000000     -1          2
54             0              0         0  0.00000000     -1          1
55             0              0         0  0.00000000     -1          2
56             0              0         0  0.00000000     -1          1
57             0              0         0  0.00000000     -1          1
58             0              0         0  0.00000000     -1          2
59             0              0         0  0.00000000     -1          2
60             0              0         0  0.00000000     -1          2
61             0              0         0  0.00000000     -1          2
62             0              0         0  0.00000000     -1          1
63             0              0         0  0.00000000     -1          1
