   left daughter right daughter split var split point status prediction
1              2              3         1 0.736482660      1          0
2              4              5         1 0.726944728      1          0
3              6              7         2 0.496282195      1          0
4              8              9         1 0.005231506      1          0
5              0              0         0 0.000000000     -1          2
6             10             11         2 0.255470000      1          0
7             12             13         1 0.898731444      1          0
8              0              0         0 0.000000000     -1          2
9             14             15         2 0.504397997      1          0
10            16             17         2 0.130465879      1          0
11            18             19         1 0.954132928      1          0
12            20             21         2 0.961071750      1          0
13            22             23         2 0.890726795      1          0
14            24             25         1 0.495741541      1          0
15            26             27         2 0.784605763      1          0
16            28             29         2 0.109880705      1          0
17             0              0         0 0.000000000     -1          2
18            30             31         2 0.307301107      1          0
19             0              0         0 0.000000000     -1          2
20            32             33         2 0.788600749      1          0
21             0              0         0 0.000000000     -1          1
22            34             35         1 0.934989813      1          0
23             0              0         0 0.000000000     -1          1
24            36             37         2 0.487602204      1          0
25            38             39         1 0.724710958      1          0
26            40             41         1 0.535905149      1          0
27            42             43         2 0.831834150      1          0
28            44             45         2 0.081935475      1          0
29             0              0         0 0.000000000     -1          1
30             0              0         0 0.000000000     -1          1
31            46             47         2 0.455285981      1          0
32            48             49         2 0.758909572      1          0
33            50             51         2 0.907668922      1          0
34            52             53         1 0.930218728      1          0
35             0              0         0 0.000000000     -1          1
36            54             55         1 0.476099358      1          0
37             0              0         0 0.000000000     -1          2
38            56             57         2 0.489709817      1          0
39             0              0         0 0.000000000     -1          1
40            58             59         1 0.365860417      1          0
41            60             61         2 0.774471473      1          0
42            62             63         2 0.805688481      1          0
43             0              0         0 0.000000000     -1          2
44             0              0         0 0.000000000     -1          2
45             0              0         0 0.000000000     -1          2
46             0              0         0 0.000000000     -1          2
47             0              0         0 0.000000000     -1          2
48             0              0         0 0.000000000     -1          1
49             0              0         0 0.000000000     -1          2
50             0              0         0 0.000000000     -1          1
51             0              0         0 0.000000000     -1          1
52             0              0         0 0.000000000     -1          1
53             0              0         0 0.000000000     -1          2
54             0              0         0 0.000000000     -1          1
55             0              0         0 0.000000000     -1          1
56             0              0         0 0.000000000     -1          2
57             0              0         0 0.000000000     -1          1
58             0              0         0 0.000000000     -1          2
59             0              0         0 0.000000000     -1          2
60             0              0         0 0.000000000     -1          1
61             0              0         0 0.000000000     -1          1
62             0              0         0 0.000000000     -1          2
63             0              0         0 0.000000000     -1          1
