    left daughter right daughter split var split point status prediction
1               2              3         1 0.548421386      1          0
2               4              5         1 0.101293666      1          0
3               6              7         1 0.872263004      1          0
4               8              9         1 0.080145687      1          0
5              10             11         2 0.269180080      1          0
6              12             13         1 0.862531539      1          0
7              14             15         1 0.899018105      1          0
8              16             17         1 0.057928923      1          0
9              18             19         1 0.097478404      1          0
10             20             21         2 0.237844835      1          0
11             22             23         1 0.480753286      1          0
12             24             25         1 0.848668796      1          0
13              0              0         0 0.000000000     -1          2
14             26             27         1 0.886385624      1          0
15             28             29         1 0.941345771      1          0
16             30             31         2 0.203131359      1          0
17             32             33         1 0.078694895      1          0
18              0              0         0 0.000000000     -1          1
19              0              0         0 0.000000000     -1          1
20             34             35         2 0.145559205      1          0
21              0              0         0 0.000000000     -1          1
22             36             37         1 0.273352355      1          0
23             38             39         2 0.574663332      1          0
24             40             41         2 0.748561406      1          0
25              0              0         0 0.000000000     -1          1
26              0              0         0 0.000000000     -1          1
27              0              0         0 0.000000000     -1          1
28             42             43         1 0.938366956      1          0
29             44             45         2 0.908877987      1          0
30             46             47         2 0.166130091      1          0
31             48             49         1 0.046227553      1          0
32             50             51         1 0.075943037      1          0
33              0              0         0 0.000000000     -1          2
34             52             53         2 0.084313316      1          0
35             54             55         1 0.531871056      1          0
36             56             57         1 0.163836221      1          0
37             58             59         1 0.275140565      1          0
38              0              0         0 0.000000000     -1          1
39             60             61         1 0.498361319      1          0
40             62             63         2 0.689156180      1          0
41             64             65         2 0.980037885      1          0
42             66             67         1 0.899324516      1          0
43              0              0         0 0.000000000     -1          2
44             68             69         1 0.966798219      1          0
45              0              0         0 0.000000000     -1          2
46              0              0         0 0.000000000     -1          1
47              0              0         0 0.000000000     -1          1
48             70             71         1 0.004085713      1          0
49              0              0         0 0.000000000     -1          1
50             72             73         2 0.265266039      1          0
51              0              0         0 0.000000000     -1          2
52             74             75         2 0.083675545      1          0
53              0              0         0 0.000000000     -1          1
54             76             77         1 0.132863607      1          0
55              0              0         0 0.000000000     -1          2
56             78             79         2 0.306030306      1          0
57             80             81         1 0.199819124      1          0
58              0              0         0 0.000000000     -1          1
59             82             83         1 0.334209427      1          0
60              0              0         0 0.000000000     -1          2
61              0              0         0 0.000000000     -1          2
62             84             85         1 0.829704577      1          0
63             86             87         1 0.664169331      1          0
64             88             89         2 0.766777669      1          0
65              0              0         0 0.000000000     -1          2
66              0              0         0 0.000000000     -1          2
67             90             91         2 0.816429415      1          0
68             92             93         1 0.964484502      1          0
69              0              0         0 0.000000000     -1          1
70              0              0         0 0.000000000     -1          1
71             94             95         2 0.558068534      1          0
72              0              0         0 0.000000000     -1          1
73              0              0         0 0.000000000     -1          2
74             96             97         2 0.033032973      1          0
75              0              0         0 0.000000000     -1          2
76              0              0         0 0.000000000     -1          2
77             98             99         2 0.151810454      1          0
78              0              0         0 0.000000000     -1          2
79            100            101         2 0.616177001      1          0
80            102            103         2 0.638637555      1          0
81              0              0         0 0.000000000     -1          2
82            104            105         1 0.331625298      1          0
83            106            107         1 0.373404489      1          0
84            108            109         2 0.274068782      1          0
85              0              0         0 0.000000000     -1          2
86              0              0         0 0.000000000     -1          2
87              0              0         0 0.000000000     -1          1
88              0              0         0 0.000000000     -1          2
89            110            111         1 0.738565679      1          0
90            112            113         1 0.908222516      1          0
91              0              0         0 0.000000000     -1          2
92              0              0         0 0.000000000     -1          1
93              0              0         0 0.000000000     -1          2
94              0              0         0 0.000000000     -1          2
95              0              0         0 0.000000000     -1          2
96              0              0         0 0.000000000     -1          1
97            114            115         1 0.164236386      1          0
98              0              0         0 0.000000000     -1          2
99            116            117         1 0.313641445      1          0
100             0              0         0 0.000000000     -1          2
101           118            119         2 0.638812880      1          0
102             0              0         0 0.000000000     -1          2
103             0              0         0 0.000000000     -1          2
104           120            121         2 0.829773800      1          0
105             0              0         0 0.000000000     -1          1
106             0              0         0 0.000000000     -1          2
107           122            123         1 0.373543458      1          0
108           124            125         1 0.597912601      1          0
109           126            127         1 0.658203646      1          0
110             0              0         0 0.000000000     -1          2
111             0              0         0 0.000000000     -1          2
112             0              0         0 0.000000000     -1          1
113             0              0         0 0.000000000     -1          1
114             0              0         0 0.000000000     -1          2
115             0              0         0 0.000000000     -1          1
116             0              0         0 0.000000000     -1          1
117             0              0         0 0.000000000     -1          1
118             0              0         0 0.000000000     -1          1
119             0              0         0 0.000000000     -1          2
120             0              0         0 0.000000000     -1          2
121             0              0         0 0.000000000     -1          2
122             0              0         0 0.000000000     -1          1
123             0              0         0 0.000000000     -1          2
124             0              0         0 0.000000000     -1          1
125             0              0         0 0.000000000     -1          1
126             0              0         0 0.000000000     -1          1
127             0              0         0 0.000000000     -1          1
