    left daughter right daughter split var split point status prediction
1               2              3         1 0.548421386      1          0
2               4              5         1 0.101293666      1          0
3               6              7         2 0.764260275      1          0
4               8              9         1 0.033218943      1          0
5              10             11         1 0.379391216      1          0
6              12             13         2 0.689156180      1          0
7              14             15         1 0.899689712      1          0
8              16             17         1 0.004389849      1          0
9              18             19         2 0.348787594      1          0
10             20             21         1 0.252710775      1          0
11             22             23         2 0.325722099      1          0
12             24             25         1 0.827603659      1          0
13             26             27         2 0.698105469      1          0
14             28             29         1 0.775868317      1          0
15              0              0         0 0.000000000     -1          2
16              0              0         0 0.000000000     -1          1
17             30             31         1 0.015556242      1          0
18              0              0         0 0.000000000     -1          1
19             32             33         1 0.057928923      1          0
20             34             35         1 0.251534652      1          0
21             36             37         2 0.257946338      1          0
22             38             39         2 0.083675545      1          0
23             40             41         2 0.495905520      1          0
24             42             43         2 0.443440139      1          0
25             44             45         2 0.393439143      1          0
26              0              0         0 0.000000000     -1          2
27             46             47         2 0.705926399      1          0
28             48             49         1 0.735632140      1          0
29              0              0         0 0.000000000     -1          2
30              0              0         0 0.000000000     -1          2
31              0              0         0 0.000000000     -1          2
32              0              0         0 0.000000000     -1          1
33             50             51         2 0.515912686      1          0
34             52             53         2 0.263690946      1          0
35              0              0         0 0.000000000     -1          1
36             54             55         2 0.167794567      1          0
37             56             57         2 0.908948479      1          0
38              0              0         0 0.000000000     -1          1
39             58             59         1 0.499169438      1          0
40             60             61         1 0.489737336      1          0
41             62             63         2 0.832410313      1          0
42             64             65         1 0.597093667      1          0
43              0              0         0 0.000000000     -1          1
44             66             67         2 0.297982752      1          0
45              0              0         0 0.000000000     -1          1
46              0              0         0 0.000000000     -1          1
47             68             69         2 0.706866034      1          0
48             70             71         1 0.588630320      1          0
49              0              0         0 0.000000000     -1          1
50              0              0         0 0.000000000     -1          2
51              0              0         0 0.000000000     -1          2
52             72             73         2 0.202456520      1          0
53             74             75         2 0.683823529      1          0
54              0              0         0 0.000000000     -1          1
55              0              0         0 0.000000000     -1          2
56             76             77         2 0.503976505      1          0
57             78             79         2 0.910153209      1          0
58              0              0         0 0.000000000     -1          1
59              0              0         0 0.000000000     -1          2
60             80             81         2 0.491628328      1          0
61              0              0         0 0.000000000     -1          1
62              0              0         0 0.000000000     -1          2
63             82             83         1 0.428977664      1          0
64             84             85         1 0.590389879      1          0
65             86             87         1 0.734719074      1          0
66             88             89         1 0.837699048      1          0
67              0              0         0 0.000000000     -1          1
68              0              0         0 0.000000000     -1          2
69             90             91         1 0.759463277      1          0
70              0              0         0 0.000000000     -1          2
71              0              0         0 0.000000000     -1          2
72             92             93         1 0.104956945      1          0
73              0              0         0 0.000000000     -1          1
74             94             95         2 0.659940935      1          0
75              0              0         0 0.000000000     -1          2
76             96             97         2 0.497859986      1          0
77              0              0         0 0.000000000     -1          2
78              0              0         0 0.000000000     -1          1
79              0              0         0 0.000000000     -1          2
80              0              0         0 0.000000000     -1          2
81              0              0         0 0.000000000     -1          1
82              0              0         0 0.000000000     -1          1
83             98             99         2 0.934903228      1          0
84              0              0         0 0.000000000     -1          1
85              0              0         0 0.000000000     -1          2
86            100            101         1 0.733809726      1          0
87              0              0         0 0.000000000     -1          1
88              0              0         0 0.000000000     -1          2
89            102            103         1 0.963531995      1          0
90              0              0         0 0.000000000     -1          2
91              0              0         0 0.000000000     -1          1
92              0              0         0 0.000000000     -1          2
93            104            105         2 0.061071976      1          0
94            106            107         2 0.396961048      1          0
95              0              0         0 0.000000000     -1          1
96              0              0         0 0.000000000     -1          2
97              0              0         0 0.000000000     -1          1
98              0              0         0 0.000000000     -1          2
99              0              0         0 0.000000000     -1          2
100           108            109         2 0.424335792      1          0
101             0              0         0 0.000000000     -1          2
102           110            111         1 0.957544846      1          0
103             0              0         0 0.000000000     -1          1
104             0              0         0 0.000000000     -1          1
105             0              0         0 0.000000000     -1          1
106             0              0         0 0.000000000     -1          2
107           112            113         2 0.409761809      1          0
108             0              0         0 0.000000000     -1          1
109             0              0         0 0.000000000     -1          2
110           114            115         2 0.082120204      1          0
111             0              0         0 0.000000000     -1          2
112             0              0         0 0.000000000     -1          1
113           116            117         1 0.139352368      1          0
114           118            119         1 0.925512252      1          0
115             0              0         0 0.000000000     -1          1
116             0              0         0 0.000000000     -1          2
117             0              0         0 0.000000000     -1          2
118             0              0         0 0.000000000     -1          1
119             0              0         0 0.000000000     -1          1
