    left daughter right daughter split var split point status prediction
1               2              3         1 0.537214512      1          0
2               4              5         1 0.230590930      1          0
3               6              7         1 0.618169424      1          0
4               8              9         2 0.276463605      1          0
5              10             11         2 0.277546987      1          0
6              12             13         1 0.614165150      1          0
7              14             15         1 0.940730651      1          0
8              16             17         2 0.061071976      1          0
9              18             19         2 0.805035578      1          0
10             20             21         1 0.392054156      1          0
11             22             23         1 0.480753286      1          0
12             24             25         1 0.584870676      1          0
13              0              0         0 0.000000000     -1          2
14             26             27         1 0.938366956      1          0
15             28             29         2 0.821188083      1          0
16              0              0         0 0.000000000     -1          1
17             30             31         1 0.124166965      1          0
18             32             33         1 0.155696595      1          0
19             34             35         2 0.841849251      1          0
20             36             37         2 0.246253980      1          0
21             38             39         2 0.042905945      1          0
22             40             41         2 0.970234717      1          0
23             42             43         1 0.482308121      1          0
24             44             45         1 0.551170819      1          0
25             46             47         2 0.655843928      1          0
26             48             49         1 0.687793605      1          0
27              0              0         0 0.000000000     -1          2
28             50             51         2 0.254836591      1          0
29              0              0         0 0.000000000     -1          1
30             52             53         1 0.119843979      1          0
31              0              0         0 0.000000000     -1          1
32             54             55         1 0.151530093      1          0
33              0              0         0 0.000000000     -1          2
34              0              0         0 0.000000000     -1          2
35             56             57         1 0.004070566      1          0
36             58             59         2 0.239345335      1          0
37              0              0         0 0.000000000     -1          2
38              0              0         0 0.000000000     -1          1
39              0              0         0 0.000000000     -1          1
40             60             61         2 0.370449555      1          0
41              0              0         0 0.000000000     -1          2
42              0              0         0 0.000000000     -1          1
43             62             63         2 0.498830621      1          0
44             64             65         1 0.547184944      1          0
45             66             67         2 0.668062361      1          0
46             68             69         2 0.160880599      1          0
47              0              0         0 0.000000000     -1          2
48             70             71         2 0.745486813      1          0
49             72             73         1 0.690455093      1          0
50              0              0         0 0.000000000     -1          1
51             74             75         1 0.965481961      1          0
52             76             77         2 0.200697377      1          0
53              0              0         0 0.000000000     -1          2
54             78             79         1 0.101252185      1          0
55              0              0         0 0.000000000     -1          1
56              0              0         0 0.000000000     -1          1
57             80             81         1 0.106671531      1          0
58             82             83         1 0.237135235      1          0
59              0              0         0 0.000000000     -1          2
60             84             85         1 0.465630456      1          0
61             86             87         2 0.491112331      1          0
62              0              0         0 0.000000000     -1          1
63             88             89         1 0.493365801      1          0
64              0              0         0 0.000000000     -1          1
65              0              0         0 0.000000000     -1          1
66              0              0         0 0.000000000     -1          1
67              0              0         0 0.000000000     -1          2
68              0              0         0 0.000000000     -1          1
69              0              0         0 0.000000000     -1          1
70              0              0         0 0.000000000     -1          1
71              0              0         0 0.000000000     -1          2
72              0              0         0 0.000000000     -1          2
73             90             91         1 0.725387219      1          0
74              0              0         0 0.000000000     -1          1
75              0              0         0 0.000000000     -1          1
76              0              0         0 0.000000000     -1          1
77              0              0         0 0.000000000     -1          1
78             92             93         1 0.033218943      1          0
79             94             95         2 0.464454134      1          0
80              0              0         0 0.000000000     -1          2
81              0              0         0 0.000000000     -1          2
82              0              0         0 0.000000000     -1          2
83             96             97         1 0.343451623      1          0
84             98             99         2 0.362987183      1          0
85              0              0         0 0.000000000     -1          1
86              0              0         0 0.000000000     -1          2
87            100            101         2 0.498447011      1          0
88              0              0         0 0.000000000     -1          2
89              0              0         0 0.000000000     -1          2
90            102            103         2 0.725310145      1          0
91            104            105         1 0.799963510      1          0
92              0              0         0 0.000000000     -1          2
93            106            107         1 0.058053776      1          0
94              0              0         0 0.000000000     -1          2
95              0              0         0 0.000000000     -1          2
96            108            109         2 0.096655830      1          0
97              0              0         0 0.000000000     -1          1
98              0              0         0 0.000000000     -1          2
99              0              0         0 0.000000000     -1          1
100             0              0         0 0.000000000     -1          1
101           110            111         1 0.316112047      1          0
102             0              0         0 0.000000000     -1          1
103             0              0         0 0.000000000     -1          2
104           112            113         1 0.734658771      1          0
105           114            115         1 0.800329297      1          0
106             0              0         0 0.000000000     -1          1
107           116            117         2 0.515047538      1          0
108             0              0         0 0.000000000     -1          1
109             0              0         0 0.000000000     -1          1
110             0              0         0 0.000000000     -1          2
111           118            119         1 0.326203040      1          0
112             0              0         0 0.000000000     -1          1
113           120            121         2 0.961351815      1          0
114             0              0         0 0.000000000     -1          2
115           122            123         1 0.932076374      1          0
116             0              0         0 0.000000000     -1          2
117             0              0         0 0.000000000     -1          1
118             0              0         0 0.000000000     -1          1
119           124            125         1 0.371413027      1          0
120           126            127         1 0.776300645      1          0
121             0              0         0 0.000000000     -1          2
122             0              0         0 0.000000000     -1          1
123             0              0         0 0.000000000     -1          1
124             0              0         0 0.000000000     -1          2
125             0              0         0 0.000000000     -1          2
126             0              0         0 0.000000000     -1          1
127             0              0         0 0.000000000     -1          1
