    left daughter right daughter split var split point status prediction
1               2              3         1 0.548402564      1          0
2               4              5         1 0.200149035      1          0
3               6              7         2 0.704572909      1          0
4               8              9         1 0.046227553      1          0
5              10             11         1 0.392266609      1          0
6              12             13         2 0.678840037      1          0
7              14             15         2 0.764314647      1          0
8              16             17         1 0.005050286      1          0
9              18             19         2 0.289908127      1          0
10             20             21         1 0.244642807      1          0
11             22             23         2 0.291563292      1          0
12             24             25         1 0.829704577      1          0
13              0              0         0 0.000000000     -1          1
14             26             27         1 0.710414009      1          0
15             28             29         2 0.938040258      1          0
16              0              0         0 0.000000000     -1          1
17             30             31         1 0.011058515      1          0
18             32             33         2 0.216106740      1          0
19             34             35         1 0.057928923      1          0
20             36             37         2 0.265876493      1          0
21             38             39         2 0.239345335      1          0
22             40             41         1 0.531871056      1          0
23             42             43         2 0.481095009      1          0
24             44             45         2 0.274068782      1          0
25             46             47         2 0.622502928      1          0
26              0              0         0 0.000000000     -1          2
27              0              0         0 0.000000000     -1          1
28             48             49         1 0.944098964      1          0
29             50             51         1 0.899689712      1          0
30              0              0         0 0.000000000     -1          2
31             52             53         1 0.023174164      1          0
32              0              0         0 0.000000000     -1          1
33             54             55         2 0.220335820      1          0
34              0              0         0 0.000000000     -1          1
35             56             57         1 0.198953008      1          0
36              0              0         0 0.000000000     -1          1
37             58             59         2 0.441910601      1          0
38             60             61         2 0.185911893      1          0
39             62             63         2 0.376764863      1          0
40              0              0         0 0.000000000     -1          1
41              0              0         0 0.000000000     -1          2
42             64             65         2 0.425631797      1          0
43             66             67         1 0.541794275      1          0
44             68             69         2 0.272052685      1          0
45             70             71         1 0.689238872      1          0
46             72             73         1 0.832092648      1          0
47              0              0         0 0.000000000     -1          1
48             74             75         2 0.817781782      1          0
49              0              0         0 0.000000000     -1          2
50             76             77         2 0.946452592      1          0
51              0              0         0 0.000000000     -1          1
52             78             79         1 0.011329097      1          0
53             80             81         1 0.036126534      1          0
54              0              0         0 0.000000000     -1          2
55              0              0         0 0.000000000     -1          1
56             82             83         1 0.100956968      1          0
57              0              0         0 0.000000000     -1          1
58              0              0         0 0.000000000     -1          2
59              0              0         0 0.000000000     -1          2
60              0              0         0 0.000000000     -1          1
61              0              0         0 0.000000000     -1          1
62             84             85         2 0.365283446      1          0
63             86             87         2 0.772061290      1          0
64             88             89         1 0.498063130      1          0
65              0              0         0 0.000000000     -1          1
66             90             91         1 0.403476249      1          0
67              0              0         0 0.000000000     -1          2
68             92             93         1 0.597912601      1          0
69              0              0         0 0.000000000     -1          2
70             94             95         2 0.443440139      1          0
71              0              0         0 0.000000000     -1          1
72              0              0         0 0.000000000     -1          2
73             96             97         2 0.386545391      1          0
74              0              0         0 0.000000000     -1          2
75              0              0         0 0.000000000     -1          2
76              0              0         0 0.000000000     -1          1
77              0              0         0 0.000000000     -1          2
78              0              0         0 0.000000000     -1          1
79              0              0         0 0.000000000     -1          1
80              0              0         0 0.000000000     -1          2
81              0              0         0 0.000000000     -1          2
82             98             99         1 0.080145687      1          0
83            100            101         1 0.149257045      1          0
84              0              0         0 0.000000000     -1          2
85              0              0         0 0.000000000     -1          1
86            102            103         1 0.329148139      1          0
87            104            105         2 0.781911983      1          0
88              0              0         0 0.000000000     -1          2
89              0              0         0 0.000000000     -1          2
90              0              0         0 0.000000000     -1          1
91            106            107         2 0.864330909      1          0
92              0              0         0 0.000000000     -1          1
93            108            109         2 0.105843039      1          0
94            110            111         2 0.436683139      1          0
95              0              0         0 0.000000000     -1          1
96            112            113         1 0.923658041      1          0
97              0              0         0 0.000000000     -1          1
98              0              0         0 0.000000000     -1          2
99              0              0         0 0.000000000     -1          1
100             0              0         0 0.000000000     -1          2
101           114            115         1 0.155696595      1          0
102             0              0         0 0.000000000     -1          2
103           116            117         1 0.332076859      1          0
104             0              0         0 0.000000000     -1          1
105           118            119         1 0.316112047      1          0
106           120            121         2 0.831838816      1          0
107             0              0         0 0.000000000     -1          2
108           122            123         2 0.103315607      1          0
109             0              0         0 0.000000000     -1          1
110             0              0         0 0.000000000     -1          1
111             0              0         0 0.000000000     -1          2
112           124            125         1 0.923301249      1          0
113           126            127         1 0.977905765      1          0
114             0              0         0 0.000000000     -1          1
115             0              0         0 0.000000000     -1          2
116             0              0         0 0.000000000     -1          1
117             0              0         0 0.000000000     -1          2
118             0              0         0 0.000000000     -1          2
119             0              0         0 0.000000000     -1          2
120             0              0         0 0.000000000     -1          2
121             0              0         0 0.000000000     -1          1
122             0              0         0 0.000000000     -1          1
123             0              0         0 0.000000000     -1          2
124             0              0         0 0.000000000     -1          1
125             0              0         0 0.000000000     -1          2
126             0              0         0 0.000000000     -1          1
127             0              0         0 0.000000000     -1          1
