    left daughter right daughter split var split point status prediction
1               2              3         1 0.535413005      1          0
2               4              5         1 0.005050286      1          0
3               6              7         2 0.709637788      1          0
4               0              0         0 0.000000000     -1          1
5               8              9         2 0.276615439      1          0
6              10             11         1 0.607662847      1          0
7              12             13         1 0.884955925      1          0
8              14             15         1 0.504096368      1          0
9              16             17         1 0.487904919      1          0
10             18             19         1 0.604298887      1          0
11             20             21         2 0.144807597      1          0
12             22             23         2 0.761676272      1          0
13             24             25         1 0.979515207      1          0
14             26             27         2 0.057895838      1          0
15              0              0         0 0.000000000     -1          2
16             28             29         1 0.157356842      1          0
17             30             31         2 0.502227418      1          0
18             32             33         2 0.663882317      1          0
19              0              0         0 0.000000000     -1          2
20             34             35         2 0.131845192      1          0
21             36             37         2 0.442168452      1          0
22              0              0         0 0.000000000     -1          2
23             38             39         1 0.567100121      1          0
24             40             41         2 0.926322671      1          0
25              0              0         0 0.000000000     -1          2
26              0              0         0 0.000000000     -1          1
27             42             43         1 0.345853201      1          0
28             44             45         1 0.149353244      1          0
29             46             47         1 0.273352355      1          0
30              0              0         0 0.000000000     -1          1
31             48             49         2 0.917780098      1          0
32             50             51         2 0.364669021      1          0
33              0              0         0 0.000000000     -1          2
34             52             53         2 0.039101597      1          0
35              0              0         0 0.000000000     -1          2
36             54             55         1 0.911209794      1          0
37             56             57         2 0.555661777      1          0
38              0              0         0 0.000000000     -1          1
39             58             59         1 0.745948815      1          0
40              0              0         0 0.000000000     -1          1
41              0              0         0 0.000000000     -1          2
42             60             61         1 0.322581443      1          0
43              0              0         0 0.000000000     -1          1
44             62             63         2 0.955469484      1          0
45              0              0         0 0.000000000     -1          1
46             64             65         1 0.199494917      1          0
47             66             67         2 0.908948479      1          0
48              0              0         0 0.000000000     -1          2
49              0              0         0 0.000000000     -1          2
50             68             69         1 0.548588407      1          0
51              0              0         0 0.000000000     -1          1
52              0              0         0 0.000000000     -1          1
53             70             71         1 0.908086663      1          0
54             72             73         1 0.689692369      1          0
55             74             75         1 0.923658041      1          0
56              0              0         0 0.000000000     -1          1
57             76             77         2 0.556172372      1          0
58             78             79         1 0.736292582      1          0
59              0              0         0 0.000000000     -1          2
60             80             81         1 0.119843979      1          0
61              0              0         0 0.000000000     -1          2
62             82             83         2 0.348787594      1          0
63              0              0         0 0.000000000     -1          1
64             84             85         2 0.638637555      1          0
65              0              0         0 0.000000000     -1          2
66             86             87         2 0.315145176      1          0
67             88             89         1 0.340819806      1          0
68              0              0         0 0.000000000     -1          2
69              0              0         0 0.000000000     -1          1
70             90             91         1 0.725480469      1          0
71              0              0         0 0.000000000     -1          1
72             92             93         1 0.687793605      1          0
73             94             95         1 0.859432216      1          0
74              0              0         0 0.000000000     -1          2
75             96             97         2 0.227499504      1          0
76              0              0         0 0.000000000     -1          2
77             98             99         1 0.636429586      1          0
78            100            101         1 0.588630320      1          0
79              0              0         0 0.000000000     -1          1
80              0              0         0 0.000000000     -1          1
81            102            103         2 0.096655830      1          0
82              0              0         0 0.000000000     -1          1
83            104            105         2 0.529583570      1          0
84              0              0         0 0.000000000     -1          2
85              0              0         0 0.000000000     -1          2
86              0              0         0 0.000000000     -1          2
87            106            107         1 0.275140565      1          0
88              0              0         0 0.000000000     -1          1
89              0              0         0 0.000000000     -1          2
90              0              0         0 0.000000000     -1          1
91            108            109         1 0.769808678      1          0
92              0              0         0 0.000000000     -1          1
93              0              0         0 0.000000000     -1          2
94              0              0         0 0.000000000     -1          1
95              0              0         0 0.000000000     -1          1
96              0              0         0 0.000000000     -1          1
97            110            111         1 0.956240655      1          0
98              0              0         0 0.000000000     -1          2
99            112            113         1 0.913213358      1          0
100             0              0         0 0.000000000     -1          2
101             0              0         0 0.000000000     -1          2
102             0              0         0 0.000000000     -1          2
103           114            115         2 0.262940546      1          0
104           116            117         2 0.465193057      1          0
105           118            119         2 0.540190947      1          0
106             0              0         0 0.000000000     -1          1
107           120            121         1 0.373543458      1          0
108             0              0         0 0.000000000     -1          2
109             0              0         0 0.000000000     -1          1
110             0              0         0 0.000000000     -1          1
111             0              0         0 0.000000000     -1          1
112             0              0         0 0.000000000     -1          1
113             0              0         0 0.000000000     -1          1
114           122            123         2 0.218514765      1          0
115             0              0         0 0.000000000     -1          1
116             0              0         0 0.000000000     -1          2
117             0              0         0 0.000000000     -1          2
118             0              0         0 0.000000000     -1          1
119           124            125         1 0.103075566      1          0
120           126            127         2 0.771850319      1          0
121             0              0         0 0.000000000     -1          2
122             0              0         0 0.000000000     -1          1
123             0              0         0 0.000000000     -1          1
124             0              0         0 0.000000000     -1          2
125             0              0         0 0.000000000     -1          2
126             0              0         0 0.000000000     -1          2
127             0              0         0 0.000000000     -1          2
