    left daughter right daughter split var split point status prediction
1               2              3         2  0.28347722      1          0
2               4              5         2  0.20154118      1          0
3               6              7         1  0.54360138      1          0
4               8              9         2  0.03273823      1          0
5              10             11         1  0.05988982      1          0
6              12             13         2  0.29650218      1          0
7              14             15         1  0.66098240      1          0
8               0              0         0  0.00000000     -1          1
9              16             17         2  0.03321111      1          0
10              0              0         0  0.00000000     -1          2
11             18             19         1  0.95624066      1          0
12              0              0         0  0.00000000     -1          1
13             20             21         1  0.16059447      1          0
14             22             23         2  0.66196839      1          0
15             24             25         1  0.80228017      1          0
16              0              0         0  0.00000000     -1          2
17             26             27         2  0.05571981      1          0
18             28             29         1  0.39507424      1          0
19              0              0         0  0.00000000     -1          2
20             30             31         2  0.75381908      1          0
21             32             33         1  0.48075329      1          0
22              0              0         0  0.00000000     -1          1
23             34             35         2  0.91012845      1          0
24             36             37         1  0.69090859      1          0
25             38             39         1  0.82174013      1          0
26              0              0         0  0.00000000     -1          1
27             40             41         1  0.54641733      1          0
28             42             43         1  0.28233083      1          0
29             44             45         2  0.22584099      1          0
30             46             47         1  0.15104409      1          0
31             48             49         2  0.80910663      1          0
32             50             51         1  0.33178329      1          0
33             52             53         1  0.49454184      1          0
34             54             55         1  0.63642959      1          0
35              0              0         0  0.00000000     -1          2
36             56             57         2  0.76086494      1          0
37             58             59         1  0.70557009      1          0
38             60             61         2  0.70689629      1          0
39             62             63         2  0.80073696      1          0
40             64             65         2  0.05878162      1          0
41             66             67         2  0.06961449      1          0
42             68             69         2  0.27661544      1          0
43              0              0         0  0.00000000     -1          2
44              0              0         0  0.00000000     -1          1
45              0              0         0  0.00000000     -1          1
46             70             71         2  0.62822610      1          0
47              0              0         0  0.00000000     -1          1
48              0              0         0  0.00000000     -1          1
49             72             73         2  0.90380984      1          0
50             74             75         2  0.50298901      1          0
51             76             77         1  0.45346770      1          0
52              0              0         0  0.00000000     -1          1
53             78             79         2  0.47769821      1          0
54              0              0         0  0.00000000     -1          2
55              0              0         0  0.00000000     -1          2
56              0              0         0  0.00000000     -1          1
57              0              0         0  0.00000000     -1          2
58              0              0         0  0.00000000     -1          1
59             80             81         1  0.71070630      1          0
60              0              0         0  0.00000000     -1          1
61              0              0         0  0.00000000     -1          2
62             82             83         2  0.38203226      1          0
63             84             85         1  0.95226231      1          0
64              0              0         0  0.00000000     -1          2
65             86             87         2  0.09026167      1          0
66              0              0         0  0.00000000     -1          1
67             88             89         2  0.13106113      1          0
68             90             91         2  0.20241907      1          0
69              0              0         0  0.00000000     -1          2
70             92             93         2  0.62104619      1          0
71             94             95         2  0.67954655      1          0
72              0              0         0  0.00000000     -1          2
73              0              0         0  0.00000000     -1          2
74             96             97         1  0.32914814      1          0
75             98             99         2  0.86573894      1          0
76            100            101         2  0.77112147      1          0
77            102            103         1  0.45445025      1          0
78              0              0         0  0.00000000     -1          1
79              0              0         0  0.00000000     -1          2
80              0              0         0  0.00000000     -1          2
81            104            105         1  0.78024149      1          0
82              0              0         0  0.00000000     -1          1
83            106            107         2  0.39724884      1          0
84            108            109         1  0.90001712      1          0
85              0              0         0  0.00000000     -1          2
86              0              0         0  0.00000000     -1          1
87            110            111         2  0.09327705      1          0
88              0              0         0  0.00000000     -1          1
89            112            113         1  0.81274477      1          0
90              0              0         0  0.00000000     -1          2
91            114            115         1  0.16134120      1          0
92            116            117         2  0.54019095      1          0
93              0              0         0  0.00000000     -1          1
94              0              0         0  0.00000000     -1          2
95              0              0         0  0.00000000     -1          2
96            118            119         1  0.20175022      1          0
97              0              0         0  0.00000000     -1          1
98            120            121         1  0.20141278      1          0
99            122            123         2  0.87066263      1          0
100             0              0         0  0.00000000     -1          2
101             0              0         0  0.00000000     -1          2
102             0              0         0  0.00000000     -1          1
103             0              0         0  0.00000000     -1          2
104           124            125         1  0.77761982      1          0
105             0              0         0  0.00000000     -1          1
106             0              0         0  0.00000000     -1          2
107           126            127         2  0.62250293      1          0
108             0              0         0  0.00000000     -1          2
109             0              0         0  0.00000000     -1          2
110             0              0         0  0.00000000     -1          2
111             0              0         0  0.00000000     -1          1
112             0              0         0  0.00000000     -1          1
113             0              0         0  0.00000000     -1          1
114             0              0         0  0.00000000     -1          1
115             0              0         0  0.00000000     -1          1
116             0              0         0  0.00000000     -1          2
117             0              0         0  0.00000000     -1          2
118             0              0         0  0.00000000     -1          2
119             0              0         0  0.00000000     -1          2
120             0              0         0  0.00000000     -1          2
121             0              0         0  0.00000000     -1          2
122             0              0         0  0.00000000     -1          1
123             0              0         0  0.00000000     -1          2
124             0              0         0  0.00000000     -1          1
125             0              0         0  0.00000000     -1          2
126             0              0         0  0.00000000     -1          1
127             0              0         0  0.00000000     -1          1
