    left daughter right daughter split var split point status prediction
1               2              3         1  0.54777538      1          0
2               4              5         2  0.29594569      1          0
3               6              7         2  0.76426028      1          0
4               8              9         1  0.54094312      1          0
5              10             11         2  0.50028720      1          0
6              12             13         2  0.68915618      1          0
7              14             15         2  0.80177454      1          0
8              16             17         2  0.14850393      1          0
9               0              0         0  0.00000000     -1          2
10             18             19         2  0.48802819      1          0
11             20             21         2  0.90492477      1          0
12             22             23         2  0.44344014      1          0
13             24             25         1  0.66416933      1          0
14              0              0         0  0.00000000     -1          2
15             26             27         2  0.93486530      1          0
16             28             29         2  0.08431332      1          0
17             30             31         2  0.14961259      1          0
18             32             33         1  0.48052300      1          0
19              0              0         0  0.00000000     -1          1
20             34             35         2  0.61856961      1          0
21             36             37         2  0.93261080      1          0
22             38             39         1  0.87669435      1          0
23             40             41         2  0.66767014      1          0
24              0              0         0  0.00000000     -1          2
25             42             43         2  0.72458391      1          0
26              0              0         0  0.00000000     -1          2
27             44             45         2  0.93686706      1          0
28             46             47         2  0.08266029      1          0
29              0              0         0  0.00000000     -1          1
30              0              0         0  0.00000000     -1          2
31             48             49         2  0.19684828      1          0
32             50             51         2  0.39192175      1          0
33              0              0         0  0.00000000     -1          1
34             52             53         1  0.54007059      1          0
35             54             55         1  0.13483670      1          0
36             56             57         1  0.31067139      1          0
37             58             59         1  0.10667153      1          0
38             60             61         2  0.44126022      1          0
39             62             63         2  0.08028747      1          0
40             64             65         1  0.95601851      1          0
41              0              0         0  0.00000000     -1          1
42              0              0         0  0.00000000     -1          1
43              0              0         0  0.00000000     -1          1
44              0              0         0  0.00000000     -1          1
45             66             67         1  0.89968971      1          0
46             68             69         2  0.03303297      1          0
47              0              0         0  0.00000000     -1          2
48             70             71         1  0.03549794      1          0
49             72             73         1  0.13286361      1          0
50             74             75         2  0.38858896      1          0
51             76             77         2  0.45366319      1          0
52             78             79         1  0.09978558      1          0
53              0              0         0  0.00000000     -1          2
54             80             81         2  0.62822610      1          0
55             82             83         1  0.42914117      1          0
56              0              0         0  0.00000000     -1          2
57              0              0         0  0.00000000     -1          1
58              0              0         0  0.00000000     -1          2
59              0              0         0  0.00000000     -1          2
60             84             85         1  0.65430699      1          0
61              0              0         0  0.00000000     -1          2
62              0              0         0  0.00000000     -1          2
63             86             87         1  0.89382465      1          0
64              0              0         0  0.00000000     -1          1
65              0              0         0  0.00000000     -1          1
66             88             89         1  0.75386104      1          0
67              0              0         0  0.00000000     -1          1
68              0              0         0  0.00000000     -1          1
69              0              0         0  0.00000000     -1          1
70              0              0         0  0.00000000     -1          2
71             90             91         1  0.30467233      1          0
72              0              0         0  0.00000000     -1          1
73             92             93         1  0.39205416      1          0
74             94             95         1  0.09446761      1          0
75              0              0         0  0.00000000     -1          1
76              0              0         0  0.00000000     -1          2
77              0              0         0  0.00000000     -1          2
78              0              0         0  0.00000000     -1          2
79              0              0         0  0.00000000     -1          2
80              0              0         0  0.00000000     -1          1
81             96             97         1  0.09110201      1          0
82             98             99         2  0.62531553      1          0
83              0              0         0  0.00000000     -1          2
84            100            101         1  0.65172380      1          0
85            102            103         1  0.82806571      1          0
86              0              0         0  0.00000000     -1          1
87            104            105         2  0.23434628      1          0
88              0              0         0  0.00000000     -1          2
89              0              0         0  0.00000000     -1          2
90              0              0         0  0.00000000     -1          1
91              0              0         0  0.00000000     -1          1
92            106            107         1  0.38337789      1          0
93              0              0         0  0.00000000     -1          1
94              0              0         0  0.00000000     -1          1
95            108            109         1  0.46670981      1          0
96            110            111         1  0.04864243      1          0
97              0              0         0  0.00000000     -1          2
98              0              0         0  0.00000000     -1          1
99            112            113         2  0.68932534      1          0
100           114            115         1  0.59038988      1          0
101             0              0         0  0.00000000     -1          2
102           116            117         2  0.10584304      1          0
103             0              0         0  0.00000000     -1          1
104           118            119         2  0.14216223      1          0
105           120            121         1  0.91457307      1          0
106           122            123         2  0.27061010      1          0
107             0              0         0  0.00000000     -1          2
108           124            125         2  0.36528345      1          0
109             0              0         0  0.00000000     -1          1
110             0              0         0  0.00000000     -1          2
111             0              0         0  0.00000000     -1          2
112             0              0         0  0.00000000     -1          2
113           126            127         2  0.77206129      1          0
114             0              0         0  0.00000000     -1          1
115             0              0         0  0.00000000     -1          1
116             0              0         0  0.00000000     -1          1
117             0              0         0  0.00000000     -1          1
118             0              0         0  0.00000000     -1          1
119             0              0         0  0.00000000     -1          1
120             0              0         0  0.00000000     -1          2
121             0              0         0  0.00000000     -1          1
122             0              0         0  0.00000000     -1          1
123             0              0         0  0.00000000     -1          2
124             0              0         0  0.00000000     -1          2
125             0              0         0  0.00000000     -1          2
126             0              0         0  0.00000000     -1          2
127             0              0         0  0.00000000     -1          2
