    left daughter right daughter split var split point status prediction
1               2              3         2 0.296015515      1          0
2               4              5         1 0.597912601      1          0
3               6              7         1 0.585995236      1          0
4               8              9         2 0.136819055      1          0
5              10             11         1 0.690589439      1          0
6              12             13         1 0.497835174      1          0
7              14             15         1 0.886385624      1          0
8              16             17         2 0.084313316      1          0
9              18             19         1 0.585130721      1          0
10              0              0         0 0.000000000     -1          1
11             20             21         2 0.238709276      1          0
12             22             23         2 0.753819078      1          0
13             24             25         1 0.498690467      1          0
14             26             27         2 0.708481487      1          0
15             28             29         2 0.801828553      1          0
16             30             31         1 0.506263682      1          0
17              0              0         0 0.000000000     -1          1
18             32             33         1 0.540984010      1          0
19              0              0         0 0.000000000     -1          2
20             34             35         2 0.234346285      1          0
21              0              0         0 0.000000000     -1          1
22             36             37         1 0.122247584      1          0
23             38             39         2 0.761146188      1          0
24              0              0         0 0.000000000     -1          1
25             40             41         2 0.668062361      1          0
26             42             43         2 0.306579339      1          0
27             44             45         2 0.764260275      1          0
28             46             47         1 0.965481961      1          0
29             48             49         1 0.972710132      1          0
30             50             51         1 0.164236386      1          0
31              0              0         0 0.000000000     -1          1
32             52             53         2 0.192089794      1          0
33              0              0         0 0.000000000     -1          1
34             54             55         2 0.221515854      1          0
35              0              0         0 0.000000000     -1          2
36             56             57         1 0.118601108      1          0
37             58             59         1 0.453130950      1          0
38              0              0         0 0.000000000     -1          1
39             60             61         1 0.004543806      1          0
40             62             63         1 0.549442172      1          0
41             64             65         2 0.904924774      1          0
42              0              0         0 0.000000000     -1          2
43             66             67         1 0.634732368      1          0
44              0              0         0 0.000000000     -1          2
45             68             69         2 0.938040258      1          0
46             70             71         2 0.630539795      1          0
47              0              0         0 0.000000000     -1          1
48              0              0         0 0.000000000     -1          2
49              0              0         0 0.000000000     -1          2
50              0              0         0 0.000000000     -1          1
51              0              0         0 0.000000000     -1          1
52             72             73         2 0.149612590      1          0
53             74             75         1 0.395074242      1          0
54             76             77         2 0.142381439      1          0
55              0              0         0 0.000000000     -1          1
56             78             79         1 0.050970115      1          0
57              0              0         0 0.000000000     -1          1
58             80             81         2 0.624016830      1          0
59             82             83         2 0.468737738      1          0
60              0              0         0 0.000000000     -1          1
61             84             85         2 0.970234717      1          0
62             86             87         2 0.517706301      1          0
63              0              0         0 0.000000000     -1          1
64              0              0         0 0.000000000     -1          2
65              0              0         0 0.000000000     -1          2
66             88             89         2 0.639485142      1          0
67              0              0         0 0.000000000     -1          1
68             90             91         1 0.738565679      1          0
69             92             93         2 0.941924431      1          0
70             94             95         1 0.923496184      1          0
71              0              0         0 0.000000000     -1          1
72              0              0         0 0.000000000     -1          1
73              0              0         0 0.000000000     -1          1
74             96             97         2 0.196848279      1          0
75              0              0         0 0.000000000     -1          1
76             98             99         1 0.824012159      1          0
77              0              0         0 0.000000000     -1          1
78              0              0         0 0.000000000     -1          2
79            100            101         2 0.386004465      1          0
80            102            103         2 0.369978922      1          0
81            104            105         1 0.285935385      1          0
82              0              0         0 0.000000000     -1          2
83              0              0         0 0.000000000     -1          2
84            106            107         1 0.316112047      1          0
85              0              0         0 0.000000000     -1          2
86              0              0         0 0.000000000     -1          1
87              0              0         0 0.000000000     -1          2
88              0              0         0 0.000000000     -1          1
89              0              0         0 0.000000000     -1          2
90              0              0         0 0.000000000     -1          2
91            108            109         2 0.817781782      1          0
92              0              0         0 0.000000000     -1          1
93            110            111         2 0.980037885      1          0
94              0              0         0 0.000000000     -1          1
95              0              0         0 0.000000000     -1          2
96              0              0         0 0.000000000     -1          2
97            112            113         2 0.285758271      1          0
98              0              0         0 0.000000000     -1          1
99            114            115         1 0.846633568      1          0
100             0              0         0 0.000000000     -1          1
101           116            117         1 0.092868795      1          0
102           118            119         2 0.362987183      1          0
103             0              0         0 0.000000000     -1          2
104             0              0         0 0.000000000     -1          2
105           120            121         1 0.407719254      1          0
106           122            123         1 0.166747388      1          0
107           124            125         2 0.910752756      1          0
108             0              0         0 0.000000000     -1          2
109             0              0         0 0.000000000     -1          2
110             0              0         0 0.000000000     -1          2
111             0              0         0 0.000000000     -1          2
112           126            127         1 0.383377887      1          0
113             0              0         0 0.000000000     -1          2
114             0              0         0 0.000000000     -1          2
115             0              0         0 0.000000000     -1          1
116             0              0         0 0.000000000     -1          2
117             0              0         0 0.000000000     -1          2
118             0              0         0 0.000000000     -1          2
119             0              0         0 0.000000000     -1          1
120             0              0         0 0.000000000     -1          2
121             0              0         0 0.000000000     -1          2
122             0              0         0 0.000000000     -1          2
123             0              0         0 0.000000000     -1          2
124             0              0         0 0.000000000     -1          2
125             0              0         0 0.000000000     -1          2
126             0              0         0 0.000000000     -1          1
127             0              0         0 0.000000000     -1          2
