    left daughter right daughter split var split point status prediction
1               2              3         2  0.70365493      1          0
2               4              5         2  0.27746642      1          0
3               6              7         1  0.94366600      1          0
4               8              9         1  0.15988935      1          0
5              10             11         2  0.28148130      1          0
6              12             13         2  0.72028461      1          0
7               0              0         0  0.00000000     -1          1
8              14             15         2  0.18375913      1          0
9              16             17         1  0.90982198      1          0
10              0              0         0  0.00000000     -1          2
11             18             19         1  0.54718494      1          0
12              0              0         0  0.00000000     -1          2
13             20             21         1  0.09392283      1          0
14             22             23         1  0.15525546      1          0
15             24             25         2  0.18603300      1          0
16             26             27         2  0.27205268      1          0
17             28             29         2  0.07479144      1          0
18             30             31         2  0.29650218      1          0
19             32             33         1  0.61013642      1          0
20             34             35         2  0.95546948      1          0
21             36             37         2  0.76373702      1          0
22              0              0         0  0.00000000     -1          1
23              0              0         0  0.00000000     -1          2
24              0              0         0  0.00000000     -1          2
25             38             39         1  0.06894273      1          0
26             40             41         2  0.06677608      1          0
27              0              0         0  0.00000000     -1          1
28              0              0         0  0.00000000     -1          2
29             42             43         2  0.23434628      1          0
30              0              0         0  0.00000000     -1          1
31             44             45         2  0.53437567      1          0
32             46             47         1  0.60945613      1          0
33             48             49         1  0.85871973      1          0
34              0              0         0  0.00000000     -1          2
35              0              0         0  0.00000000     -1          1
36             50             51         1  0.71163225      1          0
37             52             53         1  0.59110418      1          0
38              0              0         0  0.00000000     -1          1
39              0              0         0  0.00000000     -1          2
40              0              0         0  0.00000000     -1          1
41             54             55         2  0.06972439      1          0
42             56             57         2  0.14216223      1          0
43              0              0         0  0.00000000     -1          1
44             58             59         1  0.48973734      1          0
45             60             61         2  0.66288211      1          0
46             62             63         2  0.66806236      1          0
47              0              0         0  0.00000000     -1          2
48             64             65         1  0.68973733      1          0
49             66             67         2  0.34088946      1          0
50             68             69         1  0.19460329      1          0
51              0              0         0  0.00000000     -1          1
52             70             71         2  0.86250935      1          0
53             72             73         1  0.74608779      1          0
54              0              0         0  0.00000000     -1          2
55             74             75         2  0.19817694      1          0
56              0              0         0  0.00000000     -1          1
57              0              0         0  0.00000000     -1          1
58             76             77         2  0.49111233      1          0
59              0              0         0  0.00000000     -1          1
60             78             79         2  0.62380270      1          0
61             80             81         2  0.66577141      1          0
62              0              0         0  0.00000000     -1          1
63              0              0         0  0.00000000     -1          2
64             82             83         2  0.44821454      1          0
65              0              0         0  0.00000000     -1          1
66              0              0         0  0.00000000     -1          1
67             84             85         1  0.93154633      1          0
68              0              0         0  0.00000000     -1          2
69              0              0         0  0.00000000     -1          2
70              0              0         0  0.00000000     -1          2
71             86             87         1  0.58366320      1          0
72             88             89         1  0.73629258      1          0
73              0              0         0  0.00000000     -1          2
74             90             91         2  0.19496759      1          0
75             92             93         2  0.22304869      1          0
76             94             95         1  0.30750811      1          0
77             96             97         1  0.30374025      1          0
78              0              0         0  0.00000000     -1          2
79             98             99         2  0.62531553      1          0
80              0              0         0  0.00000000     -1          1
81            100            101         2  0.68885670      1          0
82              0              0         0  0.00000000     -1          1
83              0              0         0  0.00000000     -1          1
84              0              0         0  0.00000000     -1          1
85              0              0         0  0.00000000     -1          1
86            102            103         2  0.86846572      1          0
87              0              0         0  0.00000000     -1          1
88              0              0         0  0.00000000     -1          2
89              0              0         0  0.00000000     -1          1
90            104            105         2  0.14626151      1          0
91              0              0         0  0.00000000     -1          2
92              0              0         0  0.00000000     -1          1
93            106            107         2  0.22447225      1          0
94            108            109         2  0.37380849      1          0
95            110            111         1  0.47050127      1          0
96            112            113         2  0.52276182      1          0
97              0              0         0  0.00000000     -1          1
98              0              0         0  0.00000000     -1          1
99              0              0         0  0.00000000     -1          2
100             0              0         0  0.00000000     -1          2
101             0              0         0  0.00000000     -1          2
102             0              0         0  0.00000000     -1          1
103           114            115         1  0.15735684      1          0
104           116            117         2  0.08547138      1          0
105           118            119         2  0.14961259      1          0
106             0              0         0  0.00000000     -1          2
107           120            121         2  0.24636719      1          0
108           122            123         1  0.26157311      1          0
109           124            125         1  0.19622822      1          0
110             0              0         0  0.00000000     -1          2
111             0              0         0  0.00000000     -1          2
112             0              0         0  0.00000000     -1          2
113             0              0         0  0.00000000     -1          2
114             0              0         0  0.00000000     -1          2
115           126            127         2  0.90664702      1          0
116             0              0         0  0.00000000     -1          1
117             0              0         0  0.00000000     -1          1
118             0              0         0  0.00000000     -1          2
119             0              0         0  0.00000000     -1          1
120             0              0         0  0.00000000     -1          1
121             0              0         0  0.00000000     -1          1
122             0              0         0  0.00000000     -1          2
123             0              0         0  0.00000000     -1          1
124             0              0         0  0.00000000     -1          2
125             0              0         0  0.00000000     -1          2
126             0              0         0  0.00000000     -1          2
127             0              0         0  0.00000000     -1          2
