    left daughter right daughter split var split point status prediction
1               2              3         2 0.295945691      1          0
2               4              5         2 0.057895838      1          0
3               6              7         2 0.703654933      1          0
4               0              0         0 0.000000000     -1          1
5               8              9         2 0.058781620      1          0
6              10             11         2 0.298405882      1          0
7              12             13         2 0.763737022      1          0
8               0              0         0 0.000000000     -1          2
9              14             15         2 0.249428035      1          0
10              0              0         0 0.000000000     -1          2
11             16             17         1 0.548402564      1          0
12             18             19         2 0.755806173      1          0
13             20             21         1 0.736292582      1          0
14             22             23         2 0.247946451      1          0
15              0              0         0 0.000000000     -1          1
16             24             25         1 0.467458489      1          0
17             26             27         2 0.678840037      1          0
18             28             29         2 0.724479205      1          0
19              0              0         0 0.000000000     -1          1
20             30             31         2 0.840907019      1          0
21             32             33         2 0.966115423      1          0
22             34             35         2 0.069040791      1          0
23              0              0         0 0.000000000     -1          2
24             36             37         1 0.102409492      1          0
25             38             39         2 0.444116821      1          0
26             40             41         1 0.920944126      1          0
27             42             43         1 0.636429586      1          0
28             44             45         2 0.720284608      1          0
29             46             47         1 0.874773662      1          0
30              0              0         0 0.000000000     -1          2
31             48             49         2 0.841327264      1          0
32             50             51         1 0.748221912      1          0
33              0              0         0 0.000000000     -1          1
34              0              0         0 0.000000000     -1          1
35             52             53         1 0.034472041      1          0
36             54             55         2 0.361692540      1          0
37             56             57         1 0.331783294      1          0
38             58             59         1 0.489737336      1          0
39              0              0         0 0.000000000     -1          2
40             60             61         1 0.689692369      1          0
41             62             63         2 0.400908457      1          0
42              0              0         0 0.000000000     -1          2
43              0              0         0 0.000000000     -1          1
44             64             65         2 0.705711667      1          0
45              0              0         0 0.000000000     -1          1
46             66             67         1 0.771966660      1          0
47              0              0         0 0.000000000     -1          1
48              0              0         0 0.000000000     -1          1
49             68             69         1 0.004070566      1          0
50              0              0         0 0.000000000     -1          1
51             70             71         1 0.922443584      1          0
52              0              0         0 0.000000000     -1          1
53             72             73         1 0.506263682      1          0
54              0              0         0 0.000000000     -1          1
55             74             75         1 0.092868795      1          0
56             76             77         2 0.659940935      1          0
57             78             79         2 0.623802698      1          0
58              0              0         0 0.000000000     -1          2
59              0              0         0 0.000000000     -1          1
60             80             81         2 0.443440139      1          0
61              0              0         0 0.000000000     -1          1
62              0              0         0 0.000000000     -1          1
63             82             83         2 0.554478080      1          0
64              0              0         0 0.000000000     -1          2
65             84             85         1 0.660520898      1          0
66              0              0         0 0.000000000     -1          2
67              0              0         0 0.000000000     -1          2
68              0              0         0 0.000000000     -1          1
69             86             87         2 0.862509355      1          0
70              0              0         0 0.000000000     -1          2
71              0              0         0 0.000000000     -1          2
72             88             89         1 0.345853201      1          0
73             90             91         1 0.514152431      1          0
74             92             93         1 0.034754748      1          0
75              0              0         0 0.000000000     -1          1
76             94             95         1 0.331625298      1          0
77              0              0         0 0.000000000     -1          2
78              0              0         0 0.000000000     -1          2
79              0              0         0 0.000000000     -1          2
80              0              0         0 0.000000000     -1          1
81              0              0         0 0.000000000     -1          1
82              0              0         0 0.000000000     -1          1
83              0              0         0 0.000000000     -1          1
84              0              0         0 0.000000000     -1          2
85              0              0         0 0.000000000     -1          1
86              0              0         0 0.000000000     -1          2
87             96             97         2 0.869180992      1          0
88             98             99         2 0.146860375      1          0
89              0              0         0 0.000000000     -1          1
90              0              0         0 0.000000000     -1          2
91            100            101         1 0.881818631      1          0
92              0              0         0 0.000000000     -1          2
93              0              0         0 0.000000000     -1          2
94            102            103         2 0.409761809      1          0
95              0              0         0 0.000000000     -1          1
96              0              0         0 0.000000000     -1          1
97            104            105         1 0.541794275      1          0
98            106            107         2 0.093277046      1          0
99            108            109         2 0.154375235      1          0
100           110            111         2 0.150425189      1          0
101           112            113         2 0.234346285      1          0
102           114            115         1 0.293039553      1          0
103             0              0         0 0.000000000     -1          2
104           116            117         1 0.157356842      1          0
105           118            119         1 0.601103867      1          0
106             0              0         0 0.000000000     -1          1
107             0              0         0 0.000000000     -1          1
108             0              0         0 0.000000000     -1          2
109           120            121         1 0.280210545      1          0
110           122            123         2 0.103315607      1          0
111           124            125         2 0.222767111      1          0
112           126            127         2 0.142381439      1          0
113             0              0         0 0.000000000     -1          2
114             0              0         0 0.000000000     -1          2
115             0              0         0 0.000000000     -1          2
116             0              0         0 0.000000000     -1          2
117             0              0         0 0.000000000     -1          2
118             0              0         0 0.000000000     -1          1
119             0              0         0 0.000000000     -1          2
120             0              0         0 0.000000000     -1          1
121             0              0         0 0.000000000     -1          2
122             0              0         0 0.000000000     -1          1
123             0              0         0 0.000000000     -1          2
124             0              0         0 0.000000000     -1          1
125             0              0         0 0.000000000     -1          1
126             0              0         0 0.000000000     -1          1
127             0              0         0 0.000000000     -1          1
