    left daughter right daughter split var split point status prediction
1               2              3         2 0.296015515      1          0
2               4              5         2 0.277466417      1          0
3               6              7         1 0.531731916      1          0
4               8              9         1 0.909821982      1          0
5              10             11         2 0.287003558      1          0
6              12             13         2 0.500287196      1          0
7              14             15         1 0.618169424      1          0
8              16             17         2 0.090348933      1          0
9              18             19         2 0.234346285      1          0
10              0              0         0 0.000000000     -1          2
11              0              0         0 0.000000000     -1          1
12             20             21         2 0.497859986      1          0
13             22             23         1 0.004085713      1          0
14             24             25         2 0.657788350      1          0
15             26             27         2 0.764314647      1          0
16             28             29         1 0.164236386      1          0
17             30             31         1 0.308484071      1          0
18             32             33         2 0.144807597      1          0
19              0              0         0 0.000000000     -1          1
20             34             35         2 0.476216083      1          0
21              0              0         0 0.000000000     -1          1
22              0              0         0 0.000000000     -1          1
23             36             37         1 0.200291890      1          0
24             38             39         1 0.543601379      1          0
25             40             41         2 0.687727395      1          0
26             42             43         1 0.920944126      1          0
27             44             45         2 0.817781782      1          0
28             46             47         1 0.155255463      1          0
29             48             49         1 0.536848994      1          0
30             50             51         2 0.093277046      1          0
31             52             53         1 0.733809726      1          0
32              0              0         0 0.000000000     -1          1
33              0              0         0 0.000000000     -1          1
34             54             55         1 0.489737336      1          0
35              0              0         0 0.000000000     -1          2
36             56             57         1 0.196378472      1          0
37             58             59         2 0.839617037      1          0
38              0              0         0 0.000000000     -1          2
39              0              0         0 0.000000000     -1          1
40              0              0         0 0.000000000     -1          2
41             60             61         2 0.895130589      1          0
42             62             63         2 0.709421122      1          0
43             64             65         1 0.928994272      1          0
44              0              0         0 0.000000000     -1          2
45             66             67         2 0.938040258      1          0
46              0              0         0 0.000000000     -1          1
47              0              0         0 0.000000000     -1          2
48             68             69         1 0.514082823      1          0
49              0              0         0 0.000000000     -1          1
50              0              0         0 0.000000000     -1          2
51             70             71         2 0.269115743      1          0
52             72             73         1 0.546168003      1          0
53             74             75         2 0.116529600      1          0
54             76             77         2 0.407338942      1          0
55              0              0         0 0.000000000     -1          1
56             78             79         2 0.672827881      1          0
57              0              0         0 0.000000000     -1          1
58              0              0         0 0.000000000     -1          2
59             80             81         1 0.429379280      1          0
60              0              0         0 0.000000000     -1          2
61              0              0         0 0.000000000     -1          2
62             82             83         2 0.443440139      1          0
63             84             85         1 0.834439156      1          0
64              0              0         0 0.000000000     -1          2
65             86             87         1 0.980863975      1          0
66             88             89         2 0.855501507      1          0
67             90             91         2 0.941924431      1          0
68              0              0         0 0.000000000     -1          1
69              0              0         0 0.000000000     -1          2
70             92             93         1 0.229064200      1          0
71              0              0         0 0.000000000     -1          1
72             94             95         2 0.179561000      1          0
73              0              0         0 0.000000000     -1          1
74              0              0         0 0.000000000     -1          2
75              0              0         0 0.000000000     -1          1
76             96             97         1 0.466709813      1          0
77             98             99         1 0.145991236      1          0
78            100            101         1 0.130367600      1          0
79            102            103         2 0.955469484      1          0
80            104            105         2 0.843007334      1          0
81              0              0         0 0.000000000     -1          2
82            106            107         1 0.697034221      1          0
83              0              0         0 0.000000000     -1          1
84              0              0         0 0.000000000     -1          2
85              0              0         0 0.000000000     -1          1
86            108            109         1 0.978880333      1          0
87              0              0         0 0.000000000     -1          1
88              0              0         0 0.000000000     -1          2
89              0              0         0 0.000000000     -1          2
90              0              0         0 0.000000000     -1          1
91            110            111         1 0.772504379      1          0
92            112            113         1 0.049380048      1          0
93              0              0         0 0.000000000     -1          1
94              0              0         0 0.000000000     -1          1
95              0              0         0 0.000000000     -1          1
96            114            115         2 0.405036920      1          0
97              0              0         0 0.000000000     -1          1
98              0              0         0 0.000000000     -1          2
99              0              0         0 0.000000000     -1          2
100             0              0         0 0.000000000     -1          2
101             0              0         0 0.000000000     -1          1
102           116            117         2 0.844307500      1          0
103             0              0         0 0.000000000     -1          2
104             0              0         0 0.000000000     -1          1
105           118            119         1 0.314130304      1          0
106             0              0         0 0.000000000     -1          1
107           120            121         2 0.349313534      1          0
108           122            123         1 0.965481961      1          0
109             0              0         0 0.000000000     -1          2
110             0              0         0 0.000000000     -1          2
111             0              0         0 0.000000000     -1          2
112             0              0         0 0.000000000     -1          1
113             0              0         0 0.000000000     -1          1
114           124            125         1 0.111399175      1          0
115             0              0         0 0.000000000     -1          1
116           126            127         1 0.143460700      1          0
117             0              0         0 0.000000000     -1          2
118             0              0         0 0.000000000     -1          2
119             0              0         0 0.000000000     -1          2
120             0              0         0 0.000000000     -1          1
121             0              0         0 0.000000000     -1          1
122             0              0         0 0.000000000     -1          1
123             0              0         0 0.000000000     -1          1
124             0              0         0 0.000000000     -1          2
125             0              0         0 0.000000000     -1          2
126             0              0         0 0.000000000     -1          2
127             0              0         0 0.000000000     -1          2
