    left daughter right daughter split var split point status prediction
1               2              3         1  0.54718494      1          0
2               4              5         2  0.27646361      1          0
3               6              7         2  0.70110260      1          0
4               8              9         1  0.54094312      1          0
5              10             11         2  0.80313229      1          0
6              12             13         2  0.11608320      1          0
7              14             15         1  0.84118291      1          0
8              16             17         1  0.39259953      1          0
9               0              0         0  0.00000000     -1          2
10             18             19         2  0.50028720      1          0
11             20             21         2  0.80593314      1          0
12             22             23         2  0.10298915      1          0
13             24             25         1  0.95750713      1          0
14             26             27         1  0.71086865      1          0
15             28             29         2  0.79556435      1          0
16             30             31         1  0.29017548      1          0
17             32             33         1  0.50318918      1          0
18             34             35         1  0.49689342      1          0
19             36             37         1  0.53727295      1          0
20              0              0         0  0.00000000     -1          1
21             38             39         2  0.90894848      1          0
22             40             41         1  0.87842220      1          0
23              0              0         0  0.00000000     -1          1
24             42             43         1  0.89474500      1          0
25             44             45         1  0.96679822      1          0
26             46             47         2  0.98003788      1          0
27             48             49         2  0.70848149      1          0
28              0              0         0  0.00000000     -1          1
29             50             51         2  0.85143821      1          0
30             52             53         1  0.03982605      1          0
31             54             55         2  0.19489452      1          0
32              0              0         0  0.00000000     -1          1
33              0              0         0  0.00000000     -1          1
34             56             57         2  0.49171482      1          0
35              0              0         0  0.00000000     -1          1
36             58             59         2  0.52537677      1          0
37              0              0         0  0.00000000     -1          1
38             60             61         1  0.08893304      1          0
39             62             63         2  0.91836748      1          0
40              0              0         0  0.00000000     -1          1
41              0              0         0  0.00000000     -1          1
42             64             65         1  0.69752197      1          0
43             66             67         2  0.38654539      1          0
44              0              0         0  0.00000000     -1          2
45             68             69         1  0.98276933      1          0
46             70             71         1  0.56710012      1          0
47              0              0         0  0.00000000     -1          2
48              0              0         0  0.00000000     -1          1
49             72             73         1  0.71797360      1          0
50              0              0         0  0.00000000     -1          2
51             74             75         1  0.94366600      1          0
52              0              0         0  0.00000000     -1          1
53             76             77         2  0.26369095      1          0
54              0              0         0  0.00000000     -1          1
55              0              0         0  0.00000000     -1          2
56             78             79         1  0.05805378      1          0
57              0              0         0  0.00000000     -1          1
58             80             81         1  0.13583160      1          0
59             82             83         2  0.67600387      1          0
60              0              0         0  0.00000000     -1          2
61             84             85         2  0.86846572      1          0
62              0              0         0  0.00000000     -1          1
63             86             87         2  0.98035960      1          0
64             88             89         1  0.68779361      1          0
65              0              0         0  0.00000000     -1          1
66             90             91         2  0.34534851      1          0
67              0              0         0  0.00000000     -1          1
68              0              0         0  0.00000000     -1          1
69              0              0         0  0.00000000     -1          1
70              0              0         0  0.00000000     -1          2
71             92             93         2  0.70457291      1          0
72              0              0         0  0.00000000     -1          1
73             94             95         1  0.77671720      1          0
74              0              0         0  0.00000000     -1          2
75              0              0         0  0.00000000     -1          2
76             96             97         2  0.21851477      1          0
77              0              0         0  0.00000000     -1          1
78              0              0         0  0.00000000     -1          2
79             98             99         1  0.47050127      1          0
80              0              0         0  0.00000000     -1          2
81              0              0         0  0.00000000     -1          2
82              0              0         0  0.00000000     -1          2
83            100            101         1  0.10735923      1          0
84            102            103         2  0.86674211      1          0
85              0              0         0  0.00000000     -1          2
86            104            105         1  0.10667153      1          0
87              0              0         0  0.00000000     -1          2
88            106            107         1  0.58329317      1          0
89              0              0         0  0.00000000     -1          1
90              0              0         0  0.00000000     -1          1
91              0              0         0  0.00000000     -1          2
92              0              0         0  0.00000000     -1          1
93              0              0         0  0.00000000     -1          2
94              0              0         0  0.00000000     -1          2
95              0              0         0  0.00000000     -1          2
96            108            109         2  0.21564236      1          0
97              0              0         0  0.00000000     -1          1
98            110            111         2  0.45447944      1          0
99              0              0         0  0.00000000     -1          2
100             0              0         0  0.00000000     -1          2
101             0              0         0  0.00000000     -1          2
102           112            113         2  0.84300733      1          0
103             0              0         0  0.00000000     -1          1
104             0              0         0  0.00000000     -1          2
105           114            115         1  0.31276930      1          0
106             0              0         0  0.00000000     -1          1
107             0              0         0  0.00000000     -1          1
108           116            117         2  0.19472731      1          0
109             0              0         0  0.00000000     -1          2
110             0              0         0  0.00000000     -1          2
111           118            119         2  0.45668618      1          0
112             0              0         0  0.00000000     -1          2
113             0              0         0  0.00000000     -1          2
114             0              0         0  0.00000000     -1          2
115           120            121         1  0.32306651      1          0
116           122            123         1  0.15413135      1          0
117             0              0         0  0.00000000     -1          1
118             0              0         0  0.00000000     -1          1
119             0              0         0  0.00000000     -1          2
120             0              0         0  0.00000000     -1          1
121           124            125         2  0.97370070      1          0
122             0              0         0  0.00000000     -1          1
123           126            127         2  0.06228753      1          0
124             0              0         0  0.00000000     -1          2
125             0              0         0  0.00000000     -1          1
126             0              0         0  0.00000000     -1          1
127             0              0         0  0.00000000     -1          1
