    left daughter right daughter split var split point status prediction
1               2              3         1 0.547184944      1          0
2               4              5         2 0.295945691      1          0
3               6              7         2 0.703493275      1          0
4               8              9         2 0.146860375      1          0
5              10             11         1 0.487585113      1          0
6              12             13         1 0.923301249      1          0
7              14             15         1 0.900017124      1          0
8              16             17         2 0.033032973      1          0
9              18             19         1 0.541063316      1          0
10             20             21         2 0.662882107      1          0
11             22             23         2 0.477698212      1          0
12             24             25         1 0.859432216      1          0
13             26             27         1 0.980863975      1          0
14             28             29         2 0.764260275      1          0
15             30             31         2 0.825495890      1          0
16              0              0         0 0.000000000     -1          1
17             32             33         2 0.058781620      1          0
18             34             35         2 0.149612590      1          0
19              0              0         0 0.000000000     -1          2
20             36             37         2 0.391709799      1          0
21             38             39         1 0.100956968      1          0
22              0              0         0 0.000000000     -1          1
23             40             41         2 0.935387684      1          0
24             42             43         2 0.227315677      1          0
25             44             45         2 0.080287471      1          0
26             46             47         1 0.977905765      1          0
27              0              0         0 0.000000000     -1          1
28             48             49         2 0.759706918      1          0
29             50             51         1 0.748221912      1          0
30              0              0         0 0.000000000     -1          1
31              0              0         0 0.000000000     -1          2
32             52             53         2 0.057895838      1          0
33              0              0         0 0.000000000     -1          1
34              0              0         0 0.000000000     -1          2
35             54             55         2 0.276615439      1          0
36             56             57         2 0.389445332      1          0
37             58             59         1 0.453130950      1          0
38             60             61         1 0.090986499      1          0
39             62             63         2 0.665771412      1          0
40             64             65         1 0.494153192      1          0
41              0              0         0 0.000000000     -1          2
42             66             67         1 0.590852146      1          0
43             68             69         1 0.635107455      1          0
44              0              0         0 0.000000000     -1          1
45             70             71         2 0.233691038      1          0
46             72             73         2 0.541241005      1          0
47              0              0         0 0.000000000     -1          2
48             74             75         1 0.710868645      1          0
49              0              0         0 0.000000000     -1          1
50             76             77         1 0.736292582      1          0
51              0              0         0 0.000000000     -1          2
52              0              0         0 0.000000000     -1          1
53              0              0         0 0.000000000     -1          2
54             78             79         1 0.059889821      1          0
55              0              0         0 0.000000000     -1          1
56             80             81         2 0.369978922      1          0
57              0              0         0 0.000000000     -1          1
58             82             83         2 0.620631823      1          0
59              0              0         0 0.000000000     -1          2
60             84             85         1 0.004543806      1          0
61              0              0         0 0.000000000     -1          1
62              0              0         0 0.000000000     -1          1
63             86             87         1 0.313505380      1          0
64              0              0         0 0.000000000     -1          1
65             88             89         2 0.562273048      1          0
66              0              0         0 0.000000000     -1          1
67             90             91         1 0.612620691      1          0
68             92             93         2 0.686820618      1          0
69              0              0         0 0.000000000     -1          1
70              0              0         0 0.000000000     -1          1
71             94             95         1 0.864365663      1          0
72             96             97         1 0.939758167      1          0
73              0              0         0 0.000000000     -1          2
74              0              0         0 0.000000000     -1          2
75              0              0         0 0.000000000     -1          1
76             98             99         1 0.591104176      1          0
77              0              0         0 0.000000000     -1          1
78              0              0         0 0.000000000     -1          1
79            100            101         1 0.287959614      1          0
80            102            103         2 0.365283446      1          0
81              0              0         0 0.000000000     -1          2
82              0              0         0 0.000000000     -1          2
83            104            105         2 0.622409500      1          0
84              0              0         0 0.000000000     -1          1
85            106            107         2 0.738911841      1          0
86            108            109         1 0.161315134      1          0
87            110            111         1 0.320748847      1          0
88              0              0         0 0.000000000     -1          2
89              0              0         0 0.000000000     -1          2
90              0              0         0 0.000000000     -1          2
91            112            113         2 0.220649117      1          0
92            114            115         1 0.590389879      1          0
93              0              0         0 0.000000000     -1          2
94              0              0         0 0.000000000     -1          2
95            116            117         1 0.896097720      1          0
96              0              0         0 0.000000000     -1          2
97              0              0         0 0.000000000     -1          1
98              0              0         0 0.000000000     -1          2
99              0              0         0 0.000000000     -1          2
100           118            119         2 0.218514765      1          0
101           120            121         2 0.237844835      1          0
102           122            123         1 0.095570324      1          0
103             0              0         0 0.000000000     -1          1
104             0              0         0 0.000000000     -1          1
105             0              0         0 0.000000000     -1          2
106             0              0         0 0.000000000     -1          2
107             0              0         0 0.000000000     -1          2
108           124            125         2 0.911728259      1          0
109           126            127         2 0.695689423      1          0
110             0              0         0 0.000000000     -1          1
111             0              0         0 0.000000000     -1          2
112             0              0         0 0.000000000     -1          1
113             0              0         0 0.000000000     -1          2
114             0              0         0 0.000000000     -1          1
115             0              0         0 0.000000000     -1          1
116             0              0         0 0.000000000     -1          1
117             0              0         0 0.000000000     -1          1
118             0              0         0 0.000000000     -1          1
119             0              0         0 0.000000000     -1          1
120             0              0         0 0.000000000     -1          1
121             0              0         0 0.000000000     -1          2
122             0              0         0 0.000000000     -1          1
123             0              0         0 0.000000000     -1          2
124             0              0         0 0.000000000     -1          2
125             0              0         0 0.000000000     -1          2
126             0              0         0 0.000000000     -1          2
127             0              0         0 0.000000000     -1          2
