    left daughter right daughter split var split point status prediction
1               2              3         2  0.29984718      1          0
2               4              5         1  0.59791260      1          0
3               6              7         2  0.76352605      1          0
4               8              9         1  0.59245070      1          0
5              10             11         2  0.14216223      1          0
6              12             13         1  0.54918579      1          0
7              14             15         1  0.90001712      1          0
8              16             17         1  0.50318918      1          0
9               0              0         0  0.00000000     -1          2
10             18             19         1  0.73400941      1          0
11              0              0         0  0.00000000     -1          1
12             20             21         2  0.75580617      1          0
13             22             23         1  0.92094413      1          0
14             24             25         2  0.98229677      1          0
15             26             27         1  0.92600497      1          0
16             28             29         1  0.25153465      1          0
17             30             31         2  0.08222014      1          0
18              0              0         0  0.00000000     -1          1
19             32             33         2  0.10175395      1          0
20             34             35         1  0.49783517      1          0
21              0              0         0  0.00000000     -1          1
22             36             37         2  0.66767014      1          0
23             38             39         1  0.93975817      1          0
24             40             41         1  0.05560124      1          0
25              0              0         0  0.00000000     -1          2
26              0              0         0  0.00000000     -1          1
27              0              0         0  0.00000000     -1          2
28             42             43         1  0.25068772      1          0
29             44             45         2  0.19113146      1          0
30              0              0         0  0.00000000     -1          1
31             46             47         2  0.17577504      1          0
32             48             49         1  0.91276285      1          0
33              0              0         0  0.00000000     -1          2
34             50             51         2  0.37257486      1          0
35             52             53         1  0.51732397      1          0
36             54             55         2  0.44436840      1          0
37             56             57         2  0.67264255      1          0
38              0              0         0  0.00000000     -1          2
39             58             59         2  0.54124101      1          0
40              0              0         0  0.00000000     -1          1
41             60             61         2  0.98137468      1          0
42             62             63         2  0.27661544      1          0
43              0              0         0  0.00000000     -1          2
44              0              0         0  0.00000000     -1          1
45             64             65         1  0.36011097      1          0
46              0              0         0  0.00000000     -1          2
47              0              0         0  0.00000000     -1          1
48              0              0         0  0.00000000     -1          1
49              0              0         0  0.00000000     -1          1
50             66             67         2  0.36528345      1          0
51             68             69         1  0.13483670      1          0
52              0              0         0  0.00000000     -1          1
53             70             71         2  0.48622629      1          0
54             72             73         1  0.68969237      1          0
55              0              0         0  0.00000000     -1          1
56              0              0         0  0.00000000     -1          2
57             74             75         2  0.75384976      1          0
58              0              0         0  0.00000000     -1          1
59              0              0         0  0.00000000     -1          1
60             76             77         1  0.74822191      1          0
61              0              0         0  0.00000000     -1          1
62             78             79         1  0.22947692      1          0
63              0              0         0  0.00000000     -1          2
64              0              0         0  0.00000000     -1          1
65              0              0         0  0.00000000     -1          1
66             80             81         1  0.06353084      1          0
67              0              0         0  0.00000000     -1          1
68             82             83         1  0.13211611      1          0
69             84             85         1  0.49319634      1          0
70              0              0         0  0.00000000     -1          1
71              0              0         0  0.00000000     -1          2
72              0              0         0  0.00000000     -1          1
73             86             87         1  0.87051677      1          0
74             88             89         2  0.74780042      1          0
75              0              0         0  0.00000000     -1          1
76             90             91         2  0.92806410      1          0
77              0              0         0  0.00000000     -1          2
78             92             93         2  0.20723499      1          0
79              0              0         0  0.00000000     -1          1
80              0              0         0  0.00000000     -1          1
81             94             95         1  0.45314342      1          0
82             96             97         1  0.09286879      1          0
83              0              0         0  0.00000000     -1          1
84             98             99         2  0.62401683      1          0
85              0              0         0  0.00000000     -1          2
86              0              0         0  0.00000000     -1          1
87              0              0         0  0.00000000     -1          1
88            100            101         1  0.63754909      1          0
89              0              0         0  0.00000000     -1          2
90            102            103         2  0.78101938      1          0
91            104            105         1  0.72186119      1          0
92            106            107         1  0.04748561      1          0
93              0              0         0  0.00000000     -1          1
94              0              0         0  0.00000000     -1          2
95              0              0         0  0.00000000     -1          1
96            108            109         2  0.39170980      1          0
97            110            111         2  0.45134351      1          0
98            112            113         2  0.40912661      1          0
99            114            115         1  0.42813233      1          0
100             0              0         0  0.00000000     -1          2
101           116            117         1  0.72924507      1          0
102             0              0         0  0.00000000     -1          2
103           118            119         1  0.73353530      1          0
104           120            121         2  0.93261080      1          0
105             0              0         0  0.00000000     -1          1
106             0              0         0  0.00000000     -1          1
107           122            123         2  0.05878162      1          0
108             0              0         0  0.00000000     -1          1
109             0              0         0  0.00000000     -1          2
110             0              0         0  0.00000000     -1          2
111             0              0         0  0.00000000     -1          2
112           124            125         2  0.40562031      1          0
113             0              0         0  0.00000000     -1          2
114           126            127         2  0.68932534      1          0
115             0              0         0  0.00000000     -1          2
116             0              0         0  0.00000000     -1          1
117             0              0         0  0.00000000     -1          1
118             0              0         0  0.00000000     -1          2
119             0              0         0  0.00000000     -1          1
120             0              0         0  0.00000000     -1          1
121             0              0         0  0.00000000     -1          2
122             0              0         0  0.00000000     -1          1
123             0              0         0  0.00000000     -1          1
124             0              0         0  0.00000000     -1          2
125             0              0         0  0.00000000     -1          1
126             0              0         0  0.00000000     -1          2
127             0              0         0  0.00000000     -1          2
