    left daughter right daughter split var split point status prediction
1               2              3         2  0.29657201      1          0
2               4              5         2  0.20162033      1          0
3               6              7         2  0.76426028      1          0
4               8              9         2  0.03273823      1          0
5              10             11         2  0.20241907      1          0
6              12             13         2  0.64786344      1          0
7              14             15         1  0.15807750      1          0
8               0              0         0  0.00000000     -1          1
9              16             17         1  0.81845809      1          0
10              0              0         0  0.00000000     -1          2
11             18             19         2  0.20795728      1          0
12             20             21         1  0.54718494      1          0
13             22             23         2  0.74858429      1          0
14             24             25         2  0.80055490      1          0
15             26             27         2  0.78460485      1          0
16             28             29         1  0.54616800      1          0
17             30             31         1  0.84625822      1          0
18              0              0         0  0.00000000     -1          1
19             32             33         1  0.39205416      1          0
20             34             35         1  0.46897613      1          0
21             36             37         2  0.39519635      1          0
22             38             39         2  0.64992290      1          0
23              0              0         0  0.00000000     -1          1
24              0              0         0  0.00000000     -1          2
25             40             41         1  0.04564031      1          0
26              0              0         0  0.00000000     -1          2
27             42             43         2  0.84066729      1          0
28             44             45         2  0.03361731      1          0
29              0              0         0  0.00000000     -1          1
30              0              0         0  0.00000000     -1          2
31             46             47         1  0.92551225      1          0
32             48             49         1  0.28795961      1          0
33             50             51         1  0.90053584      1          0
34             52             53         2  0.53750629      1          0
35             54             55         1  0.53779592      1          0
36             56             57         2  0.39441511      1          0
37             58             59         2  0.62365520      1          0
38              0              0         0  0.00000000     -1          2
39             60             61         2  0.65303123      1          0
40              0              0         0  0.00000000     -1          2
41             62             63         1  0.10555050      1          0
42              0              0         0  0.00000000     -1          2
43             64             65         1  0.94366600      1          0
44              0              0         0  0.00000000     -1          2
45             66             67         1  0.54094312      1          0
46             68             69         2  0.08212020      1          0
47              0              0         0  0.00000000     -1          1
48             70             71         2  0.27661544      1          0
49              0              0         0  0.00000000     -1          2
50             72             73         2  0.27205268      1          0
51              0              0         0  0.00000000     -1          1
52             74             75         2  0.53263572      1          0
53              0              0         0  0.00000000     -1          2
54             76             77         2  0.50222742      1          0
55              0              0         0  0.00000000     -1          2
56             78             79         2  0.29875767      1          0
57              0              0         0  0.00000000     -1          2
58              0              0         0  0.00000000     -1          1
59             80             81         1  0.92244575      1          0
60              0              0         0  0.00000000     -1          1
61             82             83         2  0.66279063      1          0
62              0              0         0  0.00000000     -1          1
63              0              0         0  0.00000000     -1          2
64             84             85         1  0.30922142      1          0
65              0              0         0  0.00000000     -1          2
66             86             87         2  0.18397566      1          0
67              0              0         0  0.00000000     -1          2
68              0              0         0  0.00000000     -1          2
69              0              0         0  0.00000000     -1          1
70             88             89         1  0.15566645      1          0
71              0              0         0  0.00000000     -1          2
72              0              0         0  0.00000000     -1          1
73             90             91         1  0.62042722      1          0
74             92             93         1  0.33616313      1          0
75              0              0         0  0.00000000     -1          1
76             94             95         1  0.48973734      1          0
77              0              0         0  0.00000000     -1          2
78              0              0         0  0.00000000     -1          2
79             96             97         2  0.38293612      1          0
80              0              0         0  0.00000000     -1          1
81              0              0         0  0.00000000     -1          2
82              0              0         0  0.00000000     -1          2
83             98             99         2  0.66761046      1          0
84              0              0         0  0.00000000     -1          2
85            100            101         2  0.84113691      1          0
86            102            103         1  0.27759321      1          0
87              0              0         0  0.00000000     -1          1
88            104            105         2  0.21851477      1          0
89              0              0         0  0.00000000     -1          1
90              0              0         0  0.00000000     -1          1
91              0              0         0  0.00000000     -1          1
92            106            107         1  0.33162530      1          0
93            108            109         1  0.45313095      1          0
94              0              0         0  0.00000000     -1          2
95              0              0         0  0.00000000     -1          1
96            110            111         2  0.34572930      1          0
97              0              0         0  0.00000000     -1          1
98              0              0         0  0.00000000     -1          1
99            112            113         1  0.62318179      1          0
100             0              0         0  0.00000000     -1          1
101           114            115         2  0.90702198      1          0
102           116            117         2  0.09327705      1          0
103             0              0         0  0.00000000     -1          1
104             0              0         0  0.00000000     -1          2
105             0              0         0  0.00000000     -1          1
106           118            119         2  0.46445413      1          0
107             0              0         0  0.00000000     -1          1
108             0              0         0  0.00000000     -1          2
109             0              0         0  0.00000000     -1          2
110             0              0         0  0.00000000     -1          1
111             0              0         0  0.00000000     -1          1
112           120            121         2  0.68926136      1          0
113           122            123         1  0.76415281      1          0
114           124            125         2  0.86643935      1          0
115           126            127         2  0.94040232      1          0
116             0              0         0  0.00000000     -1          1
117             0              0         0  0.00000000     -1          1
118             0              0         0  0.00000000     -1          2
119             0              0         0  0.00000000     -1          2
120             0              0         0  0.00000000     -1          2
121             0              0         0  0.00000000     -1          2
122             0              0         0  0.00000000     -1          1
123             0              0         0  0.00000000     -1          1
124             0              0         0  0.00000000     -1          2
125             0              0         0  0.00000000     -1          2
126             0              0         0  0.00000000     -1          2
127             0              0         0  0.00000000     -1          2
