    left daughter right daughter split var split point status prediction
1               2              3         1 0.552054388      1          0
2               4              5         1 0.005050286      1          0
3               6              7         2 0.764260275      1          0
4               0              0         0 0.000000000     -1          1
5               8              9         1 0.122322764      1          0
6              10             11         1 0.824164111      1          0
7              12             13         2 0.801774543      1          0
8              14             15         2 0.349437666      1          0
9              16             17         2 0.276463605      1          0
10             18             19         1 0.610136417      1          0
11             20             21         2 0.078916794      1          0
12              0              0         0 0.000000000     -1          2
13             22             23         1 0.900017124      1          0
14             24             25         2 0.183759130      1          0
15             26             27         1 0.080145687      1          0
16             28             29         1 0.540941874      1          0
17             30             31         1 0.480753286      1          0
18             32             33         2 0.657788350      1          0
19             34             35         2 0.734456334      1          0
20             36             37         2 0.060400337      1          0
21             38             39         2 0.297982752      1          0
22             40             41         2 0.934865300      1          0
23              0              0         0 0.000000000     -1          2
24              0              0         0 0.000000000     -1          1
25             42             43         1 0.034472041      1          0
26             44             45         1 0.034204269      1          0
27             46             47         2 0.897372817      1          0
28             48             49         2 0.145559979      1          0
29              0              0         0 0.000000000     -1          2
30             50             51         1 0.314832400      1          0
31             52             53         2 0.514366732      1          0
32             54             55         2 0.210693195      1          0
33              0              0         0 0.000000000     -1          2
34             56             57         1 0.635107455      1          0
35              0              0         0 0.000000000     -1          1
36              0              0         0 0.000000000     -1          1
37              0              0         0 0.000000000     -1          2
38             58             59         1 0.956796471      1          0
39             60             61         2 0.298757666      1          0
40             62             63         2 0.817781782      1          0
41             64             65         2 0.946452592      1          0
42              0              0         0 0.000000000     -1          2
43             66             67         2 0.207345115      1          0
44              0              0         0 0.000000000     -1          2
45             68             69         1 0.036126534      1          0
46              0              0         0 0.000000000     -1          2
47              0              0         0 0.000000000     -1          1
48             70             71         1 0.503189177      1          0
49             72             73         2 0.198772276      1          0
50             74             75         2 0.695689423      1          0
51             76             77         1 0.321974069      1          0
52             78             79         1 0.539639563      1          0
53             80             81         1 0.541794275      1          0
54              0              0         0 0.000000000     -1          1
55              0              0         0 0.000000000     -1          1
56              0              0         0 0.000000000     -1          1
57             82             83         1 0.693985123      1          0
58              0              0         0 0.000000000     -1          1
59              0              0         0 0.000000000     -1          1
60              0              0         0 0.000000000     -1          2
61             84             85         1 0.824680887      1          0
62              0              0         0 0.000000000     -1          2
63              0              0         0 0.000000000     -1          2
64              0              0         0 0.000000000     -1          1
65             86             87         1 0.598718146      1          0
66              0              0         0 0.000000000     -1          1
67              0              0         0 0.000000000     -1          1
68              0              0         0 0.000000000     -1          1
69              0              0         0 0.000000000     -1          2
70              0              0         0 0.000000000     -1          1
71              0              0         0 0.000000000     -1          2
72              0              0         0 0.000000000     -1          2
73             88             89         2 0.245029159      1          0
74             90             91         2 0.670000091      1          0
75              0              0         0 0.000000000     -1          2
76              0              0         0 0.000000000     -1          1
77             92             93         1 0.373404489      1          0
78             94             95         1 0.497835174      1          0
79              0              0         0 0.000000000     -1          2
80             96             97         2 0.917780098      1          0
81              0              0         0 0.000000000     -1          1
82              0              0         0 0.000000000     -1          1
83             98             99         2 0.229499861      1          0
84              0              0         0 0.000000000     -1          2
85            100            101         2 0.386545391      1          0
86              0              0         0 0.000000000     -1          1
87              0              0         0 0.000000000     -1          2
88            102            103         2 0.218514765      1          0
89            104            105         1 0.360152378      1          0
90            106            107         2 0.618569607      1          0
91              0              0         0 0.000000000     -1          1
92              0              0         0 0.000000000     -1          2
93            108            109         2 0.624016830      1          0
94              0              0         0 0.000000000     -1          2
95              0              0         0 0.000000000     -1          1
96              0              0         0 0.000000000     -1          2
97              0              0         0 0.000000000     -1          2
98            110            111         2 0.223048692      1          0
99              0              0         0 0.000000000     -1          1
100           112            113         2 0.382936119      1          0
101           114            115         1 0.970096029      1          0
102             0              0         0 0.000000000     -1          1
103             0              0         0 0.000000000     -1          1
104             0              0         0 0.000000000     -1          2
105             0              0         0 0.000000000     -1          1
106             0              0         0 0.000000000     -1          2
107             0              0         0 0.000000000     -1          2
108           116            117         2 0.496767673      1          0
109           118            119         2 0.625315525      1          0
110           120            121         1 0.734009406      1          0
111             0              0         0 0.000000000     -1          2
112           122            123         1 0.980863975      1          0
113             0              0         0 0.000000000     -1          2
114           124            125         2 0.551101497      1          0
115             0              0         0 0.000000000     -1          1
116           126            127         2 0.491628328      1          0
117             0              0         0 0.000000000     -1          2
118             0              0         0 0.000000000     -1          1
119             0              0         0 0.000000000     -1          2
120             0              0         0 0.000000000     -1          1
121             0              0         0 0.000000000     -1          1
122             0              0         0 0.000000000     -1          1
123             0              0         0 0.000000000     -1          1
124             0              0         0 0.000000000     -1          1
125             0              0         0 0.000000000     -1          1
126             0              0         0 0.000000000     -1          2
127             0              0         0 0.000000000     -1          1
