    left daughter right daughter split var split point status prediction
1               2              3         2  0.29601551      1          0
2               4              5         2  0.13184519      1          0
3               6              7         2  0.68932534      1          0
4               8              9         2  0.03871202      1          0
5              10             11         1  0.60347755      1          0
6              12             13         2  0.68438226      1          0
7              14             15         1  0.88638562      1          0
8               0              0         0  0.00000000     -1          1
9              16             17         1  0.72548047      1          0
10             18             19         1  0.54098401      1          0
11             20             21         2  0.13594827      1          0
12             22             23         1  0.54360138      1          0
13              0              0         0  0.00000000     -1          1
14             24             25         2  0.90566555      1          0
15             26             27         2  0.96312603      1          0
16             28             29         1  0.30952843      1          0
17             30             31         1  0.88166361      1          0
18             32             33         2  0.27661544      1          0
19              0              0         0  0.00000000     -1          2
20              0              0         0  0.00000000     -1          2
21             34             35         2  0.14216223      1          0
22             36             37         2  0.52511411      1          0
23             38             39         1  0.85871973      1          0
24             40             41         1  0.68755419      1          0
25             42             43         1  0.57057317      1          0
26             44             45         2  0.78100888      1          0
27              0              0         0  0.00000000     -1          1
28             46             47         1  0.26631707      1          0
29              0              0         0  0.00000000     -1          1
30              0              0         0  0.00000000     -1          2
31              0              0         0  0.00000000     -1          1
32             48             49         1  0.22798826      1          0
33              0              0         0  0.00000000     -1          1
34              0              0         0  0.00000000     -1          1
35              0              0         0  0.00000000     -1          1
36             50             51         1  0.48719476      1          0
37             52             53         1  0.16578278      1          0
38             54             55         2  0.66767014      1          0
39             56             57         1  0.86134893      1          0
40             58             59         1  0.08113154      1          0
41             60             61         2  0.70848149      1          0
42             62             63         1  0.54179428      1          0
43             64             65         1  0.74650751      1          0
44              0              0         0  0.00000000     -1          1
45              0              0         0  0.00000000     -1          2
46              0              0         0  0.00000000     -1          1
47              0              0         0  0.00000000     -1          2
48             66             67         2  0.20491113      1          0
49             68             69         1  0.23538432      1          0
50             70             71         1  0.33931131      1          0
51              0              0         0  0.00000000     -1          1
52             72             73         1  0.15122155      1          0
53              0              0         0  0.00000000     -1          2
54             74             75         2  0.44344014      1          0
55              0              0         0  0.00000000     -1          1
56              0              0         0  0.00000000     -1          2
57             76             77         1  0.96548196      1          0
58              0              0         0  0.00000000     -1          2
59             78             79         2  0.70020828      1          0
60              0              0         0  0.00000000     -1          1
61             80             81         1  0.81790882      1          0
62             82             83         1  0.42647219      1          0
63              0              0         0  0.00000000     -1          1
64              0              0         0  0.00000000     -1          2
65              0              0         0  0.00000000     -1          2
66             84             85         2  0.20151350      1          0
67              0              0         0  0.00000000     -1          1
68              0              0         0  0.00000000     -1          2
69             86             87         2  0.23934533      1          0
70             88             89         1  0.33162530      1          0
71              0              0         0  0.00000000     -1          2
72             90             91         2  0.54019095      1          0
73              0              0         0  0.00000000     -1          1
74             92             93         2  0.42433579      1          0
75              0              0         0  0.00000000     -1          1
76             94             95         2  0.38654539      1          0
77              0              0         0  0.00000000     -1          1
78              0              0         0  0.00000000     -1          2
79             96             97         2  0.77206129      1          0
80             98             99         2  0.77197966      1          0
81              0              0         0  0.00000000     -1          2
82            100            101         1  0.38454706      1          0
83              0              0         0  0.00000000     -1          2
84              0              0         0  0.00000000     -1          1
85              0              0         0  0.00000000     -1          2
86              0              0         0  0.00000000     -1          1
87              0              0         0  0.00000000     -1          1
88            102            103         1  0.20315555      1          0
89              0              0         0  0.00000000     -1          1
90              0              0         0  0.00000000     -1          1
91              0              0         0  0.00000000     -1          2
92              0              0         0  0.00000000     -1          1
93              0              0         0  0.00000000     -1          2
94              0              0         0  0.00000000     -1          2
95            104            105         1  0.92349618      1          0
96              0              0         0  0.00000000     -1          2
97            106            107         2  0.78552421      1          0
98              0              0         0  0.00000000     -1          1
99            108            109         2  0.81778178      1          0
100           110            111         2  0.91836748      1          0
101             0              0         0  0.00000000     -1          1
102           112            113         2  0.52276182      1          0
103           114            115         1  0.29303955      1          0
104             0              0         0  0.00000000     -1          1
105             0              0         0  0.00000000     -1          2
106             0              0         0  0.00000000     -1          1
107           116            117         2  0.86433091      1          0
108             0              0         0  0.00000000     -1          2
109             0              0         0  0.00000000     -1          2
110             0              0         0  0.00000000     -1          1
111           118            119         1  0.05318636      1          0
112           120            121         1  0.20175022      1          0
113             0              0         0  0.00000000     -1          1
114             0              0         0  0.00000000     -1          2
115             0              0         0  0.00000000     -1          2
116           122            123         1  0.49627353      1          0
117             0              0         0  0.00000000     -1          2
118             0              0         0  0.00000000     -1          2
119           124            125         2  0.97023472      1          0
120           126            127         2  0.46445413      1          0
121             0              0         0  0.00000000     -1          1
122             0              0         0  0.00000000     -1          2
123             0              0         0  0.00000000     -1          2
124             0              0         0  0.00000000     -1          2
125             0              0         0  0.00000000     -1          2
126             0              0         0  0.00000000     -1          2
127             0              0         0  0.00000000     -1          2
