    left daughter right daughter split var split point status prediction
1               2              3         2 0.299847179      1          0
2               4              5         2 0.182613012      1          0
3               6              7         1 0.610145599      1          0
4               8              9         2 0.062337872      1          0
5              10             11         2 0.185178031      1          0
6              12             13         2 0.688856696      1          0
7              14             15         1 0.663507294      1          0
8              16             17         2 0.056517220      1          0
9              18             19         1 0.588010263      1          0
10              0              0         0 0.000000000     -1          2
11             20             21         2 0.207234988      1          0
12             22             23         2 0.684511801      1          0
13             24             25         1 0.004070566      1          0
14             26             27         2 0.683212967      1          0
15             28             29         2 0.771979661      1          0
16             30             31         2 0.032738230      1          0
17              0              0         0 0.000000000     -1          1
18              0              0         0 0.000000000     -1          1
19             32             33         1 0.601276561      1          0
20             34             35         1 0.108719081      1          0
21             36             37         1 0.956240655      1          0
22             38             39         2 0.359099208      1          0
23              0              0         0 0.000000000     -1          1
24              0              0         0 0.000000000     -1          1
25             40             41         2 0.906647015      1          0
26             42             43         2 0.453645969      1          0
27              0              0         0 0.000000000     -1          2
28             44             45         1 0.710868645      1          0
29             46             47         1 0.759846219      1          0
30              0              0         0 0.000000000     -1          1
31             48             49         2 0.033211110      1          0
32              0              0         0 0.000000000     -1          2
33             50             51         2 0.111191291      1          0
34              0              0         0 0.000000000     -1          2
35             52             53         1 0.360110968      1          0
36             54             55         1 0.340071522      1          0
37              0              0         0 0.000000000     -1          2
38             56             57         1 0.470201564      1          0
39             58             59         2 0.372154866      1          0
40             60             61         1 0.088029128      1          0
41             62             63         1 0.531707016      1          0
42              0              0         0 0.000000000     -1          1
43              0              0         0 0.000000000     -1          1
44             64             65         2 0.724171388      1          0
45             66             67         2 0.726460122      1          0
46              0              0         0 0.000000000     -1          2
47             68             69         2 0.795038111      1          0
48              0              0         0 0.000000000     -1          2
49             70             71         1 0.807445734      1          0
50              0              0         0 0.000000000     -1          1
51             72             73         1 0.758156083      1          0
52              0              0         0 0.000000000     -1          1
53              0              0         0 0.000000000     -1          1
54             74             75         2 0.279192225      1          0
55             76             77         1 0.697958926      1          0
56              0              0         0 0.000000000     -1          2
57              0              0         0 0.000000000     -1          1
58              0              0         0 0.000000000     -1          1
59             78             79         1 0.503487266      1          0
60             80             81         1 0.074082601      1          0
61             82             83         1 0.373223868      1          0
62             84             85         1 0.325696956      1          0
63              0              0         0 0.000000000     -1          2
64             86             87         1 0.687791335      1          0
65              0              0         0 0.000000000     -1          2
66             88             89         2 0.546118263      1          0
67              0              0         0 0.000000000     -1          1
68              0              0         0 0.000000000     -1          2
69             90             91         1 0.943665997      1          0
70              0              0         0 0.000000000     -1          1
71              0              0         0 0.000000000     -1          1
72              0              0         0 0.000000000     -1          1
73              0              0         0 0.000000000     -1          1
74             92             93         2 0.218557255      1          0
75              0              0         0 0.000000000     -1          2
76             94             95         2 0.227554020      1          0
77              0              0         0 0.000000000     -1          1
78             96             97         1 0.204528250      1          0
79             98             99         2 0.618706835      1          0
80            100            101         2 0.841576925      1          0
81              0              0         0 0.000000000     -1          1
82              0              0         0 0.000000000     -1          2
83            102            103         2 0.772584543      1          0
84            104            105         2 0.917224675      1          0
85            106            107         2 0.935387684      1          0
86              0              0         0 0.000000000     -1          1
87              0              0         0 0.000000000     -1          1
88              0              0         0 0.000000000     -1          1
89            108            109         2 0.556172372      1          0
90              0              0         0 0.000000000     -1          2
91              0              0         0 0.000000000     -1          2
92              0              0         0 0.000000000     -1          1
93            110            111         1 0.282330826      1          0
94              0              0         0 0.000000000     -1          1
95            112            113         1 0.570258409      1          0
96            114            115         2 0.662882107      1          0
97            116            117         1 0.332076859      1          0
98            118            119         1 0.547184944      1          0
99              0              0         0 0.000000000     -1          2
100             0              0         0 0.000000000     -1          2
101             0              0         0 0.000000000     -1          2
102             0              0         0 0.000000000     -1          2
103           120            121         2 0.785701789      1          0
104             0              0         0 0.000000000     -1          1
105           122            123         1 0.309221418      1          0
106             0              0         0 0.000000000     -1          2
107             0              0         0 0.000000000     -1          2
108             0              0         0 0.000000000     -1          2
109             0              0         0 0.000000000     -1          1
110           124            125         2 0.263690946      1          0
111             0              0         0 0.000000000     -1          2
112             0              0         0 0.000000000     -1          1
113             0              0         0 0.000000000     -1          1
114           126            127         1 0.195044016      1          0
115             0              0         0 0.000000000     -1          2
116             0              0         0 0.000000000     -1          2
117             0              0         0 0.000000000     -1          2
118             0              0         0 0.000000000     -1          1
119             0              0         0 0.000000000     -1          1
120             0              0         0 0.000000000     -1          1
121             0              0         0 0.000000000     -1          2
122             0              0         0 0.000000000     -1          2
123             0              0         0 0.000000000     -1          1
124             0              0         0 0.000000000     -1          1
125             0              0         0 0.000000000     -1          1
126             0              0         0 0.000000000     -1          2
127             0              0         0 0.000000000     -1          1
