    left daughter right daughter split var split point status prediction
1               2              3         2 0.296015515      1          0
2               4              5         1 0.345853201      1          0
3               6              7         2 0.787749749      1          0
4               8              9         1 0.343451623      1          0
5              10             11         2 0.241700108      1          0
6              12             13         1 0.497062974      1          0
7              14             15         2 0.904652414      1          0
8              16             17         2 0.269115743      1          0
9               0              0         0 0.000000000     -1          2
10             18             19         2 0.223048692      1          0
11              0              0         0 0.000000000     -1          1
12             20             21         1 0.165599244      1          0
13             22             23         2 0.749258792      1          0
14             24             25         2 0.799487011      1          0
15             26             27         1 0.004070566      1          0
16             28             29         1 0.290175475      1          0
17              0              0         0 0.000000000     -1          2
18             30             31         1 0.506263682      1          0
19              0              0         0 0.000000000     -1          1
20             32             33         1 0.083044619      1          0
21             34             35         1 0.334209427      1          0
22             36             37         1 0.607354930      1          0
23             38             39         1 0.872128048      1          0
24              0              0         0 0.000000000     -1          2
25             40             41         1 0.944098964      1          0
26              0              0         0 0.000000000     -1          1
27             42             43         1 0.398123982      1          0
28             44             45         1 0.041572533      1          0
29              0              0         0 0.000000000     -1          1
30              0              0         0 0.000000000     -1          1
31             46             47         2 0.142162230      1          0
32             48             49         2 0.368674650      1          0
33             50             51         1 0.100956968      1          0
34             52             53         1 0.331625298      1          0
35             54             55         1 0.373404489      1          0
36             56             57         2 0.580929810      1          0
37             58             59         1 0.858719732      1          0
38              0              0         0 0.000000000     -1          2
39              0              0         0 0.000000000     -1          1
40              0              0         0 0.000000000     -1          2
41              0              0         0 0.000000000     -1          2
42             60             61         2 0.961016026      1          0
43             62             63         1 0.425078804      1          0
44              0              0         0 0.000000000     -1          1
45             64             65         2 0.220335820      1          0
46             66             67         1 0.536848994      1          0
47              0              0         0 0.000000000     -1          1
48              0              0         0 0.000000000     -1          2
49             68             69         1 0.033769422      1          0
50              0              0         0 0.000000000     -1          1
51             70             71         2 0.662882107      1          0
52             72             73         1 0.308345682      1          0
53              0              0         0 0.000000000     -1          1
54              0              0         0 0.000000000     -1          2
55             74             75         2 0.764083533      1          0
56             76             77         1 0.543601379      1          0
57              0              0         0 0.000000000     -1          2
58             78             79         2 0.726235509      1          0
59             80             81         2 0.350188345      1          0
60              0              0         0 0.000000000     -1          2
61              0              0         0 0.000000000     -1          2
62              0              0         0 0.000000000     -1          1
63             82             83         1 0.485592624      1          0
64             84             85         2 0.217555284      1          0
65              0              0         0 0.000000000     -1          1
66              0              0         0 0.000000000     -1          2
67             86             87         1 0.762431061      1          0
68              0              0         0 0.000000000     -1          2
69              0              0         0 0.000000000     -1          2
70              0              0         0 0.000000000     -1          2
71              0              0         0 0.000000000     -1          2
72             88             89         1 0.305013237      1          0
73              0              0         0 0.000000000     -1          2
74             90             91         2 0.623802698      1          0
75              0              0         0 0.000000000     -1          1
76              0              0         0 0.000000000     -1          1
77              0              0         0 0.000000000     -1          1
78             92             93         2 0.709421122      1          0
79              0              0         0 0.000000000     -1          2
80              0              0         0 0.000000000     -1          2
81             94             95         2 0.630539795      1          0
82              0              0         0 0.000000000     -1          2
83             96             97         1 0.505878241      1          0
84             98             99         2 0.146860375      1          0
85              0              0         0 0.000000000     -1          2
86              0              0         0 0.000000000     -1          1
87            100            101         1 0.790484179      1          0
88            102            103         1 0.272915115      1          0
89              0              0         0 0.000000000     -1          1
90              0              0         0 0.000000000     -1          2
91              0              0         0 0.000000000     -1          2
92            104            105         2 0.443440139      1          0
93              0              0         0 0.000000000     -1          1
94            106            107         2 0.622502928      1          0
95              0              0         0 0.000000000     -1          1
96              0              0         0 0.000000000     -1          1
97            108            109         2 0.946452592      1          0
98            110            111         2 0.058781620      1          0
99              0              0         0 0.000000000     -1          1
100             0              0         0 0.000000000     -1          2
101           112            113         2 0.129157581      1          0
102           114            115         1 0.203155548      1          0
103           116            117         1 0.275018724      1          0
104           118            119         1 0.697034221      1          0
105           120            121         1 0.635107455      1          0
106           122            123         1 0.965481961      1          0
107             0              0         0 0.000000000     -1          2
108             0              0         0 0.000000000     -1          1
109           124            125         2 0.966222548      1          0
110             0              0         0 0.000000000     -1          1
111             0              0         0 0.000000000     -1          1
112           126            127         2 0.070817233      1          0
113             0              0         0 0.000000000     -1          2
114             0              0         0 0.000000000     -1          2
115             0              0         0 0.000000000     -1          2
116             0              0         0 0.000000000     -1          1
117             0              0         0 0.000000000     -1          2
118             0              0         0 0.000000000     -1          1
119             0              0         0 0.000000000     -1          1
120             0              0         0 0.000000000     -1          1
121             0              0         0 0.000000000     -1          1
122             0              0         0 0.000000000     -1          1
123             0              0         0 0.000000000     -1          1
124             0              0         0 0.000000000     -1          2
125             0              0         0 0.000000000     -1          2
126             0              0         0 0.000000000     -1          1
127             0              0         0 0.000000000     -1          1
