    left daughter right daughter split var split point status prediction
1               2              3         2  0.29657201      1          0
2               4              5         2  0.14877655      1          0
3               6              7         2  0.69608952      1          0
4               8              9         2  0.03273823      1          0
5              10             11         2  0.14961259      1          0
6              12             13         1  0.54718494      1          0
7              14             15         1  0.86539426      1          0
8               0              0         0  0.00000000     -1          1
9              16             17         1  0.76920970      1          0
10              0              0         0  0.00000000     -1          2
11             18             19         2  0.28462773      1          0
12             20             21         1  0.47050127      1          0
13             22             23         2  0.62365520      1          0
14             24             25         2  0.91594939      1          0
15             26             27         2  0.80073696      1          0
16             28             29         2  0.03303297      1          0
17             30             31         2  0.07494259      1          0
18             32             33         2  0.28405808      1          0
19              0              0         0  0.00000000     -1          1
20             34             35         2  0.68451180      1          0
21             36             37         1  0.52795795      1          0
22             38             39         2  0.43385377      1          0
23             40             41         1  0.92244575      1          0
24             42             43         1  0.16059447      1          0
25             44             45         1  0.13612807      1          0
26              0              0         0  0.00000000     -1          1
27             46             47         1  0.97271013      1          0
28              0              0         0  0.00000000     -1          2
29             48             49         1  0.14640176      1          0
30              0              0         0  0.00000000     -1          2
31             50             51         1  0.79048418      1          0
32             52             53         2  0.17160794      1          0
33              0              0         0  0.00000000     -1          2
34             54             55         1  0.13959331      1          0
35              0              0         0  0.00000000     -1          2
36             56             57         2  0.51771652      1          0
37              0              0         0  0.00000000     -1          2
38             58             59         1  0.92094413      1          0
39              0              0         0  0.00000000     -1          1
40             60             61         1  0.64088679      1          0
41              0              0         0  0.00000000     -1          2
42             62             63         1  0.14935324      1          0
43             64             65         1  0.31505378      1          0
44              0              0         0  0.00000000     -1          2
45             66             67         1  0.39339627      1          0
46             68             69         1  0.95871347      1          0
47              0              0         0  0.00000000     -1          2
48              0              0         0  0.00000000     -1          1
49             70             71         2  0.13711571      1          0
50              0              0         0  0.00000000     -1          2
51              0              0         0  0.00000000     -1          1
52              0              0         0  0.00000000     -1          1
53             72             73         2  0.17601758      1          0
54             74             75         2  0.52276182      1          0
55             76             77         2  0.49844701      1          0
56              0              0         0  0.00000000     -1          1
57              0              0         0  0.00000000     -1          2
58             78             79         1  0.67275711      1          0
59             80             81         2  0.38654539      1          0
60              0              0         0  0.00000000     -1          1
61              0              0         0  0.00000000     -1          1
62             82             83         2  0.84069778      1          0
63              0              0         0  0.00000000     -1          1
64              0              0         0  0.00000000     -1          2
65             84             85         1  0.32651753      1          0
66              0              0         0  0.00000000     -1          2
67             86             87         2  0.94558300      1          0
68              0              0         0  0.00000000     -1          2
69              0              0         0  0.00000000     -1          1
70             88             89         1  0.16423639      1          0
71              0              0         0  0.00000000     -1          1
72              0              0         0  0.00000000     -1          2
73             90             91         1  0.35118358      1          0
74             92             93         1  0.09100313      1          0
75             94             95         2  0.54019095      1          0
76             96             97         2  0.49785999      1          0
77             98             99         1  0.42894032      1          0
78              0              0         0  0.00000000     -1          1
79              0              0         0  0.00000000     -1          1
80              0              0         0  0.00000000     -1          1
81              0              0         0  0.00000000     -1          1
82              0              0         0  0.00000000     -1          2
83              0              0         0  0.00000000     -1          2
84              0              0         0  0.00000000     -1          1
85            100            101         1  0.73856568      1          0
86              0              0         0  0.00000000     -1          2
87            102            103         1  0.41779667      1          0
88              0              0         0  0.00000000     -1          2
89            104            105         2  0.08346668      1          0
90            106            107         1  0.28795961      1          0
91            108            109         1  0.94796064      1          0
92              0              0         0  0.00000000     -1          2
93              0              0         0  0.00000000     -1          2
94              0              0         0  0.00000000     -1          1
95            110            111         2  0.62104619      1          0
96            112            113         1  0.29634197      1          0
97              0              0         0  0.00000000     -1          1
98              0              0         0  0.00000000     -1          2
99              0              0         0  0.00000000     -1          2
100           114            115         1  0.37141303      1          0
101             0              0         0  0.00000000     -1          2
102             0              0         0  0.00000000     -1          1
103           116            117         2  0.94587094      1          0
104             0              0         0  0.00000000     -1          1
105           118            119         2  0.09289698      1          0
106           120            121         1  0.18633064      1          0
107             0              0         0  0.00000000     -1          2
108           122            123         1  0.58820647      1          0
109             0              0         0  0.00000000     -1          2
110             0              0         0  0.00000000     -1          2
111             0              0         0  0.00000000     -1          2
112           124            125         1  0.29303955      1          0
113           126            127         2  0.49162833      1          0
114             0              0         0  0.00000000     -1          2
115             0              0         0  0.00000000     -1          2
116             0              0         0  0.00000000     -1          1
117             0              0         0  0.00000000     -1          2
118             0              0         0  0.00000000     -1          2
119             0              0         0  0.00000000     -1          1
120             0              0         0  0.00000000     -1          1
121             0              0         0  0.00000000     -1          1
122             0              0         0  0.00000000     -1          1
123             0              0         0  0.00000000     -1          1
124             0              0         0  0.00000000     -1          2
125             0              0         0  0.00000000     -1          1
126             0              0         0  0.00000000     -1          2
127             0              0         0  0.00000000     -1          2
