    left daughter right daughter split var split point status prediction
1               2              3         1  0.61472869      1          0
2               4              5         2  0.29650218      1          0
3               6              7         1  0.82468089      1          0
4               8              9         1  0.50626368      1          0
5              10             11         1  0.48790492      1          0
6              12             13         1  0.80647492      1          0
7              14             15         2  0.79556435      1          0
8              16             17         1  0.39259953      1          0
9              18             19         1  0.51688453      1          0
10             20             21         1  0.10307557      1          0
11             22             23         1  0.59804237      1          0
12             24             25         2  0.72447921      1          0
13             26             27         1  0.80797701      1          0
14             28             29         1  0.92231124      1          0
15             30             31         2  0.85550151      1          0
16             32             33         1  0.39001899      1          0
17              0              0         0  0.00000000     -1          1
18              0              0         0  0.00000000     -1          2
19             34             35         2  0.12851459      1          0
20             36             37         2  0.95546948      1          0
21             38             39         2  0.91203847      1          0
22             40             41         2  0.52528519      1          0
23             42             43         2  0.63671879      1          0
24             44             45         1  0.73471907      1          0
25             46             47         1  0.73856568      1          0
26              0              0         0  0.00000000     -1          2
27             48             49         1  0.81847029      1          0
28             50             51         1  0.88012470      1          0
29             52             53         2  0.04444647      1          0
30              0              0         0  0.00000000     -1          2
31              0              0         0  0.00000000     -1          2
32             54             55         2  0.14850393      1          0
33              0              0         0  0.00000000     -1          2
34              0              0         0  0.00000000     -1          1
35              0              0         0  0.00000000     -1          1
36             56             57         2  0.36867465      1          0
37              0              0         0  0.00000000     -1          1
38             58             59         1  0.37354346      1          0
39             60             61         1  0.16674739      1          0
40             62             63         2  0.37811435      1          0
41             64             65         2  0.67928419      1          0
42              0              0         0  0.00000000     -1          1
43              0              0         0  0.00000000     -1          2
44             66             67         2  0.68915618      1          0
45              0              0         0  0.00000000     -1          1
46              0              0         0  0.00000000     -1          2
47              0              0         0  0.00000000     -1          2
48             68             69         2  0.77413024      1          0
49              0              0         0  0.00000000     -1          2
50             70             71         2  0.72458391      1          0
51             72             73         1  0.91002478      1          0
52              0              0         0  0.00000000     -1          2
53             74             75         1  0.92365804      1          0
54             76             77         2  0.05878162      1          0
55             78             79         2  0.15437523      1          0
56              0              0         0  0.00000000     -1          2
57             80             81         1  0.09286879      1          0
58             82             83         2  0.36745939      1          0
59             84             85         1  0.42895922      1          0
60              0              0         0  0.00000000     -1          1
61             86             87         1  0.30614312      1          0
62              0              0         0  0.00000000     -1          2
63             88             89         1  0.49689342      1          0
64             90             91         1  0.54944217      1          0
65             92             93         2  0.86022524      1          0
66             94             95         1  0.73400941      1          0
67              0              0         0  0.00000000     -1          1
68              0              0         0  0.00000000     -1          1
69              0              0         0  0.00000000     -1          2
70             96             97         2  0.07494259      1          0
71              0              0         0  0.00000000     -1          2
72              0              0         0  0.00000000     -1          1
73              0              0         0  0.00000000     -1          1
74              0              0         0  0.00000000     -1          2
75             98             99         1  0.98086397      1          0
76            100            101         1  0.15413135      1          0
77              0              0         0  0.00000000     -1          1
78              0              0         0  0.00000000     -1          2
79            102            103         1  0.30801266      1          0
80            104            105         2  0.39170980      1          0
81              0              0         0  0.00000000     -1          1
82              0              0         0  0.00000000     -1          2
83            106            107         1  0.37340449      1          0
84              0              0         0  0.00000000     -1          2
85            108            109         1  0.42921143      1          0
86              0              0         0  0.00000000     -1          2
87              0              0         0  0.00000000     -1          2
88              0              0         0  0.00000000     -1          1
89              0              0         0  0.00000000     -1          1
90              0              0         0  0.00000000     -1          2
91              0              0         0  0.00000000     -1          1
92              0              0         0  0.00000000     -1          2
93            110            111         2  0.86762214      1          0
94            112            113         2  0.44344014      1          0
95              0              0         0  0.00000000     -1          2
96              0              0         0  0.00000000     -1          1
97              0              0         0  0.00000000     -1          1
98            114            115         2  0.40343326      1          0
99              0              0         0  0.00000000     -1          1
100             0              0         0  0.00000000     -1          1
101             0              0         0  0.00000000     -1          1
102           116            117         1  0.04938005      1          0
103             0              0         0  0.00000000     -1          2
104             0              0         0  0.00000000     -1          2
105             0              0         0  0.00000000     -1          2
106           118            119         2  0.37215487      1          0
107             0              0         0  0.00000000     -1          1
108             0              0         0  0.00000000     -1          1
109             0              0         0  0.00000000     -1          2
110             0              0         0  0.00000000     -1          1
111           120            121         1  0.49188124      1          0
112           122            123         2  0.42433579      1          0
113             0              0         0  0.00000000     -1          1
114           124            125         2  0.39441511      1          0
115           126            127         2  0.63839004      1          0
116             0              0         0  0.00000000     -1          1
117             0              0         0  0.00000000     -1          1
118             0              0         0  0.00000000     -1          1
119             0              0         0  0.00000000     -1          2
120             0              0         0  0.00000000     -1          1
121             0              0         0  0.00000000     -1          2
122             0              0         0  0.00000000     -1          1
123             0              0         0  0.00000000     -1          2
124             0              0         0  0.00000000     -1          1
125             0              0         0  0.00000000     -1          2
126             0              0         0  0.00000000     -1          1
127             0              0         0  0.00000000     -1          1
