    left daughter right daughter split var split point status prediction
1               2              3         2 0.315145176      1          0
2               4              5         1 0.188840210      1          0
3               6              7         2 0.696407201      1          0
4               8              9         2 0.201513502      1          0
5              10             11         2 0.284058084      1          0
6              12             13         1 0.511214219      1          0
7              14             15         1 0.004070566      1          0
8               0              0         0 0.000000000     -1          1
9              16             17         2 0.202456520      1          0
10             18             19         1 0.503189177      1          0
11             20             21         2 0.284627732      1          0
12             22             23         1 0.155696595      1          0
13             24             25         2 0.667560593      1          0
14              0              0         0 0.000000000     -1          1
15             26             27         1 0.816305451      1          0
16              0              0         0 0.000000000     -1          2
17             28             29         1 0.113591017      1          0
18             30             31         1 0.276272316      1          0
19             32             33         1 0.546168003      1          0
20              0              0         0 0.000000000     -1          2
21             34             35         2 0.296572006      1          0
22             36             37         2 0.660904468      1          0
23             38             39         1 0.497835174      1          0
24             40             41         2 0.337599174      1          0
25             42             43         1 0.675652977      1          0
26             44             45         2 0.842079142      1          0
27             46             47         2 0.796655938      1          0
28              0              0         0 0.000000000     -1          1
29              0              0         0 0.000000000     -1          1
30             48             49         1 0.261108887      1          0
31             50             51         2 0.237844835      1          0
32              0              0         0 0.000000000     -1          2
33             52             53         2 0.138575629      1          0
34              0              0         0 0.000000000     -1          1
35              0              0         0 0.000000000     -1          1
36             54             55         2 0.391709799      1          0
37              0              0         0 0.000000000     -1          1
38             56             57         1 0.203155548      1          0
39              0              0         0 0.000000000     -1          2
40              0              0         0 0.000000000     -1          1
41             58             59         2 0.625767691      1          0
42              0              0         0 0.000000000     -1          2
43              0              0         0 0.000000000     -1          1
44             60             61         2 0.778177423      1          0
45             62             63         1 0.055601241      1          0
46              0              0         0 0.000000000     -1          1
47             64             65         2 0.966115423      1          0
48             66             67         2 0.156984415      1          0
49              0              0         0 0.000000000     -1          2
50              0              0         0 0.000000000     -1          1
51              0              0         0 0.000000000     -1          1
52             68             69         1 0.880124702      1          0
53             70             71         2 0.223048692      1          0
54              0              0         0 0.000000000     -1          1
55             72             73         1 0.033769422      1          0
56             74             75         2 0.638637555      1          0
57              0              0         0 0.000000000     -1          2
58             76             77         1 0.547184944      1          0
59              0              0         0 0.000000000     -1          1
60              0              0         0 0.000000000     -1          2
61             78             79         2 0.780303928      1          0
62              0              0         0 0.000000000     -1          2
63             80             81         2 0.945870945      1          0
64             82             83         2 0.924740241      1          0
65              0              0         0 0.000000000     -1          1
66              0              0         0 0.000000000     -1          1
67              0              0         0 0.000000000     -1          1
68             84             85         1 0.824012159      1          0
69             86             87         2 0.044446470      1          0
70              0              0         0 0.000000000     -1          1
71             88             89         2 0.225840993      1          0
72              0              0         0 0.000000000     -1          2
73             90             91         1 0.036975123      1          0
74             92             93         1 0.201750215      1          0
75              0              0         0 0.000000000     -1          1
76              0              0         0 0.000000000     -1          1
77             94             95         1 0.923496184      1          0
78              0              0         0 0.000000000     -1          1
79             96             97         1 0.738565679      1          0
80             98             99         2 0.906647015      1          0
81              0              0         0 0.000000000     -1          2
82              0              0         0 0.000000000     -1          2
83              0              0         0 0.000000000     -1          2
84            100            101         1 0.762431061      1          0
85              0              0         0 0.000000000     -1          2
86              0              0         0 0.000000000     -1          1
87              0              0         0 0.000000000     -1          1
88              0              0         0 0.000000000     -1          2
89            102            103         2 0.236582517      1          0
90              0              0         0 0.000000000     -1          1
91            104            105         2 0.465193057      1          0
92              0              0         0 0.000000000     -1          2
93              0              0         0 0.000000000     -1          1
94            106            107         2 0.444368403      1          0
95            108            109         1 0.932300736      1          0
96            110            111         1 0.094803443      1          0
97              0              0         0 0.000000000     -1          2
98            112            113         1 0.506808838      1          0
99            114            115         2 0.915949391      1          0
100           116            117         2 0.133688486      1          0
101             0              0         0 0.000000000     -1          1
102             0              0         0 0.000000000     -1          1
103             0              0         0 0.000000000     -1          1
104             0              0         0 0.000000000     -1          2
105           118            119         1 0.123468875      1          0
106           120            121         2 0.441260217      1          0
107             0              0         0 0.000000000     -1          1
108             0              0         0 0.000000000     -1          2
109           122            123         1 0.965481961      1          0
110             0              0         0 0.000000000     -1          2
111             0              0         0 0.000000000     -1          2
112           124            125         1 0.483902829      1          0
113             0              0         0 0.000000000     -1          2
114             0              0         0 0.000000000     -1          1
115           126            127         2 0.945576585      1          0
116             0              0         0 0.000000000     -1          1
117             0              0         0 0.000000000     -1          2
118             0              0         0 0.000000000     -1          2
119             0              0         0 0.000000000     -1          2
120             0              0         0 0.000000000     -1          1
121             0              0         0 0.000000000     -1          2
122             0              0         0 0.000000000     -1          1
123             0              0         0 0.000000000     -1          1
124             0              0         0 0.000000000     -1          2
125             0              0         0 0.000000000     -1          1
126             0              0         0 0.000000000     -1          2
127             0              0         0 0.000000000     -1          1
