    left daughter right daughter split var split point status prediction
1               2              3         1 0.548402564      1          0
2               4              5         1 0.108960476      1          0
3               6              7         1 0.982390553      1          0
4               8              9         2 0.370926360      1          0
5              10             11         2 0.295611866      1          0
6              12             13         1 0.977637019      1          0
7               0              0         0 0.000000000     -1          1
8              14             15         2 0.316890176      1          0
9              16             17         1 0.079261120      1          0
10             18             19         1 0.541063316      1          0
11             20             21         2 0.834022812      1          0
12             22             23         2 0.704572909      1          0
13              0              0         0 0.000000000     -1          2
14             24             25         1 0.041452801      1          0
15              0              0         0 0.000000000     -1          1
16             26             27         1 0.004085713      1          0
17              0              0         0 0.000000000     -1          1
18             28             29         1 0.392054156      1          0
19              0              0         0 0.000000000     -1          2
20             30             31         1 0.489737336      1          0
21             32             33         2 0.843365268      1          0
22             34             35         2 0.442168452      1          0
23             36             37         2 0.822627658      1          0
24             38             39         1 0.038800150      1          0
25              0              0         0 0.000000000     -1          1
26              0              0         0 0.000000000     -1          1
27             40             41         1 0.033769422      1          0
28             42             43         2 0.239345335      1          0
29             44             45         1 0.504096368      1          0
30             46             47         1 0.161315134      1          0
31             48             49         1 0.517323971      1          0
32              0              0         0 0.000000000     -1          1
33             50             51         1 0.541794275      1          0
34             52             53         2 0.424459968      1          0
35             54             55         1 0.610136417      1          0
36             56             57         2 0.789553521      1          0
37             58             59         1 0.598718146      1          0
38             60             61         2 0.181541377      1          0
39              0              0         0 0.000000000     -1          2
40              0              0         0 0.000000000     -1          2
41             62             63         1 0.036126534      1          0
42             64             65         1 0.127394091      1          0
43              0              0         0 0.000000000     -1          1
44              0              0         0 0.000000000     -1          1
45              0              0         0 0.000000000     -1          1
46             66             67         2 0.787263304      1          0
47             68             69         2 0.624016830      1          0
48              0              0         0 0.000000000     -1          1
49             70             71         2 0.576652730      1          0
50             72             73         2 0.868465715      1          0
51              0              0         0 0.000000000     -1          1
52             74             75         2 0.296923790      1          0
53              0              0         0 0.000000000     -1          2
54             76             77         2 0.661968393      1          0
55             78             79         1 0.923004267      1          0
56             80             81         1 0.779937667      1          0
57              0              0         0 0.000000000     -1          1
58              0              0         0 0.000000000     -1          2
59             82             83         2 0.941924431      1          0
60              0              0         0 0.000000000     -1          1
61              0              0         0 0.000000000     -1          1
62              0              0         0 0.000000000     -1          1
63             84             85         2 0.734518167      1          0
64              0              0         0 0.000000000     -1          1
65             86             87         1 0.229476916      1          0
66             88             89         1 0.152186130      1          0
67              0              0         0 0.000000000     -1          2
68             90             91         1 0.477977047      1          0
69             92             93         1 0.373223868      1          0
70              0              0         0 0.000000000     -1          2
71              0              0         0 0.000000000     -1          2
72              0              0         0 0.000000000     -1          2
73             94             95         2 0.908638265      1          0
74             96             97         2 0.138575629      1          0
75             98             99         1 0.858719732      1          0
76              0              0         0 0.000000000     -1          1
77              0              0         0 0.000000000     -1          2
78              0              0         0 0.000000000     -1          1
79              0              0         0 0.000000000     -1          1
80              0              0         0 0.000000000     -1          2
81              0              0         0 0.000000000     -1          1
82            100            101         2 0.938040258      1          0
83              0              0         0 0.000000000     -1          2
84              0              0         0 0.000000000     -1          2
85              0              0         0 0.000000000     -1          2
86              0              0         0 0.000000000     -1          1
87            102            103         2 0.198176938      1          0
88            104            105         1 0.122247584      1          0
89              0              0         0 0.000000000     -1          1
90            106            107         2 0.369978922      1          0
91              0              0         0 0.000000000     -1          2
92            108            109         2 0.695689423      1          0
93            110            111         2 0.642430517      1          0
94              0              0         0 0.000000000     -1          2
95            112            113         2 0.910153209      1          0
96            114            115         1 0.592450696      1          0
97            116            117         1 0.957544846      1          0
98              0              0         0 0.000000000     -1          1
99              0              0         0 0.000000000     -1          2
100           118            119         2 0.907579542      1          0
101             0              0         0 0.000000000     -1          1
102           120            121         2 0.185911893      1          0
103             0              0         0 0.000000000     -1          1
104             0              0         0 0.000000000     -1          2
105             0              0         0 0.000000000     -1          2
106           122            123         1 0.301899003      1          0
107             0              0         0 0.000000000     -1          2
108             0              0         0 0.000000000     -1          2
109             0              0         0 0.000000000     -1          2
110             0              0         0 0.000000000     -1          1
111             0              0         0 0.000000000     -1          2
112             0              0         0 0.000000000     -1          1
113           124            125         1 0.323066515      1          0
114             0              0         0 0.000000000     -1          1
115           126            127         1 0.601276561      1          0
116             0              0         0 0.000000000     -1          1
117             0              0         0 0.000000000     -1          1
118             0              0         0 0.000000000     -1          2
119             0              0         0 0.000000000     -1          2
120             0              0         0 0.000000000     -1          1
121             0              0         0 0.000000000     -1          2
122             0              0         0 0.000000000     -1          2
123             0              0         0 0.000000000     -1          2
124             0              0         0 0.000000000     -1          2
125             0              0         0 0.000000000     -1          2
126             0              0         0 0.000000000     -1          2
127             0              0         0 0.000000000     -1          1
