    left daughter right daughter split var split point status prediction
1               2              3         1 0.560692739      1          0
2               4              5         2 0.295406773      1          0
3               6              7         1 0.626156945      1          0
4               8              9         2 0.246367189      1          0
5              10             11         2 0.525114113      1          0
6              12             13         2 0.649161756      1          0
7              14             15         2 0.800736960      1          0
8              16             17         2 0.083675545      1          0
9              18             19         2 0.246786654      1          0
10             20             21         2 0.523692428      1          0
11             22             23         1 0.541794275      1          0
12             24             25         1 0.593030843      1          0
13             26             27         2 0.904872228      1          0
14             28             29         2 0.724479205      1          0
15             30             31         2 0.966115423      1          0
16              0              0         0 0.000000000     -1          1
17             32             33         2 0.084313316      1          0
18              0              0         0 0.000000000     -1          2
19             34             35         1 0.360152378      1          0
20             36             37         1 0.451541273      1          0
21              0              0         0 0.000000000     -1          1
22             38             39         1 0.004070566      1          0
23              0              0         0 0.000000000     -1          2
24              0              0         0 0.000000000     -1          1
25             40             41         1 0.594770831      1          0
26              0              0         0 0.000000000     -1          2
27              0              0         0 0.000000000     -1          1
28             42             43         1 0.924600339      1          0
29             44             45         1 0.767933367      1          0
30             46             47         1 0.958713467      1          0
31              0              0         0 0.000000000     -1          2
32              0              0         0 0.000000000     -1          2
33             48             49         2 0.207345115      1          0
34             50             51         1 0.212251793      1          0
35              0              0         0 0.000000000     -1          1
36             52             53         2 0.391709799      1          0
37             54             55         1 0.536525998      1          0
38              0              0         0 0.000000000     -1          1
39             56             57         1 0.081131540      1          0
40              0              0         0 0.000000000     -1          2
41              0              0         0 0.000000000     -1          1
42             58             59         1 0.878422202      1          0
43             60             61         2 0.044446470      1          0
44              0              0         0 0.000000000     -1          2
45              0              0         0 0.000000000     -1          1
46             62             63         1 0.748360886      1          0
47              0              0         0 0.000000000     -1          2
48             64             65         2 0.145559205      1          0
49              0              0         0 0.000000000     -1          1
50              0              0         0 0.000000000     -1          1
51              0              0         0 0.000000000     -1          2
52             66             67         1 0.059511452      1          0
53             68             69         2 0.456686181      1          0
54             70             71         1 0.496893423      1          0
55              0              0         0 0.000000000     -1          2
56             72             73         2 0.800554901      1          0
57             74             75         1 0.314210973      1          0
58             76             77         2 0.116909380      1          0
59             78             79         1 0.880124702      1          0
60              0              0         0 0.000000000     -1          1
61             80             81         1 0.939758167      1          0
62             82             83         1 0.737905236      1          0
63              0              0         0 0.000000000     -1          2
64             84             85         1 0.266317068      1          0
65             86             87         1 0.064939426      1          0
66              0              0         0 0.000000000     -1          2
67             88             89         1 0.292255743      1          0
68             90             91         2 0.454479443      1          0
69              0              0         0 0.000000000     -1          2
70              0              0         0 0.000000000     -1          1
71              0              0         0 0.000000000     -1          1
72             92             93         2 0.537506286      1          0
73              0              0         0 0.000000000     -1          2
74             94             95         1 0.159629890      1          0
75             96             97         1 0.322173779      1          0
76             98             99         2 0.103315607      1          0
77              0              0         0 0.000000000     -1          1
78              0              0         0 0.000000000     -1          2
79            100            101         1 0.897135081      1          0
80              0              0         0 0.000000000     -1          1
81            102            103         2 0.142381439      1          0
82              0              0         0 0.000000000     -1          2
83              0              0         0 0.000000000     -1          1
84              0              0         0 0.000000000     -1          1
85            104            105         2 0.093909998      1          0
86              0              0         0 0.000000000     -1          2
87            106            107         2 0.149612590      1          0
88              0              0         0 0.000000000     -1          2
89            108            109         2 0.356679531      1          0
90              0              0         0 0.000000000     -1          2
91              0              0         0 0.000000000     -1          1
92              0              0         0 0.000000000     -1          1
93              0              0         0 0.000000000     -1          2
94            110            111         2 0.662882107      1          0
95              0              0         0 0.000000000     -1          2
96              0              0         0 0.000000000     -1          1
97            112            113         1 0.399968982      1          0
98              0              0         0 0.000000000     -1          1
99              0              0         0 0.000000000     -1          2
100           114            115         2 0.322327739      1          0
101             0              0         0 0.000000000     -1          1
102             0              0         0 0.000000000     -1          1
103           116            117         2 0.546118263      1          0
104             0              0         0 0.000000000     -1          1
105             0              0         0 0.000000000     -1          1
106             0              0         0 0.000000000     -1          2
107           118            119         1 0.503135898      1          0
108             0              0         0 0.000000000     -1          2
109             0              0         0 0.000000000     -1          1
110             0              0         0 0.000000000     -1          2
111           120            121         1 0.149353244      1          0
112             0              0         0 0.000000000     -1          2
113           122            123         1 0.402424641      1          0
114             0              0         0 0.000000000     -1          1
115             0              0         0 0.000000000     -1          1
116             0              0         0 0.000000000     -1          1
117             0              0         0 0.000000000     -1          1
118             0              0         0 0.000000000     -1          1
119             0              0         0 0.000000000     -1          2
120             0              0         0 0.000000000     -1          2
121             0              0         0 0.000000000     -1          1
122             0              0         0 0.000000000     -1          1
123           124            125         1 0.494026398      1          0
124           126            127         1 0.493198225      1          0
125             0              0         0 0.000000000     -1          2
126             0              0         0 0.000000000     -1          2
127             0              0         0 0.000000000     -1          1
