    left daughter right daughter split var split point status prediction
1               2              3         1  0.47665407      1          0
2               4              5         1  0.16329644      1          0
3               6              7         1  0.90554248      1          0
4               8              9         2  0.35898989      1          0
5              10             11         2  0.27242589      1          0
6              12             13         1  0.53417463      1          0
7              14             15         2  0.84223782      1          0
8              16             17         1  0.10537053      1          0
9              18             19         2  0.87288115      1          0
10             20             21         1  0.46827330      1          0
11             22             23         1  0.45171950      1          0
12             24             25         1  0.51586418      1          0
13             26             27         1  0.90493413      1          0
14             28             29         2  0.17291136      1          0
15              0              0         0  0.00000000     -1          2
16             30             31         2  0.29790178      1          0
17              0              0         0  0.00000000     -1          1
18             32             33         1  0.16151562      1          0
19             34             35         2  0.88943880      1          0
20             36             37         2  0.14489326      1          0
21              0              0         0  0.00000000     -1          2
22             38             39         2  0.43714831      1          0
23              0              0         0  0.00000000     -1          2
24             40             41         1  0.51369974      1          0
25             42             43         2  0.14726784      1          0
26             44             45         1  0.73444487      1          0
27              0              0         0  0.00000000     -1          2
28              0              0         0  0.00000000     -1          1
29             46             47         1  0.94969887      1          0
30             48             49         2  0.16838373      1          0
31              0              0         0  0.00000000     -1          2
32             50             51         1  0.14371735      1          0
33              0              0         0  0.00000000     -1          1
34              0              0         0  0.00000000     -1          1
35             52             53         1  0.10509745      1          0
36              0              0         0  0.00000000     -1          1
37             54             55         2  0.14807266      1          0
38              0              0         0  0.00000000     -1          2
39             56             57         2  0.43951965      1          0
40             58             59         1  0.50492791      1          0
41              0              0         0  0.00000000     -1          1
42              0              0         0  0.00000000     -1          1
43             60             61         2  0.45420996      1          0
44             62             63         2  0.67278890      1          0
45             64             65         2  0.74261562      1          0
46              0              0         0  0.00000000     -1          1
47             66             67         1  0.96812818      1          0
48             68             69         2  0.11643403      1          0
49              0              0         0  0.00000000     -1          1
50             70             71         1  0.03966790      1          0
51              0              0         0  0.00000000     -1          2
52              0              0         0  0.00000000     -1          2
53              0              0         0  0.00000000     -1          2
54              0              0         0  0.00000000     -1          2
55             72             73         1  0.21384610      1          0
56              0              0         0  0.00000000     -1          1
57             74             75         1  0.36042109      1          0
58             76             77         1  0.50245086      1          0
59              0              0         0  0.00000000     -1          2
60              0              0         0  0.00000000     -1          2
61              0              0         0  0.00000000     -1          2
62             78             79         1  0.54922485      1          0
63             80             81         1  0.63993966      1          0
64             82             83         1  0.74172063      1          0
65             84             85         2  0.77499333      1          0
66              0              0         0  0.00000000     -1          1
67              0              0         0  0.00000000     -1          1
68              0              0         0  0.00000000     -1          1
69              0              0         0  0.00000000     -1          2
70              0              0         0  0.00000000     -1          2
71              0              0         0  0.00000000     -1          2
72              0              0         0  0.00000000     -1          1
73              0              0         0  0.00000000     -1          1
74             86             87         1  0.25096607      1          0
75             88             89         2  0.55842046      1          0
76             90             91         2  0.41946913      1          0
77              0              0         0  0.00000000     -1          1
78              0              0         0  0.00000000     -1          1
79             92             93         2  0.01730011      1          0
80              0              0         0  0.00000000     -1          2
81             94             95         2  0.74650697      1          0
82              0              0         0  0.00000000     -1          2
83             96             97         2  0.07652747      1          0
84              0              0         0  0.00000000     -1          2
85              0              0         0  0.00000000     -1          2
86             98             99         1  0.24822669      1          0
87              0              0         0  0.00000000     -1          2
88              0              0         0  0.00000000     -1          2
89            100            101         2  0.78762360      1          0
90              0              0         0  0.00000000     -1          1
91              0              0         0  0.00000000     -1          2
92              0              0         0  0.00000000     -1          2
93            102            103         2  0.48073767      1          0
94              0              0         0  0.00000000     -1          1
95            104            105         2  0.91128749      1          0
96              0              0         0  0.00000000     -1          1
97            106            107         2  0.08557436      1          0
98              0              0         0  0.00000000     -1          2
99              0              0         0  0.00000000     -1          1
100             0              0         0  0.00000000     -1          2
101             0              0         0  0.00000000     -1          2
102           108            109         2  0.47875605      1          0
103             0              0         0  0.00000000     -1          1
104             0              0         0  0.00000000     -1          2
105             0              0         0  0.00000000     -1          2
106             0              0         0  0.00000000     -1          2
107           110            111         2  0.63621029      1          0
108           112            113         1  0.65678444      1          0
109             0              0         0  0.00000000     -1          2
110           114            115         1  0.87535957      1          0
111             0              0         0  0.00000000     -1          1
112           116            117         2  0.07596058      1          0
113             0              0         0  0.00000000     -1          1
114           118            119         1  0.81060474      1          0
115             0              0         0  0.00000000     -1          1
116             0              0         0  0.00000000     -1          1
117           120            121         2  0.34889438      1          0
118           122            123         1  0.80704874      1          0
119             0              0         0  0.00000000     -1          1
120             0              0         0  0.00000000     -1          1
121           124            125         2  0.36013159      1          0
122           126            127         2  0.25706875      1          0
123             0              0         0  0.00000000     -1          2
124             0              0         0  0.00000000     -1          2
125             0              0         0  0.00000000     -1          1
126             0              0         0  0.00000000     -1          1
127           128            129         2  0.46857066      1          0
128             0              0         0  0.00000000     -1          1
129             0              0         0  0.00000000     -1          1
