    left daughter right daughter split var split point status prediction
1               2              3         2  0.28583829      1          0
2               4              5         1  0.06755995      1          0
3               6              7         1  0.57971737      1          0
4               0              0         0  0.00000000     -1          1
5               8              9         2  0.25669507      1          0
6              10             11         2  0.42828319      1          0
7              12             13         2  0.74650697      1          0
8              14             15         1  0.56995383      1          0
9               0              0         0  0.00000000     -1          1
10             16             17         2  0.41741440      1          0
11             18             19         2  0.84334139      1          0
12             20             21         1  0.97938427      1          0
13             22             23         2  0.82401883      1          0
14             24             25         2  0.21511692      1          0
15             26             27         2  0.25103121      1          0
16             28             29         1  0.44056637      1          0
17              0              0         0  0.00000000     -1          1
18             30             31         1  0.05134276      1          0
19             32             33         2  0.88823910      1          0
20             34             35         2  0.28896726      1          0
21              0              0         0  0.00000000     -1          2
22             36             37         2  0.81977041      1          0
23             38             39         2  0.90902693      1          0
24             40             41         1  0.29369992      1          0
25             42             43         2  0.21636777      1          0
26             44             45         2  0.22634677      1          0
27              0              0         0  0.00000000     -1          2
28             46             47         2  0.35898989      1          0
29             48             49         1  0.53836964      1          0
30              0              0         0  0.00000000     -1          2
31             50             51         2  0.56267828      1          0
32             52             53         1  0.02757617      1          0
33             54             55         1  0.33072123      1          0
34              0              0         0  0.00000000     -1          1
35             56             57         2  0.64071449      1          0
36             58             59         2  0.80421707      1          0
37              0              0         0  0.00000000     -1          1
38             60             61         2  0.90613887      1          0
39              0              0         0  0.00000000     -1          2
40             62             63         1  0.27300324      1          0
41              0              0         0  0.00000000     -1          1
42              0              0         0  0.00000000     -1          2
43             64             65         2  0.21998464      1          0
44             66             67         2  0.22174527      1          0
45              0              0         0  0.00000000     -1          1
46             68             69         1  0.14596213      1          0
47              0              0         0  0.00000000     -1          2
48              0              0         0  0.00000000     -1          1
49              0              0         0  0.00000000     -1          1
50             70             71         1  0.51990109      1          0
51             72             73         2  0.64197908      1          0
52              0              0         0  0.00000000     -1          1
53             74             75         2  0.84502746      1          0
54             76             77         1  0.27331190      1          0
55              0              0         0  0.00000000     -1          2
56             78             79         2  0.53332004      1          0
57             80             81         1  0.66115255      1          0
58              0              0         0  0.00000000     -1          2
59              0              0         0  0.00000000     -1          2
60             82             83         2  0.87811685      1          0
61              0              0         0  0.00000000     -1          1
62             84             85         1  0.21650577      1          0
63              0              0         0  0.00000000     -1          2
64              0              0         0  0.00000000     -1          1
65             86             87         1  0.18688002      1          0
66             88             89         2  0.17877342      1          0
67              0              0         0  0.00000000     -1          2
68              0              0         0  0.00000000     -1          1
69              0              0         0  0.00000000     -1          2
70             90             91         1  0.25502788      1          0
71              0              0         0  0.00000000     -1          1
72              0              0         0  0.00000000     -1          2
73             92             93         1  0.25079444      1          0
74              0              0         0  0.00000000     -1          1
75             94             95         1  0.26443692      1          0
76             96             97         2  0.93179904      1          0
77              0              0         0  0.00000000     -1          1
78             98             99         2  0.53019999      1          0
79              0              0         0  0.00000000     -1          1
80              0              0         0  0.00000000     -1          2
81            100            101         1  0.94825754      1          0
82              0              0         0  0.00000000     -1          2
83              0              0         0  0.00000000     -1          2
84              0              0         0  0.00000000     -1          1
85              0              0         0  0.00000000     -1          1
86              0              0         0  0.00000000     -1          1
87              0              0         0  0.00000000     -1          1
88            102            103         1  0.60108910      1          0
89              0              0         0  0.00000000     -1          1
90            104            105         2  0.56002733      1          0
91            106            107         1  0.48911572      1          0
92            108            109         2  0.65775478      1          0
93            110            111         2  0.71823186      1          0
94              0              0         0  0.00000000     -1          2
95              0              0         0  0.00000000     -1          2
96              0              0         0  0.00000000     -1          2
97              0              0         0  0.00000000     -1          2
98            112            113         2  0.47875605      1          0
99              0              0         0  0.00000000     -1          2
100           114            115         2  0.70227658      1          0
101             0              0         0  0.00000000     -1          1
102             0              0         0  0.00000000     -1          2
103           116            117         1  0.97407934      1          0
104             0              0         0  0.00000000     -1          2
105             0              0         0  0.00000000     -1          1
106             0              0         0  0.00000000     -1          2
107             0              0         0  0.00000000     -1          2
108             0              0         0  0.00000000     -1          1
109           118            119         1  0.18338929      1          0
110           120            121         1  0.44041106      1          0
111             0              0         0  0.00000000     -1          2
112           122            123         2  0.36717034      1          0
113           124            125         2  0.48041234      1          0
114           126            127         2  0.69143244      1          0
115             0              0         0  0.00000000     -1          1
116           128            129         2  0.17291136      1          0
117             0              0         0  0.00000000     -1          1
118             0              0         0  0.00000000     -1          2
119             0              0         0  0.00000000     -1          2
120             0              0         0  0.00000000     -1          2
121             0              0         0  0.00000000     -1          2
122           130            131         1  0.92412685      1          0
123             0              0         0  0.00000000     -1          1
124             0              0         0  0.00000000     -1          2
125             0              0         0  0.00000000     -1          1
126             0              0         0  0.00000000     -1          1
127             0              0         0  0.00000000     -1          2
128           132            133         2  0.01809590      1          0
129             0              0         0  0.00000000     -1          2
130             0              0         0  0.00000000     -1          1
131             0              0         0  0.00000000     -1          1
132             0              0         0  0.00000000     -1          1
133           134            135         1  0.96633407      1          0
134           136            137         1  0.74068923      1          0
135             0              0         0  0.00000000     -1          2
136             0              0         0  0.00000000     -1          1
137           138            139         2  0.07652747      1          0
138             0              0         0  0.00000000     -1          1
139           140            141         2  0.08932487      1          0
140             0              0         0  0.00000000     -1          2
141           142            143         2  0.15134826      1          0
142             0              0         0  0.00000000     -1          1
143             0              0         0  0.00000000     -1          1
