    left daughter right daughter split var split point status prediction
1               2              3         2  0.43961183      1          0
2               4              5         1  0.43981062      1          0
3               6              7         1  0.62011501      1          0
4               8              9         1  0.18336327      1          0
5              10             11         2  0.27795177      1          0
6              12             13         2  0.98563727      1          0
7              14             15         1  0.81136092      1          0
8              16             17         2  0.29790178      1          0
9              18             19         1  0.33206400      1          0
10             20             21         2  0.21229329      1          0
11             22             23         1  0.88476003      1          0
12             24             25         1  0.45074648      1          0
13              0              0         0  0.00000000     -1          1
14             26             27         1  0.73602028      1          0
15             28             29         2  0.89427517      1          0
16             30             31         2  0.15122935      1          0
17             32             33         2  0.33007516      1          0
18             34             35         2  0.26384362      1          0
19             36             37         2  0.24846029      1          0
20             38             39         2  0.17444086      1          0
21             40             41         2  0.21961031      1          0
22             42             43         2  0.43342577      1          0
23             44             45         1  0.89010585      1          0
24             46             47         2  0.85303534      1          0
25             48             49         2  0.71871618      1          0
26             50             51         2  0.74650697      1          0
27             52             53         1  0.74382351      1          0
28             54             55         2  0.58468032      1          0
29              0              0         0  0.00000000     -1          2
30             56             57         2  0.05510417      1          0
31             58             59         1  0.17277259      1          0
32              0              0         0  0.00000000     -1          2
33             60             61         2  0.35828631      1          0
34             62             63         2  0.22106015      1          0
35              0              0         0  0.00000000     -1          2
36              0              0         0  0.00000000     -1          1
37              0              0         0  0.00000000     -1          2
38             64             65         2  0.15763417      1          0
39              0              0         0  0.00000000     -1          1
40              0              0         0  0.00000000     -1          2
41             66             67         1  0.77179455      1          0
42             68             69         1  0.50992845      1          0
43              0              0         0  0.00000000     -1          1
44              0              0         0  0.00000000     -1          2
45             70             71         1  0.95672555      1          0
46             72             73         1  0.18745158      1          0
47             74             75         2  0.87937744      1          0
48             76             77         1  0.45945067      1          0
49             78             79         1  0.49980108      1          0
50              0              0         0  0.00000000     -1          1
51             80             81         1  0.64935828      1          0
52              0              0         0  0.00000000     -1          2
53             82             83         1  0.74687444      1          0
54             84             85         1  0.87313465      1          0
55             86             87         2  0.58586125      1          0
56              0              0         0  0.00000000     -1          1
57              0              0         0  0.00000000     -1          1
58              0              0         0  0.00000000     -1          1
59              0              0         0  0.00000000     -1          1
60              0              0         0  0.00000000     -1          2
61              0              0         0  0.00000000     -1          2
62             88             89         1  0.23061510      1          0
63              0              0         0  0.00000000     -1          1
64             90             91         1  0.58274242      1          0
65              0              0         0  0.00000000     -1          2
66              0              0         0  0.00000000     -1          2
67              0              0         0  0.00000000     -1          1
68              0              0         0  0.00000000     -1          1
69             92             93         1  0.66365757      1          0
70              0              0         0  0.00000000     -1          1
71              0              0         0  0.00000000     -1          1
72             94             95         1  0.18121089      1          0
73             96             97         1  0.39371045      1          0
74              0              0         0  0.00000000     -1          1
75             98             99         1  0.02267513      1          0
76              0              0         0  0.00000000     -1          1
77            100            101         2  0.46852071      1          0
78              0              0         0  0.00000000     -1          2
79              0              0         0  0.00000000     -1          2
80              0              0         0  0.00000000     -1          2
81              0              0         0  0.00000000     -1          2
82              0              0         0  0.00000000     -1          1
83            102            103         2  0.68862158      1          0
84              0              0         0  0.00000000     -1          1
85              0              0         0  0.00000000     -1          1
86              0              0         0  0.00000000     -1          2
87            104            105         2  0.73934065      1          0
88              0              0         0  0.00000000     -1          1
89              0              0         0  0.00000000     -1          1
90            106            107         1  0.53666833      1          0
91            108            109         2  0.06647851      1          0
92            110            111         2  0.35450464      1          0
93              0              0         0  0.00000000     -1          1
94            112            113         2  0.64197908      1          0
95              0              0         0  0.00000000     -1          1
96              0              0         0  0.00000000     -1          2
97            114            115         1  0.40050789      1          0
98              0              0         0  0.00000000     -1          1
99            116            117         2  0.92429681      1          0
100             0              0         0  0.00000000     -1          2
101           118            119         2  0.49394535      1          0
102             0              0         0  0.00000000     -1          1
103             0              0         0  0.00000000     -1          2
104           120            121         2  0.65752738      1          0
105           122            123         2  0.76929458      1          0
106             0              0         0  0.00000000     -1          1
107             0              0         0  0.00000000     -1          1
108           124            125         1  0.92335182      1          0
109           126            127         1  0.61858993      1          0
110             0              0         0  0.00000000     -1          1
111             0              0         0  0.00000000     -1          1
112             0              0         0  0.00000000     -1          2
113           128            129         2  0.64321895      1          0
114             0              0         0  0.00000000     -1          1
115             0              0         0  0.00000000     -1          2
116           130            131         1  0.23217869      1          0
117           132            133         2  0.92911781      1          0
118             0              0         0  0.00000000     -1          1
119           134            135         2  0.51275901      1          0
120             0              0         0  0.00000000     -1          1
121             0              0         0  0.00000000     -1          1
122             0              0         0  0.00000000     -1          2
123             0              0         0  0.00000000     -1          1
124           136            137         1  0.76166186      1          0
125             0              0         0  0.00000000     -1          2
126             0              0         0  0.00000000     -1          2
127           138            139         2  0.11975513      1          0
128             0              0         0  0.00000000     -1          1
129           140            141         1  0.04981526      1          0
130             0              0         0  0.00000000     -1          2
131             0              0         0  0.00000000     -1          1
132             0              0         0  0.00000000     -1          1
133           142            143         2  0.93335847      1          0
134             0              0         0  0.00000000     -1          2
135           144            145         2  0.55141375      1          0
136             0              0         0  0.00000000     -1          1
137             0              0         0  0.00000000     -1          1
138             0              0         0  0.00000000     -1          1
139             0              0         0  0.00000000     -1          1
140             0              0         0  0.00000000     -1          2
141             0              0         0  0.00000000     -1          2
142             0              0         0  0.00000000     -1          2
143           146            147         1  0.32725872      1          0
144             0              0         0  0.00000000     -1          1
145           148            149         1  0.51830916      1          0
146             0              0         0  0.00000000     -1          2
147             0              0         0  0.00000000     -1          2
148             0              0         0  0.00000000     -1          2
149           150            151         1  0.52418952      1          0
150             0              0         0  0.00000000     -1          1
151           152            153         2  0.65919880      1          0
152             0              0         0  0.00000000     -1          2
153             0              0         0  0.00000000     -1          2
