    left daughter right daughter split var split point status prediction
1               2              3         1  0.44001754      1          0
2               4              5         2  0.28474595      1          0
3               6              7         1  0.58621214      1          0
4               8              9         2  0.11643403      1          0
5              10             11         2  0.64197908      1          0
6              12             13         2  0.44415765      1          0
7              14             15         2  0.73934065      1          0
8              16             17         1  0.05702361      1          0
9              18             19         2  0.14113833      1          0
10             20             21         1  0.15013830      1          0
11             22             23         1  0.24902755      1          0
12             24             25         1  0.52360242      1          0
13             26             27         1  0.55714380      1          0
14             28             29         2  0.64195154      1          0
15             30             31         2  0.82401883      1          0
16              0              0         0  0.00000000     -1          1
17             32             33         2  0.02818425      1          0
18              0              0         0  0.00000000     -1          2
19             34             35         1  0.20755839      1          0
20             36             37         2  0.35828631      1          0
21              0              0         0  0.00000000     -1          2
22             38             39         1  0.24701562      1          0
23             40             41         2  0.97279511      1          0
24             42             43         2  0.21696184      1          0
25             44             45         1  0.52663843      1          0
26             46             47         2  0.85197538      1          0
27              0              0         0  0.00000000     -1          2
28             48             49         1  0.93103277      1          0
29             50             51         1  0.62878363      1          0
30             52             53         1  0.86415472      1          0
31             54             55         1  0.98568126      1          0
32              0              0         0  0.00000000     -1          1
33              0              0         0  0.00000000     -1          1
34             56             57         1  0.09447330      1          0
35             58             59         1  0.23061510      1          0
36              0              0         0  0.00000000     -1          1
37             60             61         1  0.13681802      1          0
38             62             63         2  0.68738775      1          0
39              0              0         0  0.00000000     -1          1
40              0              0         0  0.00000000     -1          2
41              0              0         0  0.00000000     -1          2
42              0              0         0  0.00000000     -1          1
43              0              0         0  0.00000000     -1          1
44              0              0         0  0.00000000     -1          2
45             64             65         1  0.55096658      1          0
46             66             67         1  0.54577937      1          0
47              0              0         0  0.00000000     -1          2
48             68             69         2  0.08932487      1          0
49             70             71         2  0.56042022      1          0
50              0              0         0  0.00000000     -1          2
51             72             73         1  0.99286570      1          0
52             74             75         2  0.81139462      1          0
53              0              0         0  0.00000000     -1          1
54              0              0         0  0.00000000     -1          2
55              0              0         0  0.00000000     -1          1
56              0              0         0  0.00000000     -1          1
57              0              0         0  0.00000000     -1          1
58              0              0         0  0.00000000     -1          2
59              0              0         0  0.00000000     -1          1
60             76             77         2  0.45134158      1          0
61              0              0         0  0.00000000     -1          1
62              0              0         0  0.00000000     -1          2
63             78             79         1  0.05807761      1          0
64             80             81         1  0.54820711      1          0
65              0              0         0  0.00000000     -1          1
66             82             83         1  0.49286406      1          0
67              0              0         0  0.00000000     -1          1
68             84             85         2  0.07173329      1          0
69             86             87         2  0.13684265      1          0
70             88             89         2  0.03399034      1          0
71              0              0         0  0.00000000     -1          1
72             90             91         1  0.88141652      1          0
73              0              0         0  0.00000000     -1          2
74             92             93         2  0.74650697      1          0
75              0              0         0  0.00000000     -1          1
76             94             95         2  0.44426855      1          0
77              0              0         0  0.00000000     -1          2
78              0              0         0  0.00000000     -1          2
79             96             97         2  0.93115061      1          0
80              0              0         0  0.00000000     -1          1
81              0              0         0  0.00000000     -1          2
82             98             99         1  0.48929692      1          0
83            100            101         1  0.51838649      1          0
84            102            103         2  0.01724724      1          0
85              0              0         0  0.00000000     -1          2
86              0              0         0  0.00000000     -1          1
87            104            105         1  0.77789370      1          0
88              0              0         0  0.00000000     -1          2
89            106            107         1  0.98034952      1          0
90            108            109         2  0.65805012      1          0
91              0              0         0  0.00000000     -1          1
92              0              0         0  0.00000000     -1          2
93              0              0         0  0.00000000     -1          2
94              0              0         0  0.00000000     -1          2
95              0              0         0  0.00000000     -1          1
96            110            111         2  0.85303534      1          0
97              0              0         0  0.00000000     -1          2
98              0              0         0  0.00000000     -1          2
99              0              0         0  0.00000000     -1          1
100             0              0         0  0.00000000     -1          2
101             0              0         0  0.00000000     -1          2
102             0              0         0  0.00000000     -1          1
103             0              0         0  0.00000000     -1          1
104             0              0         0  0.00000000     -1          1
105           112            113         1  0.79046825      1          0
106           114            115         2  0.11975513      1          0
107             0              0         0  0.00000000     -1          1
108             0              0         0  0.00000000     -1          2
109           116            117         2  0.69143244      1          0
110             0              0         0  0.00000000     -1          2
111           118            119         2  0.86393835      1          0
112             0              0         0  0.00000000     -1          2
113           120            121         2  0.33993486      1          0
114             0              0         0  0.00000000     -1          1
115             0              0         0  0.00000000     -1          1
116             0              0         0  0.00000000     -1          1
117             0              0         0  0.00000000     -1          1
118             0              0         0  0.00000000     -1          1
119             0              0         0  0.00000000     -1          2
120           122            123         2  0.33404458      1          0
121           124            125         2  0.52654913      1          0
122           126            127         2  0.25292211      1          0
123             0              0         0  0.00000000     -1          2
124             0              0         0  0.00000000     -1          1
125           128            129         2  0.53332004      1          0
126             0              0         0  0.00000000     -1          1
127             0              0         0  0.00000000     -1          1
128             0              0         0  0.00000000     -1          2
129             0              0         0  0.00000000     -1          1
