    left daughter right daughter split var split point status prediction
1               2              3         2  0.28926587      1          0
2               4              5         2  0.24956868      1          0
3               6              7         2  0.75215981      1          0
4               8              9         1  0.79904808      1          0
5              10             11         2  0.25795693      1          0
6              12             13         1  0.57897071      1          0
7              14             15         1  0.86960958      1          0
8              16             17         1  0.29197409      1          0
9              18             19         2  0.17444086      1          0
10              0              0         0  0.00000000     -1          2
11             20             21         1  0.57097625      1          0
12             22             23         2  0.44859959      1          0
13             24             25         1  0.99257956      1          0
14             26             27         2  0.82348024      1          0
15             28             29         1  0.88022907      1          0
16             30             31         1  0.28263630      1          0
17             32             33         1  0.47077029      1          0
18             34             35         1  0.80929598      1          0
19              0              0         0  0.00000000     -1          1
20              0              0         0  0.00000000     -1          2
21             36             37         1  0.68527712      1          0
22             38             39         1  0.43936190      1          0
23             40             41         2  0.74535640      1          0
24             42             43         2  0.63769141      1          0
25              0              0         0  0.00000000     -1          2
26              0              0         0  0.00000000     -1          2
27             44             45         1  0.23513999      1          0
28              0              0         0  0.00000000     -1          1
29             46             47         1  0.90367988      1          0
30             48             49         1  0.17423942      1          0
31              0              0         0  0.00000000     -1          2
32              0              0         0  0.00000000     -1          1
33             50             51         2  0.01730011      1          0
34              0              0         0  0.00000000     -1          2
35             52             53         1  0.97407934      1          0
36              0              0         0  0.00000000     -1          1
37              0              0         0  0.00000000     -1          1
38             54             55         1  0.11067858      1          0
39             56             57         1  0.50992845      1          0
40             58             59         2  0.58196384      1          0
41              0              0         0  0.00000000     -1          1
42             60             61         1  0.78019216      1          0
43             62             63         1  0.60479868      1          0
44             64             65         2  0.88823910      1          0
45             66             67         2  0.84411573      1          0
46              0              0         0  0.00000000     -1          2
47             68             69         1  0.90493413      1          0
48             70             71         1  0.06755995      1          0
49             72             73         2  0.24288395      1          0
50              0              0         0  0.00000000     -1          1
51             74             75         1  0.47546254      1          0
52             76             77         2  0.17291136      1          0
53              0              0         0  0.00000000     -1          1
54             78             79         2  0.33007516      1          0
55              0              0         0  0.00000000     -1          2
56             80             81         1  0.50626463      1          0
57              0              0         0  0.00000000     -1          1
58             82             83         2  0.57670482      1          0
59             84             85         2  0.67710014      1          0
60             86             87         2  0.43441145      1          0
61             88             89         2  0.49501458      1          0
62              0              0         0  0.00000000     -1          2
63             90             91         1  0.66115255      1          0
64             92             93         1  0.02757617      1          0
65              0              0         0  0.00000000     -1          2
66              0              0         0  0.00000000     -1          2
67             94             95         1  0.26443692      1          0
68              0              0         0  0.00000000     -1          1
69             96             97         1  0.92733102      1          0
70              0              0         0  0.00000000     -1          1
71              0              0         0  0.00000000     -1          1
72             98             99         2  0.20612050      1          0
73              0              0         0  0.00000000     -1          2
74              0              0         0  0.00000000     -1          2
75            100            101         2  0.22001272      1          0
76            102            103         1  0.96633407      1          0
77              0              0         0  0.00000000     -1          2
78              0              0         0  0.00000000     -1          2
79              0              0         0  0.00000000     -1          1
80              0              0         0  0.00000000     -1          1
81              0              0         0  0.00000000     -1          2
82            104            105         1  0.53011122      1          0
83              0              0         0  0.00000000     -1          1
84              0              0         0  0.00000000     -1          2
85            106            107         2  0.67951280      1          0
86            108            109         2  0.42857095      1          0
87              0              0         0  0.00000000     -1          1
88            110            111         2  0.33993486      1          0
89            112            113         2  0.50087891      1          0
90              0              0         0  0.00000000     -1          1
91            114            115         2  0.67236853      1          0
92              0              0         0  0.00000000     -1          1
93              0              0         0  0.00000000     -1          2
94              0              0         0  0.00000000     -1          1
95            116            117         2  0.97300852      1          0
96              0              0         0  0.00000000     -1          2
97              0              0         0  0.00000000     -1          2
98              0              0         0  0.00000000     -1          1
99              0              0         0  0.00000000     -1          1
100           118            119         1  0.53795654      1          0
101             0              0         0  0.00000000     -1          1
102           120            121         1  0.87469577      1          0
103             0              0         0  0.00000000     -1          2
104           122            123         2  0.47685998      1          0
105             0              0         0  0.00000000     -1          1
106             0              0         0  0.00000000     -1          1
107           124            125         2  0.70961836      1          0
108           126            127         2  0.35450464      1          0
109             0              0         0  0.00000000     -1          2
110             0              0         0  0.00000000     -1          1
111           128            129         2  0.36740123      1          0
112             0              0         0  0.00000000     -1          2
113           130            131         1  0.94964853      1          0
114             0              0         0  0.00000000     -1          1
115             0              0         0  0.00000000     -1          1
116           132            133         1  0.72190504      1          0
117           134            135         2  0.97589281      1          0
118           136            137         1  0.52699069      1          0
119             0              0         0  0.00000000     -1          1
120             0              0         0  0.00000000     -1          1
121           138            139         1  0.87866266      1          0
122             0              0         0  0.00000000     -1          2
123           140            141         1  0.45074648      1          0
124             0              0         0  0.00000000     -1          2
125             0              0         0  0.00000000     -1          2
126             0              0         0  0.00000000     -1          1
127             0              0         0  0.00000000     -1          1
128             0              0         0  0.00000000     -1          1
129             0              0         0  0.00000000     -1          1
130           142            143         2  0.53332004      1          0
131             0              0         0  0.00000000     -1          2
132             0              0         0  0.00000000     -1          2
133             0              0         0  0.00000000     -1          2
134             0              0         0  0.00000000     -1          1
135             0              0         0  0.00000000     -1          2
136             0              0         0  0.00000000     -1          1
137             0              0         0  0.00000000     -1          2
138             0              0         0  0.00000000     -1          2
139           144            145         2  0.09186567      1          0
140           146            147         1  0.13681802      1          0
141             0              0         0  0.00000000     -1          2
142             0              0         0  0.00000000     -1          1
143             0              0         0  0.00000000     -1          1
144             0              0         0  0.00000000     -1          1
145             0              0         0  0.00000000     -1          1
146             0              0         0  0.00000000     -1          2
147           148            149         2  0.54650176      1          0
148           150            151         2  0.50045350      1          0
149             0              0         0  0.00000000     -1          2
150             0              0         0  0.00000000     -1          2
151             0              0         0  0.00000000     -1          2
