    left daughter right daughter split var split point status prediction
1               2              3         2  0.58468032      1          0
2               4              5         2  0.29153749      1          0
3               6              7         1  0.62011501      1          0
4               8              9         2  0.01874356      1          0
5              10             11         2  0.29507284      1          0
6              12             13         2  0.64982222      1          0
7              14             15         1  0.88722011      1          0
8               0              0         0  0.00000000     -1          1
9              16             17         1  0.97272816      1          0
10              0              0         0  0.00000000     -1          2
11             18             19         2  0.42327866      1          0
12              0              0         0  0.00000000     -1          2
13             20             21         2  0.66789022      1          0
14             22             23         2  0.74374168      1          0
15             24             25         2  0.81340563      1          0
16             26             27         2  0.23827465      1          0
17              0              0         0  0.00000000     -1          1
18             28             29         1  0.44101509      1          0
19             30             31         2  0.42790491      1          0
20              0              0         0  0.00000000     -1          2
21             32             33         2  0.92723373      1          0
22             34             35         1  0.86164319      1          0
23             36             37         1  0.64935828      1          0
24             38             39         2  0.59948732      1          0
25              0              0         0  0.00000000     -1          2
26             40             41         1  0.60125883      1          0
27             42             43         2  0.24057785      1          0
28             44             45         2  0.39706494      1          0
29             46             47         1  0.98034952      1          0
30              0              0         0  0.00000000     -1          2
31             48             49         1  0.53122327      1          0
32             50             51         1  0.04071549      1          0
33             52             53         1  0.53420954      1          0
34             54             55         2  0.64567833      1          0
35              0              0         0  0.00000000     -1          1
36              0              0         0  0.00000000     -1          1
37             56             57         2  0.76549655      1          0
38              0              0         0  0.00000000     -1          2
39             58             59         2  0.75143172      1          0
40             60             61         1  0.59567326      1          0
41             62             63         1  0.87574286      1          0
42              0              0         0  0.00000000     -1          2
43             64             65         1  0.40650844      1          0
44              0              0         0  0.00000000     -1          2
45              0              0         0  0.00000000     -1          2
46             66             67         2  0.36717034      1          0
47              0              0         0  0.00000000     -1          2
48             68             69         1  0.39371045      1          0
49             70             71         1  0.82271883      1          0
50              0              0         0  0.00000000     -1          2
51             72             73         1  0.35654609      1          0
52             74             75         1  0.32725872      1          0
53              0              0         0  0.00000000     -1          2
54              0              0         0  0.00000000     -1          1
55              0              0         0  0.00000000     -1          1
56              0              0         0  0.00000000     -1          2
57              0              0         0  0.00000000     -1          2
58              0              0         0  0.00000000     -1          1
59              0              0         0  0.00000000     -1          1
60             76             77         1  0.06835125      1          0
61              0              0         0  0.00000000     -1          2
62              0              0         0  0.00000000     -1          1
63             78             79         1  0.87866266      1          0
64              0              0         0  0.00000000     -1          1
65             80             81         2  0.25669507      1          0
66             82             83         2  0.36494370      1          0
67              0              0         0  0.00000000     -1          1
68             84             85         2  0.56002733      1          0
69             86             87         2  0.43941354      1          0
70             88             89         1  0.80257787      1          0
71              0              0         0  0.00000000     -1          1
72             90             91         2  0.87524879      1          0
73             92             93         2  0.85024164      1          0
74             94             95         2  0.92911781      1          0
75              0              0         0  0.00000000     -1          2
76              0              0         0  0.00000000     -1          1
77             96             97         1  0.20896768      1          0
78              0              0         0  0.00000000     -1          2
79              0              0         0  0.00000000     -1          1
80              0              0         0  0.00000000     -1          1
81             98             99         2  0.28159306      1          0
82            100            101         1  0.55518886      1          0
83              0              0         0  0.00000000     -1          2
84            102            103         1  0.14496861      1          0
85              0              0         0  0.00000000     -1          2
86              0              0         0  0.00000000     -1          1
87              0              0         0  0.00000000     -1          2
88            104            105         2  0.43441145      1          0
89              0              0         0  0.00000000     -1          2
90              0              0         0  0.00000000     -1          2
91            106            107         1  0.23555786      1          0
92            108            109         1  0.36336264      1          0
93              0              0         0  0.00000000     -1          2
94              0              0         0  0.00000000     -1          1
95              0              0         0  0.00000000     -1          2
96              0              0         0  0.00000000     -1          1
97            110            111         1  0.21364102      1          0
98              0              0         0  0.00000000     -1          1
99              0              0         0  0.00000000     -1          1
100             0              0         0  0.00000000     -1          1
101             0              0         0  0.00000000     -1          1
102             0              0         0  0.00000000     -1          2
103             0              0         0  0.00000000     -1          2
104             0              0         0  0.00000000     -1          1
105           112            113         1  0.65226684      1          0
106             0              0         0  0.00000000     -1          2
107             0              0         0  0.00000000     -1          2
108             0              0         0  0.00000000     -1          1
109           114            115         2  0.83130780      1          0
110             0              0         0  0.00000000     -1          2
111           116            117         2  0.16970984      1          0
112             0              0         0  0.00000000     -1          1
113             0              0         0  0.00000000     -1          1
114           118            119         2  0.71871618      1          0
115             0              0         0  0.00000000     -1          1
116           120            121         2  0.03569688      1          0
117           122            123         2  0.17586152      1          0
118           124            125         2  0.71224801      1          0
119             0              0         0  0.00000000     -1          2
120             0              0         0  0.00000000     -1          1
121             0              0         0  0.00000000     -1          1
122             0              0         0  0.00000000     -1          2
123             0              0         0  0.00000000     -1          1
124           126            127         2  0.68838766      1          0
125             0              0         0  0.00000000     -1          1
126             0              0         0  0.00000000     -1          2
127             0              0         0  0.00000000     -1          2
