    left daughter right daughter split var split point status prediction
1               2              3         1  0.53186086      1          0
2               4              5         1  0.46366600      1          0
3               6              7         1  0.99257956      1          0
4               8              9         2  0.28474595      1          0
5              10             11         2  0.41946913      1          0
6              12             13         1  0.81060474      1          0
7               0              0         0  0.00000000     -1          2
8              14             15         2  0.21235044      1          0
9              16             17         1  0.25560271      1          0
10             18             19         1  0.52498617      1          0
11             20             21         1  0.48911572      1          0
12             22             23         2  0.75662469      1          0
13             24             25         1  0.88022331      1          0
14             26             27         1  0.05642448      1          0
15             28             29         1  0.17277259      1          0
16             30             31         1  0.24655010      1          0
17             32             33         1  0.29467285      1          0
18             34             35         2  0.21641885      1          0
19              0              0         0  0.00000000     -1          2
20              0              0         0  0.00000000     -1          2
21             36             37         2  0.52298319      1          0
22             38             39         1  0.59793727      1          0
23             40             41         1  0.55835842      1          0
24             42             43         1  0.83681953      1          0
25             44             45         2  0.83053181      1          0
26              0              0         0  0.00000000     -1          1
27             46             47         2  0.14662214      1          0
28              0              0         0  0.00000000     -1          1
29              0              0         0  0.00000000     -1          1
30             48             49         1  0.05848661      1          0
31              0              0         0  0.00000000     -1          1
32              0              0         0  0.00000000     -1          2
33             50             51         2  0.96145952      1          0
34              0              0         0  0.00000000     -1          1
35             52             53         2  0.23395165      1          0
36              0              0         0  0.00000000     -1          1
37             54             55         1  0.51835927      1          0
38             56             57         2  0.59652623      1          0
39             58             59         2  0.02101513      1          0
40              0              0         0  0.00000000     -1          2
41              0              0         0  0.00000000     -1          2
42              0              0         0  0.00000000     -1          1
43             60             61         2  0.80641790      1          0
44             62             63         2  0.03201180      1          0
45              0              0         0  0.00000000     -1          2
46             64             65         2  0.02910697      1          0
47             66             67         1  0.39838532      1          0
48             68             69         2  0.66582124      1          0
49             70             71         1  0.11672267      1          0
50             72             73         1  0.36042109      1          0
51              0              0         0  0.00000000     -1          2
52              0              0         0  0.00000000     -1          2
53              0              0         0  0.00000000     -1          1
54              0              0         0  0.00000000     -1          2
55              0              0         0  0.00000000     -1          2
56             74             75         1  0.59602010      1          0
57              0              0         0  0.00000000     -1          2
58              0              0         0  0.00000000     -1          2
59             76             77         2  0.08841005      1          0
60             78             79         1  0.85848034      1          0
61              0              0         0  0.00000000     -1          2
62              0              0         0  0.00000000     -1          2
63             80             81         2  0.79442888      1          0
64              0              0         0  0.00000000     -1          1
65              0              0         0  0.00000000     -1          1
66             82             83         1  0.22138420      1          0
67              0              0         0  0.00000000     -1          2
68              0              0         0  0.00000000     -1          2
69              0              0         0  0.00000000     -1          2
70              0              0         0  0.00000000     -1          2
71             84             85         2  0.33802913      1          0
72              0              0         0  0.00000000     -1          2
73             86             87         1  0.36207966      1          0
74             88             89         1  0.55500659      1          0
75              0              0         0  0.00000000     -1          2
76              0              0         0  0.00000000     -1          1
77             90             91         2  0.42952264      1          0
78              0              0         0  0.00000000     -1          1
79             92             93         2  0.58823074      1          0
80             94             95         1  0.89010585      1          0
81              0              0         0  0.00000000     -1          1
82              0              0         0  0.00000000     -1          1
83              0              0         0  0.00000000     -1          1
84              0              0         0  0.00000000     -1          2
85             96             97         1  0.14481607      1          0
86              0              0         0  0.00000000     -1          1
87             98             99         1  0.39594704      1          0
88              0              0         0  0.00000000     -1          1
89            100            101         2  0.28045206      1          0
90            102            103         2  0.35450464      1          0
91            104            105         2  0.51093996      1          0
92              0              0         0  0.00000000     -1          1
93              0              0         0  0.00000000     -1          1
94              0              0         0  0.00000000     -1          1
95            106            107         2  0.34542611      1          0
96              0              0         0  0.00000000     -1          2
97            108            109         2  0.66464678      1          0
98            110            111         2  0.54650176      1          0
99            112            113         2  0.44694593      1          0
100             0              0         0  0.00000000     -1          2
101             0              0         0  0.00000000     -1          1
102           114            115         1  0.67907071      1          0
103             0              0         0  0.00000000     -1          1
104             0              0         0  0.00000000     -1          2
105           116            117         1  0.66115255      1          0
106             0              0         0  0.00000000     -1          1
107           118            119         2  0.35243632      1          0
108             0              0         0  0.00000000     -1          2
109           120            121         1  0.18643110      1          0
110             0              0         0  0.00000000     -1          2
111             0              0         0  0.00000000     -1          2
112             0              0         0  0.00000000     -1          2
113             0              0         0  0.00000000     -1          2
114           122            123         1  0.66775585      1          0
115             0              0         0  0.00000000     -1          1
116             0              0         0  0.00000000     -1          1
117             0              0         0  0.00000000     -1          1
118             0              0         0  0.00000000     -1          2
119           124            125         2  0.36717034      1          0
120             0              0         0  0.00000000     -1          2
121             0              0         0  0.00000000     -1          2
122           126            127         1  0.65591317      1          0
123             0              0         0  0.00000000     -1          2
124             0              0         0  0.00000000     -1          1
125           128            129         1  0.96368749      1          0
126             0              0         0  0.00000000     -1          1
127             0              0         0  0.00000000     -1          1
128             0              0         0  0.00000000     -1          1
129           130            131         2  0.67206291      1          0
130             0              0         0  0.00000000     -1          1
131             0              0         0  0.00000000     -1          1
