    left daughter right daughter split var split point status prediction
1               2              3         1  0.53339725      1          0
2               4              5         2  0.27665421      1          0
3               6              7         2  0.76549655      1          0
4               8              9         2  0.11643403      1          0
5              10             11         2  0.38048886      1          0
6              12             13         2  0.61092767      1          0
7              14             15         1  0.93065570      1          0
8               0              0         0  0.00000000     -1          1
9              16             17         1  0.47068418      1          0
10             18             19         1  0.42934440      1          0
11             20             21         1  0.01389880      1          0
12             22             23         2  0.50077813      1          0
13             24             25         1  0.59380639      1          0
14             26             27         1  0.55835842      1          0
15              0              0         0  0.00000000     -1          1
16             28             29         2  0.12872300      1          0
17              0              0         0  0.00000000     -1          2
18             30             31         2  0.29153749      1          0
19              0              0         0  0.00000000     -1          1
20              0              0         0  0.00000000     -1          2
21             32             33         1  0.51898016      1          0
22             34             35         2  0.49372081      1          0
23             36             37         2  0.58313336      1          0
24              0              0         0  0.00000000     -1          2
25             38             39         2  0.65752738      1          0
26              0              0         0  0.00000000     -1          1
27             40             41         1  0.81765366      1          0
28              0              0         0  0.00000000     -1          2
29             42             43         2  0.17431863      1          0
30              0              0         0  0.00000000     -1          2
31              0              0         0  0.00000000     -1          2
32             44             45         1  0.49286406      1          0
33              0              0         0  0.00000000     -1          2
34             46             47         1  0.97987387      1          0
35              0              0         0  0.00000000     -1          2
36              0              0         0  0.00000000     -1          1
37              0              0         0  0.00000000     -1          1
38             48             49         2  0.65302606      1          0
39             50             51         1  0.77720231      1          0
40              0              0         0  0.00000000     -1          2
41             52             53         1  0.82765597      1          0
42              0              0         0  0.00000000     -1          1
43             54             55         1  0.20732310      1          0
44             56             57         2  0.43714831      1          0
45              0              0         0  0.00000000     -1          2
46             58             59         1  0.68935821      1          0
47              0              0         0  0.00000000     -1          2
48              0              0         0  0.00000000     -1          1
49              0              0         0  0.00000000     -1          2
50              0              0         0  0.00000000     -1          1
51              0              0         0  0.00000000     -1          1
52              0              0         0  0.00000000     -1          1
53              0              0         0  0.00000000     -1          2
54              0              0         0  0.00000000     -1          1
55             60             61         1  0.21384610      1          0
56              0              0         0  0.00000000     -1          2
57             62             63         2  0.43937469      1          0
58             64             65         2  0.35450464      1          0
59             66             67         2  0.08800657      1          0
60              0              0         0  0.00000000     -1          2
61              0              0         0  0.00000000     -1          1
62              0              0         0  0.00000000     -1          1
63             68             69         2  0.92539345      1          0
64             70             71         2  0.27390413      1          0
65             72             73         1  0.67919870      1          0
66             74             75         1  0.88912783      1          0
67             76             77         2  0.36717034      1          0
68             78             79         2  0.56268923      1          0
69             80             81         1  0.29631831      1          0
70             82             83         2  0.07111421      1          0
71              0              0         0  0.00000000     -1          2
72             84             85         1  0.64913234      1          0
73              0              0         0  0.00000000     -1          1
74             86             87         1  0.80752636      1          0
75              0              0         0  0.00000000     -1          2
76             88             89         2  0.36563075      1          0
77              0              0         0  0.00000000     -1          1
78             90             91         2  0.54757602      1          0
79             92             93         1  0.49134636      1          0
80              0              0         0  0.00000000     -1          2
81              0              0         0  0.00000000     -1          2
82              0              0         0  0.00000000     -1          1
83             94             95         1  0.58697211      1          0
84              0              0         0  0.00000000     -1          1
85              0              0         0  0.00000000     -1          1
86              0              0         0  0.00000000     -1          1
87              0              0         0  0.00000000     -1          1
88             96             97         2  0.25748018      1          0
89              0              0         0  0.00000000     -1          2
90             98             99         1  0.15288905      1          0
91              0              0         0  0.00000000     -1          1
92            100            101         2  0.64197908      1          0
93              0              0         0  0.00000000     -1          1
94              0              0         0  0.00000000     -1          1
95              0              0         0  0.00000000     -1          1
96            102            103         1  0.87866266      1          0
97              0              0         0  0.00000000     -1          1
98              0              0         0  0.00000000     -1          2
99            104            105         1  0.45074648      1          0
100             0              0         0  0.00000000     -1          2
101           106            107         1  0.02010467      1          0
102           108            109         2  0.24584196      1          0
103             0              0         0  0.00000000     -1          1
104             0              0         0  0.00000000     -1          2
105             0              0         0  0.00000000     -1          2
106             0              0         0  0.00000000     -1          2
107           110            111         2  0.64371623      1          0
108           112            113         2  0.14028902      1          0
109             0              0         0  0.00000000     -1          2
110             0              0         0  0.00000000     -1          1
111           114            115         2  0.71698150      1          0
112             0              0         0  0.00000000     -1          1
113             0              0         0  0.00000000     -1          1
114             0              0         0  0.00000000     -1          2
115           116            117         1  0.35654609      1          0
116           118            119         2  0.85718947      1          0
117             0              0         0  0.00000000     -1          2
118             0              0         0  0.00000000     -1          2
119           120            121         1  0.24573712      1          0
120           122            123         1  0.18513070      1          0
121             0              0         0  0.00000000     -1          2
122             0              0         0  0.00000000     -1          2
123             0              0         0  0.00000000     -1          2
