    left daughter right daughter split var split point status prediction
1               2              3         2  0.61689239      1          0
2               4              5         1  0.49917419      1          0
3               6              7         1  0.63927161      1          0
4               8              9         1  0.15856471      1          0
5              10             11         2  0.36717034      1          0
6              12             13         2  0.98760546      1          0
7              14             15         2  0.73934065      1          0
8              16             17         2  0.29790178      1          0
9              18             19         1  0.43043922      1          0
10             20             21         2  0.36494370      1          0
11             22             23         2  0.51019812      1          0
12             24             25         1  0.01765735      1          0
13              0              0         0  0.00000000     -1          2
14             26             27         2  0.65752738      1          0
15             28             29         1  0.64935828      1          0
16             30             31         1  0.06755995      1          0
17             32             33         2  0.42098660      1          0
18             34             35         1  0.39759695      1          0
19             36             37         2  0.36991260      1          0
20             38             39         1  0.97997807      1          0
21              0              0         0  0.00000000     -1          2
22             40             41         1  0.52154876      1          0
23              0              0         0  0.00000000     -1          1
24              0              0         0  0.00000000     -1          1
25             42             43         1  0.45566359      1          0
26              0              0         0  0.00000000     -1          1
27             44             45         2  0.67018442      1          0
28              0              0         0  0.00000000     -1          1
29             46             47         1  0.81765366      1          0
30              0              0         0  0.00000000     -1          1
31              0              0         0  0.00000000     -1          1
32              0              0         0  0.00000000     -1          2
33              0              0         0  0.00000000     -1          2
34             48             49         1  0.38162114      1          0
35              0              0         0  0.00000000     -1          2
36             50             51         2  0.20825449      1          0
37             52             53         2  0.47138548      1          0
38             54             55         2  0.03801810      1          0
39              0              0         0  0.00000000     -1          2
40              0              0         0  0.00000000     -1          2
41             56             57         2  0.49372081      1          0
42             58             59         1  0.05807761      1          0
43             60             61         2  0.65176316      1          0
44              0              0         0  0.00000000     -1          1
45             62             63         1  0.94825754      1          0
46             64             65         2  0.87811685      1          0
47             66             67         1  0.83477616      1          0
48             68             69         1  0.37520136      1          0
49              0              0         0  0.00000000     -1          1
50              0              0         0  0.00000000     -1          1
51              0              0         0  0.00000000     -1          1
52              0              0         0  0.00000000     -1          2
53              0              0         0  0.00000000     -1          2
54             70             71         2  0.01578941      1          0
55             72             73         1  0.75074606      1          0
56             74             75         2  0.47803497      1          0
57              0              0         0  0.00000000     -1          1
58              0              0         0  0.00000000     -1          2
59             76             77         1  0.31969326      1          0
60              0              0         0  0.00000000     -1          1
61             78             79         1  0.45733474      1          0
62             80             81         1  0.77720231      1          0
63              0              0         0  0.00000000     -1          2
64              0              0         0  0.00000000     -1          2
65             82             83         2  0.88885513      1          0
66              0              0         0  0.00000000     -1          1
67             84             85         1  0.88000762      1          0
68             86             87         1  0.37182432      1          0
69              0              0         0  0.00000000     -1          2
70              0              0         0  0.00000000     -1          1
71              0              0         0  0.00000000     -1          2
72             88             89         2  0.23471248      1          0
73             90             91         1  0.88476003      1          0
74             92             93         1  0.68272330      1          0
75              0              0         0  0.00000000     -1          1
76             94             95         1  0.31719678      1          0
77              0              0         0  0.00000000     -1          2
78              0              0         0  0.00000000     -1          1
79             96             97         1  0.55408265      1          0
80              0              0         0  0.00000000     -1          1
81              0              0         0  0.00000000     -1          1
82              0              0         0  0.00000000     -1          1
83              0              0         0  0.00000000     -1          2
84              0              0         0  0.00000000     -1          2
85             98             99         1  0.88022907      1          0
86            100            101         1  0.35213402      1          0
87              0              0         0  0.00000000     -1          1
88            102            103         1  0.73759678      1          0
89            104            105         2  0.29028540      1          0
90            106            107         1  0.80429970      1          0
91            108            109         2  0.33404458      1          0
92            110            111         2  0.43342577      1          0
93              0              0         0  0.00000000     -1          1
94            112            113         2  0.66791553      1          0
95              0              0         0  0.00000000     -1          1
96            114            115         2  0.85197538      1          0
97              0              0         0  0.00000000     -1          2
98              0              0         0  0.00000000     -1          1
99            116            117         1  0.93216035      1          0
100           118            119         2  0.26686828      1          0
101             0              0         0  0.00000000     -1          2
102             0              0         0  0.00000000     -1          1
103             0              0         0  0.00000000     -1          1
104             0              0         0  0.00000000     -1          2
105             0              0         0  0.00000000     -1          1
106           120            121         1  0.80143780      1          0
107             0              0         0  0.00000000     -1          1
108           122            123         2  0.12250335      1          0
109             0              0         0  0.00000000     -1          1
110             0              0         0  0.00000000     -1          1
111             0              0         0  0.00000000     -1          1
112           124            125         1  0.16188490      1          0
113           126            127         2  0.85718947      1          0
114           128            129         2  0.84043964      1          0
115             0              0         0  0.00000000     -1          2
116             0              0         0  0.00000000     -1          2
117             0              0         0  0.00000000     -1          2
118           130            131         1  0.17639357      1          0
119           132            133         1  0.25230204      1          0
120             0              0         0  0.00000000     -1          1
121             0              0         0  0.00000000     -1          2
122             0              0         0  0.00000000     -1          1
123             0              0         0  0.00000000     -1          1
124             0              0         0  0.00000000     -1          2
125             0              0         0  0.00000000     -1          2
126             0              0         0  0.00000000     -1          2
127           134            135         1  0.10509745      1          0
128           136            137         2  0.74423129      1          0
129             0              0         0  0.00000000     -1          1
130             0              0         0  0.00000000     -1          2
131           138            139         1  0.29197409      1          0
132           140            141         1  0.25000385      1          0
133             0              0         0  0.00000000     -1          2
134             0              0         0  0.00000000     -1          2
135           142            143         1  0.17304993      1          0
136             0              0         0  0.00000000     -1          2
137             0              0         0  0.00000000     -1          2
138           144            145         1  0.28226218      1          0
139             0              0         0  0.00000000     -1          1
140             0              0         0  0.00000000     -1          2
141             0              0         0  0.00000000     -1          1
142             0              0         0  0.00000000     -1          2
143           146            147         1  0.18080663      1          0
144           148            149         1  0.20896768      1          0
145             0              0         0  0.00000000     -1          2
146             0              0         0  0.00000000     -1          1
147           150            151         1  0.24573712      1          0
148             0              0         0  0.00000000     -1          1
149             0              0         0  0.00000000     -1          1
150             0              0         0  0.00000000     -1          2
151             0              0         0  0.00000000     -1          2
