    left daughter right daughter split var split point status prediction
1               2              3         1  0.46905161      1          0
2               4              5         1  0.01389880      1          0
3               6              7         2  0.76966327      1          0
4               0              0         0  0.00000000     -1          1
5               8              9         1  0.10938641      1          0
6              10             11         2  0.61864287      1          0
7              12             13         1  0.92733102      1          0
8              14             15         1  0.05384352      1          0
9              16             17         1  0.15840976      1          0
10             18             19         1  0.53339725      1          0
11             20             21         2  0.65752738      1          0
12             22             23         1  0.49671520      1          0
13             24             25         2  0.89427517      1          0
14             26             27         2  0.04385892      1          0
15             28             29         2  0.29979615      1          0
16             30             31         1  0.15277628      1          0
17             32             33         2  0.24288395      1          0
18             34             35         2  0.41655436      1          0
19             36             37         2  0.35450464      1          0
20             38             39         2  0.63912865      1          0
21             40             41         2  0.67206291      1          0
22              0              0         0  0.00000000     -1          2
23             42             43         1  0.81475633      1          0
24              0              0         0  0.00000000     -1          1
25              0              0         0  0.00000000     -1          2
26              0              0         0  0.00000000     -1          1
27             44             45         1  0.04184258      1          0
28              0              0         0  0.00000000     -1          1
29             46             47         1  0.05807761      1          0
30             48             49         2  0.38670813      1          0
31              0              0         0  0.00000000     -1          1
32             50             51         2  0.16697228      1          0
33             52             53         1  0.43981062      1          0
34             54             55         2  0.16538604      1          0
35             56             57         1  0.49207276      1          0
36             58             59         1  0.98924559      1          0
37             60             61         2  0.43342577      1          0
38              0              0         0  0.00000000     -1          1
39              0              0         0  0.00000000     -1          2
40              0              0         0  0.00000000     -1          1
41             62             63         1  0.62310944      1          0
42             64             65         1  0.64935828      1          0
43             66             67         2  0.83155416      1          0
44              0              0         0  0.00000000     -1          2
45              0              0         0  0.00000000     -1          2
46              0              0         0  0.00000000     -1          1
47             68             69         2  0.90729457      1          0
48              0              0         0  0.00000000     -1          1
49              0              0         0  0.00000000     -1          2
50              0              0         0  0.00000000     -1          1
51             70             71         2  0.17193885      1          0
52             72             73         2  0.26176750      1          0
53             74             75         2  0.43941354      1          0
54              0              0         0  0.00000000     -1          1
55             76             77         1  0.53050284      1          0
56              0              0         0  0.00000000     -1          2
57              0              0         0  0.00000000     -1          2
58             78             79         1  0.87608292      1          0
59              0              0         0  0.00000000     -1          2
60             80             81         1  0.94520166      1          0
61             82             83         2  0.50077813      1          0
62              0              0         0  0.00000000     -1          2
63             84             85         2  0.67250214      1          0
64             86             87         1  0.63261601      1          0
65              0              0         0  0.00000000     -1          2
66              0              0         0  0.00000000     -1          2
67              0              0         0  0.00000000     -1          2
68              0              0         0  0.00000000     -1          2
69              0              0         0  0.00000000     -1          2
70              0              0         0  0.00000000     -1          2
71             88             89         2  0.20900799      1          0
72              0              0         0  0.00000000     -1          2
73             90             91         1  0.16329644      1          0
74              0              0         0  0.00000000     -1          1
75              0              0         0  0.00000000     -1          2
76             92             93         1  0.50346032      1          0
77              0              0         0  0.00000000     -1          2
78             94             95         2  0.34616835      1          0
79             96             97         2  0.15548745      1          0
80              0              0         0  0.00000000     -1          1
81              0              0         0  0.00000000     -1          1
82             98             99         1  0.81678768      1          0
83            100            101         1  0.94177494      1          0
84              0              0         0  0.00000000     -1          2
85            102            103         1  0.70851332      1          0
86              0              0         0  0.00000000     -1          2
87              0              0         0  0.00000000     -1          1
88              0              0         0  0.00000000     -1          1
89              0              0         0  0.00000000     -1          1
90              0              0         0  0.00000000     -1          2
91            104            105         2  0.64625362      1          0
92              0              0         0  0.00000000     -1          1
93              0              0         0  0.00000000     -1          1
94            106            107         2  0.07126791      1          0
95              0              0         0  0.00000000     -1          2
96              0              0         0  0.00000000     -1          1
97            108            109         1  0.89010585      1          0
98            110            111         1  0.76001002      1          0
99              0              0         0  0.00000000     -1          1
100             0              0         0  0.00000000     -1          1
101             0              0         0  0.00000000     -1          1
102             0              0         0  0.00000000     -1          2
103           112            113         2  0.76647295      1          0
104             0              0         0  0.00000000     -1          2
105           114            115         2  0.65789906      1          0
106           116            117         1  0.59762241      1          0
107           118            119         1  0.75327494      1          0
108             0              0         0  0.00000000     -1          2
109           120            121         2  0.17575330      1          0
110           122            123         2  0.43441145      1          0
111             0              0         0  0.00000000     -1          2
112             0              0         0  0.00000000     -1          1
113             0              0         0  0.00000000     -1          1
114             0              0         0  0.00000000     -1          1
115           124            125         2  0.67621579      1          0
116             0              0         0  0.00000000     -1          2
117           126            127         1  0.68722652      1          0
118           128            129         2  0.15763916      1          0
119             0              0         0  0.00000000     -1          1
120             0              0         0  0.00000000     -1          1
121           130            131         2  0.26317795      1          0
122             0              0         0  0.00000000     -1          2
123             0              0         0  0.00000000     -1          1
124             0              0         0  0.00000000     -1          2
125           132            133         2  0.92429681      1          0
126             0              0         0  0.00000000     -1          1
127             0              0         0  0.00000000     -1          1
128             0              0         0  0.00000000     -1          1
129           134            135         2  0.16301473      1          0
130             0              0         0  0.00000000     -1          1
131             0              0         0  0.00000000     -1          1
132             0              0         0  0.00000000     -1          2
133           136            137         1  0.27818711      1          0
134             0              0         0  0.00000000     -1          2
135           138            139         1  0.72670814      1          0
136             0              0         0  0.00000000     -1          2
137             0              0         0  0.00000000     -1          2
138           140            141         2  0.26013686      1          0
139             0              0         0  0.00000000     -1          1
140             0              0         0  0.00000000     -1          1
141             0              0         0  0.00000000     -1          1
