    left daughter right daughter split var split point status prediction
1               2              3         2  0.61850039      1          0
2               4              5         1  0.53752446      1          0
3               6              7         1  0.88069873      1          0
4               8              9         1  0.15726261      1          0
5              10             11         2  0.28948988      1          0
6              12             13         1  0.63602986      1          0
7              14             15         1  0.98823543      1          0
8              16             17         2  0.31020593      1          0
9              18             19         1  0.38983767      1          0
10             20             21         2  0.24956868      1          0
11             22             23         1  0.94969887      1          0
12             24             25         1  0.31969326      1          0
13             26             27         1  0.64815633      1          0
14             28             29         1  0.96314288      1          0
15              0              0         0  0.00000000     -1          2
16             30             31         2  0.16838373      1          0
17             32             33         1  0.04356619      1          0
18             34             35         2  0.26176750      1          0
19             36             37         2  0.33440407      1          0
20             38             39         1  0.74284359      1          0
21             40             41         1  0.96998075      1          0
22             42             43         1  0.68272330      1          0
23              0              0         0  0.00000000     -1          1
24             44             45         2  0.97335348      1          0
25             46             47         2  0.69175245      1          0
26              0              0         0  0.00000000     -1          1
27             48             49         2  0.74374168      1          0
28             50             51         1  0.90867730      1          0
29              0              0         0  0.00000000     -1          2
30             52             53         1  0.06758107      1          0
31              0              0         0  0.00000000     -1          1
32              0              0         0  0.00000000     -1          2
33             54             55         2  0.51693860      1          0
34             56             57         1  0.29197409      1          0
35              0              0         0  0.00000000     -1          2
36             58             59         2  0.17071208      1          0
37             60             61         2  0.41946913      1          0
38             62             63         1  0.74083778      1          0
39             64             65         2  0.17575330      1          0
40             66             67         2  0.25959082      1          0
41              0              0         0  0.00000000     -1          2
42             68             69         2  0.60924371      1          0
43             70             71         2  0.50495808      1          0
44             72             73         1  0.24092569      1          0
45              0              0         0  0.00000000     -1          1
46             74             75         2  0.68838766      1          0
47             76             77         2  0.94062845      1          0
48             78             79         1  0.85639244      1          0
49             80             81         1  0.72449598      1          0
50              0              0         0  0.00000000     -1          2
51             82             83         2  0.87297956      1          0
52              0              0         0  0.00000000     -1          1
53              0              0         0  0.00000000     -1          1
54             84             85         1  0.05134276      1          0
55              0              0         0  0.00000000     -1          2
56             86             87         2  0.03491850      1          0
57              0              0         0  0.00000000     -1          1
58             88             89         1  0.53605735      1          0
59              0              0         0  0.00000000     -1          1
60             90             91         1  0.44101509      1          0
61             92             93         1  0.40050789      1          0
62             94             95         2  0.03470757      1          0
63              0              0         0  0.00000000     -1          2
64             96             97         1  0.87469577      1          0
65              0              0         0  0.00000000     -1          1
66              0              0         0  0.00000000     -1          2
67             98             99         2  0.28861746      1          0
68            100            101         1  0.68200630      1          0
69              0              0         0  0.00000000     -1          2
70            102            103         1  0.77762826      1          0
71              0              0         0  0.00000000     -1          1
72            104            105         1  0.05807761      1          0
73            106            107         1  0.25143147      1          0
74              0              0         0  0.00000000     -1          2
75              0              0         0  0.00000000     -1          1
76            108            109         1  0.37056271      1          0
77              0              0         0  0.00000000     -1          2
78            110            111         1  0.65605735      1          0
79              0              0         0  0.00000000     -1          2
80            112            113         2  0.87575065      1          0
81              0              0         0  0.00000000     -1          2
82              0              0         0  0.00000000     -1          1
83              0              0         0  0.00000000     -1          2
84              0              0         0  0.00000000     -1          1
85              0              0         0  0.00000000     -1          2
86              0              0         0  0.00000000     -1          1
87            114            115         2  0.14489326      1          0
88              0              0         0  0.00000000     -1          1
89              0              0         0  0.00000000     -1          2
90              0              0         0  0.00000000     -1          2
91              0              0         0  0.00000000     -1          1
92              0              0         0  0.00000000     -1          1
93            116            117         2  0.47350223      1          0
94              0              0         0  0.00000000     -1          2
95            118            119         2  0.07040235      1          0
96              0              0         0  0.00000000     -1          1
97            120            121         2  0.15253578      1          0
98            122            123         2  0.28159306      1          0
99              0              0         0  0.00000000     -1          2
100             0              0         0  0.00000000     -1          1
101             0              0         0  0.00000000     -1          2
102             0              0         0  0.00000000     -1          1
103           124            125         1  0.79046825      1          0
104             0              0         0  0.00000000     -1          2
105           126            127         2  0.93179904      1          0
106             0              0         0  0.00000000     -1          1
107             0              0         0  0.00000000     -1          2
108             0              0         0  0.00000000     -1          2
109           128            129         2  0.93869926      1          0
110             0              0         0  0.00000000     -1          2
111             0              0         0  0.00000000     -1          1
112             0              0         0  0.00000000     -1          2
113             0              0         0  0.00000000     -1          2
114             0              0         0  0.00000000     -1          1
115           130            131         1  0.20755839      1          0
116             0              0         0  0.00000000     -1          2
117             0              0         0  0.00000000     -1          2
118             0              0         0  0.00000000     -1          1
119           132            133         1  0.59793727      1          0
120           134            135         2  0.11975513      1          0
121             0              0         0  0.00000000     -1          2
122           136            137         1  0.58976234      1          0
123             0              0         0  0.00000000     -1          1
124             0              0         0  0.00000000     -1          2
125           138            139         1  0.81060474      1          0
126           140            141         2  0.67421600      1          0
127             0              0         0  0.00000000     -1          2
128           142            143         1  0.49671520      1          0
129             0              0         0  0.00000000     -1          1
130             0              0         0  0.00000000     -1          1
131             0              0         0  0.00000000     -1          1
132           144            145         1  0.58697211      1          0
133             0              0         0  0.00000000     -1          1
134             0              0         0  0.00000000     -1          1
135             0              0         0  0.00000000     -1          1
136             0              0         0  0.00000000     -1          2
137             0              0         0  0.00000000     -1          1
138             0              0         0  0.00000000     -1          1
139           146            147         2  0.35054168      1          0
140           148            149         2  0.66706318      1          0
141           150            151         2  0.85718947      1          0
142           152            153         2  0.83761889      1          0
143             0              0         0  0.00000000     -1          2
144           154            155         1  0.56995383      1          0
145             0              0         0  0.00000000     -1          2
146             0              0         0  0.00000000     -1          1
147             0              0         0  0.00000000     -1          1
148           156            157         1  0.16188490      1          0
149             0              0         0  0.00000000     -1          1
150             0              0         0  0.00000000     -1          2
151           158            159         2  0.86393835      1          0
152             0              0         0  0.00000000     -1          2
153             0              0         0  0.00000000     -1          2
154             0              0         0  0.00000000     -1          1
155             0              0         0  0.00000000     -1          1
156             0              0         0  0.00000000     -1          2
157             0              0         0  0.00000000     -1          2
158             0              0         0  0.00000000     -1          1
159             0              0         0  0.00000000     -1          2
