    left daughter right daughter split var split point status prediction
1               2              3         2  0.67951280      1          0
2               4              5         2  0.29170418      1          0
3               6              7         1  0.80294736      1          0
4               8              9         1  0.06835125      1          0
5              10             11         1  0.54915349      1          0
6              12             13         2  0.97335348      1          0
7              14             15         1  0.96745486      1          0
8              16             17         2  0.16838373      1          0
9              18             19         2  0.14716800      1          0
10             20             21         1  0.44181228      1          0
11             22             23         1  0.99062166      1          0
12             24             25         2  0.88682085      1          0
13             26             27         1  0.45710085      1          0
14             28             29         2  0.83053181      1          0
15              0              0         0  0.00000000     -1          2
16              0              0         0  0.00000000     -1          2
17              0              0         0  0.00000000     -1          1
18             30             31         1  0.52887340      1          0
19             32             33         1  0.48781813      1          0
20             34             35         1  0.14496861      1          0
21             36             37         2  0.41655436      1          0
22             38             39         2  0.67541572      1          0
23              0              0         0  0.00000000     -1          2
24             40             41         2  0.88001391      1          0
25             42             43         1  0.10509745      1          0
26              0              0         0  0.00000000     -1          2
27              0              0         0  0.00000000     -1          2
28             44             45         2  0.74261562      1          0
29              0              0         0  0.00000000     -1          2
30              0              0         0  0.00000000     -1          1
31             46             47         2  0.08800657      1          0
32             48             49         2  0.15204539      1          0
33             50             51         1  0.96003199      1          0
34             52             53         1  0.13681802      1          0
35             54             55         2  0.65318666      1          0
36              0              0         0  0.00000000     -1          1
37             56             57         1  0.53635270      1          0
38             58             59         2  0.36717034      1          0
39              0              0         0  0.00000000     -1          2
40             60             61         1  0.05807761      1          0
41              0              0         0  0.00000000     -1          1
42              0              0         0  0.00000000     -1          2
43             62             63         1  0.56444008      1          0
44              0              0         0  0.00000000     -1          1
45              0              0         0  0.00000000     -1          1
46             64             65         1  0.53795654      1          0
47             66             67         1  0.96755375      1          0
48              0              0         0  0.00000000     -1          2
49             68             69         1  0.39373615      1          0
50             70             71         2  0.15489779      1          0
51              0              0         0  0.00000000     -1          1
52             72             73         2  0.66119856      1          0
53              0              0         0  0.00000000     -1          1
54              0              0         0  0.00000000     -1          2
55              0              0         0  0.00000000     -1          2
56             74             75         1  0.49207276      1          0
57              0              0         0  0.00000000     -1          1
58             76             77         2  0.36430786      1          0
59             78             79         1  0.65426631      1          0
60              0              0         0  0.00000000     -1          2
61             80             81         1  0.45566359      1          0
62             82             83         2  0.92594876      1          0
63              0              0         0  0.00000000     -1          2
64              0              0         0  0.00000000     -1          2
65             84             85         2  0.08529941      1          0
66             86             87         2  0.13414999      1          0
67              0              0         0  0.00000000     -1          1
68             88             89         1  0.26784655      1          0
69              0              0         0  0.00000000     -1          2
70              0              0         0  0.00000000     -1          2
71             90             91         2  0.25795693      1          0
72             92             93         2  0.45662673      1          0
73              0              0         0  0.00000000     -1          1
74              0              0         0  0.00000000     -1          2
75              0              0         0  0.00000000     -1          2
76             94             95         2  0.34893615      1          0
77              0              0         0  0.00000000     -1          2
78             96             97         1  0.65088247      1          0
79             98             99         1  0.80696560      1          0
80            100            101         2  0.85601469      1          0
81            102            103         2  0.74650697      1          0
82              0              0         0  0.00000000     -1          2
83            104            105         1  0.53123151      1          0
84            106            107         1  0.90199800      1          0
85              0              0         0  0.00000000     -1          2
86              0              0         0  0.00000000     -1          1
87              0              0         0  0.00000000     -1          1
88            108            109         2  0.24285893      1          0
89              0              0         0  0.00000000     -1          1
90            110            111         2  0.25292211      1          0
91              0              0         0  0.00000000     -1          1
92            112            113         2  0.44332989      1          0
93              0              0         0  0.00000000     -1          2
94              0              0         0  0.00000000     -1          1
95              0              0         0  0.00000000     -1          1
96            114            115         2  0.60924371      1          0
97              0              0         0  0.00000000     -1          2
98              0              0         0  0.00000000     -1          1
99            116            117         2  0.64800094      1          0
100             0              0         0  0.00000000     -1          2
101             0              0         0  0.00000000     -1          2
102           118            119         2  0.70660121      1          0
103           120            121         2  0.84241823      1          0
104           122            123         1  0.24902755      1          0
105             0              0         0  0.00000000     -1          1
106           124            125         1  0.88050854      1          0
107             0              0         0  0.00000000     -1          1
108             0              0         0  0.00000000     -1          1
109             0              0         0  0.00000000     -1          2
110           126            127         1  0.76228842      1          0
111             0              0         0  0.00000000     -1          2
112           128            129         2  0.33007516      1          0
113             0              0         0  0.00000000     -1          1
114             0              0         0  0.00000000     -1          1
115             0              0         0  0.00000000     -1          1
116           130            131         2  0.49948437      1          0
117             0              0         0  0.00000000     -1          1
118             0              0         0  0.00000000     -1          2
119             0              0         0  0.00000000     -1          1
120             0              0         0  0.00000000     -1          2
121           132            133         2  0.84919553      1          0
122             0              0         0  0.00000000     -1          2
123             0              0         0  0.00000000     -1          2
124           134            135         1  0.73971681      1          0
125             0              0         0  0.00000000     -1          2
126           136            137         2  0.23725447      1          0
127             0              0         0  0.00000000     -1          1
128             0              0         0  0.00000000     -1          2
129           138            139         2  0.35828631      1          0
130           140            141         2  0.49275517      1          0
131             0              0         0  0.00000000     -1          1
132             0              0         0  0.00000000     -1          1
133             0              0         0  0.00000000     -1          2
134           142            143         1  0.72306997      1          0
135             0              0         0  0.00000000     -1          1
136           144            145         2  0.17654370      1          0
137             0              0         0  0.00000000     -1          2
138             0              0         0  0.00000000     -1          1
139             0              0         0  0.00000000     -1          2
140             0              0         0  0.00000000     -1          1
141             0              0         0  0.00000000     -1          2
142             0              0         0  0.00000000     -1          1
143             0              0         0  0.00000000     -1          2
144             0              0         0  0.00000000     -1          1
145             0              0         0  0.00000000     -1          1
