    left daughter right daughter split var split point status prediction
1               2              3         2  0.29547568      1          0
2               4              5         1  0.05642448      1          0
3               6              7         1  0.54994324      1          0
4               0              0         0  0.00000000     -1          1
5               8              9         2  0.25103121      1          0
6              10             11         2  0.96704929      1          0
7              12             13         2  0.78822527      1          0
8              14             15         1  0.47077029      1          0
9              16             17         1  0.43768864      1          0
10             18             19         2  0.43937469      1          0
11             20             21         1  0.22222404      1          0
12             22             23         2  0.63912865      1          0
13             24             25         2  0.80656541      1          0
14             26             27         1  0.06755995      1          0
15             28             29         1  0.48199270      1          0
16             30             31         2  0.26176750      1          0
17             32             33         2  0.25795693      1          0
18             34             35         1  0.43981062      1          0
19             36             37         2  0.67380904      1          0
20              0              0         0  0.00000000     -1          2
21              0              0         0  0.00000000     -1          1
22             38             39         2  0.30569487      1          0
23             40             41         2  0.64567833      1          0
24              0              0         0  0.00000000     -1          2
25             42             43         2  0.90574594      1          0
26              0              0         0  0.00000000     -1          1
27             44             45         1  0.29197409      1          0
28              0              0         0  0.00000000     -1          2
29             46             47         1  0.53299521      1          0
30              0              0         0  0.00000000     -1          1
31              0              0         0  0.00000000     -1          2
32              0              0         0  0.00000000     -1          2
33             48             49         1  0.74333084      1          0
34             50             51         1  0.04604580      1          0
35             52             53         1  0.54709984      1          0
36             54             55         2  0.56220450      1          0
37             56             57         2  0.67856107      1          0
38              0              0         0  0.00000000     -1          2
39             58             59         2  0.43342577      1          0
40              0              0         0  0.00000000     -1          2
41             60             61         2  0.67206291      1          0
42              0              0         0  0.00000000     -1          2
43             62             63         2  0.90902693      1          0
44             64             65         2  0.24288395      1          0
45              0              0         0  0.00000000     -1          1
46              0              0         0  0.00000000     -1          1
47             66             67         1  0.53417463      1          0
48             68             69         1  0.73213891      1          0
49              0              0         0  0.00000000     -1          1
50              0              0         0  0.00000000     -1          2
51              0              0         0  0.00000000     -1          2
52              0              0         0  0.00000000     -1          1
53              0              0         0  0.00000000     -1          2
54             70             71         2  0.55962292      1          0
55              0              0         0  0.00000000     -1          2
56              0              0         0  0.00000000     -1          1
57             72             73         2  0.69058211      1          0
58             74             75         1  0.98034952      1          0
59             76             77         1  0.68335124      1          0
60              0              0         0  0.00000000     -1          1
61             78             79         2  0.70302628      1          0
62              0              0         0  0.00000000     -1          1
63             80             81         1  0.57197257      1          0
64             82             83         2  0.02910697      1          0
65              0              0         0  0.00000000     -1          1
66              0              0         0  0.00000000     -1          2
67             84             85         2  0.17575330      1          0
68             86             87         2  0.27390413      1          0
69              0              0         0  0.00000000     -1          2
70             88             89         2  0.53362344      1          0
71              0              0         0  0.00000000     -1          1
72              0              0         0  0.00000000     -1          2
73             90             91         2  0.91937820      1          0
74             92             93         1  0.66989733      1          0
75              0              0         0  0.00000000     -1          2
76             94             95         2  0.43441145      1          0
77             96             97         1  0.86448132      1          0
78             98             99         2  0.69135967      1          0
79            100            101         1  0.86415472      1          0
80              0              0         0  0.00000000     -1          1
81              0              0         0  0.00000000     -1          2
82              0              0         0  0.00000000     -1          1
83            102            103         2  0.15584898      1          0
84            104            105         1  0.59567326      1          0
85            106            107         1  0.61219939      1          0
86              0              0         0  0.00000000     -1          1
87              0              0         0  0.00000000     -1          1
88            108            109         2  0.44859959      1          0
89            110            111         2  0.53594146      1          0
90            112            113         1  0.04201599      1          0
91              0              0         0  0.00000000     -1          2
92            114            115         1  0.65194539      1          0
93              0              0         0  0.00000000     -1          1
94              0              0         0  0.00000000     -1          2
95            116            117         1  0.65226684      1          0
96              0              0         0  0.00000000     -1          1
97            118            119         2  0.58586125      1          0
98              0              0         0  0.00000000     -1          1
99              0              0         0  0.00000000     -1          2
100           120            121         1  0.63141407      1          0
101             0              0         0  0.00000000     -1          1
102           122            123         1  0.22117912      1          0
103             0              0         0  0.00000000     -1          1
104             0              0         0  0.00000000     -1          1
105           124            125         2  0.17291136      1          0
106             0              0         0  0.00000000     -1          2
107             0              0         0  0.00000000     -1          1
108             0              0         0  0.00000000     -1          2
109             0              0         0  0.00000000     -1          2
110             0              0         0  0.00000000     -1          1
111             0              0         0  0.00000000     -1          2
112             0              0         0  0.00000000     -1          2
113           126            127         2  0.84334139      1          0
114             0              0         0  0.00000000     -1          1
115             0              0         0  0.00000000     -1          2
116             0              0         0  0.00000000     -1          1
117             0              0         0  0.00000000     -1          1
118           128            129         1  0.87313465      1          0
119             0              0         0  0.00000000     -1          1
120             0              0         0  0.00000000     -1          2
121             0              0         0  0.00000000     -1          1
122             0              0         0  0.00000000     -1          1
123             0              0         0  0.00000000     -1          1
124           130            131         2  0.13414999      1          0
125             0              0         0  0.00000000     -1          2
126           132            133         1  0.44618483      1          0
127           134            135         1  0.49086239      1          0
128             0              0         0  0.00000000     -1          2
129           136            137         1  0.94177494      1          0
130           138            139         1  0.59762241      1          0
131             0              0         0  0.00000000     -1          1
132             0              0         0  0.00000000     -1          2
133             0              0         0  0.00000000     -1          2
134           140            141         1  0.25016448      1          0
135             0              0         0  0.00000000     -1          2
136             0              0         0  0.00000000     -1          1
137             0              0         0  0.00000000     -1          1
138             0              0         0  0.00000000     -1          2
139           142            143         1  0.73662435      1          0
140           144            145         2  0.88124043      1          0
141             0              0         0  0.00000000     -1          2
142             0              0         0  0.00000000     -1          1
143           146            147         1  0.73971681      1          0
144             0              0         0  0.00000000     -1          2
145             0              0         0  0.00000000     -1          2
146             0              0         0  0.00000000     -1          2
147           148            149         2  0.02165099      1          0
148             0              0         0  0.00000000     -1          1
149           150            151         1  0.81655859      1          0
150             0              0         0  0.00000000     -1          1
151             0              0         0  0.00000000     -1          1
