    left daughter right daughter split var split point status prediction
1               2              3         2  0.61473896      1          0
2               4              5         1  0.49494013      1          0
3               6              7         2  0.68314753      1          0
4               8              9         1  0.17309611      1          0
5              10             11         2  0.35432280      1          0
6              12             13         1  0.67286355      1          0
7              14             15         2  0.90902693      1          0
8              16             17         1  0.04015052      1          0
9              18             19         2  0.26556318      1          0
10             20             21         1  0.97272816      1          0
11             22             23         2  0.43342577      1          0
12             24             25         1  0.25079444      1          0
13             26             27         2  0.65805012      1          0
14             28             29         2  0.90741334      1          0
15             30             31         1  0.32725872      1          0
16             32             33         2  0.27552841      1          0
17             34             35         2  0.29979615      1          0
18             36             37         1  0.47061066      1          0
19             38             39         2  0.37758169      1          0
20             40             41         2  0.33311680      1          0
21              0              0         0  0.00000000     -1          1
22             42             43         2  0.36740123      1          0
23             44             45         2  0.43472520      1          0
24             46             47         1  0.16188490      1          0
25              0              0         0  0.00000000     -1          2
26              0              0         0  0.00000000     -1          2
27             48             49         1  0.94512961      1          0
28             50             51         2  0.70005833      1          0
29              0              0         0  0.00000000     -1          1
30             52             53         2  0.97335348      1          0
31             54             55         1  0.59103744      1          0
32              0              0         0  0.00000000     -1          1
33              0              0         0  0.00000000     -1          2
34             56             57         1  0.06755995      1          0
35             58             59         2  0.51693860      1          0
36             60             61         1  0.22849721      1          0
37              0              0         0  0.00000000     -1          2
38             62             63         1  0.44101509      1          0
39             64             65         1  0.25230204      1          0
40             66             67         2  0.13614205      1          0
41              0              0         0  0.00000000     -1          2
42              0              0         0  0.00000000     -1          1
43              0              0         0  0.00000000     -1          1
44              0              0         0  0.00000000     -1          2
45             68             69         1  0.53018855      1          0
46              0              0         0  0.00000000     -1          2
47              0              0         0  0.00000000     -1          2
48              0              0         0  0.00000000     -1          1
49              0              0         0  0.00000000     -1          1
50              0              0         0  0.00000000     -1          2
51             70             71         1  0.92387848      1          0
52              0              0         0  0.00000000     -1          2
53              0              0         0  0.00000000     -1          2
54              0              0         0  0.00000000     -1          2
55              0              0         0  0.00000000     -1          2
56              0              0         0  0.00000000     -1          1
57              0              0         0  0.00000000     -1          1
58             72             73         2  0.44426855      1          0
59              0              0         0  0.00000000     -1          2
60              0              0         0  0.00000000     -1          1
61             74             75         1  0.40526310      1          0
62              0              0         0  0.00000000     -1          2
63              0              0         0  0.00000000     -1          1
64              0              0         0  0.00000000     -1          2
65              0              0         0  0.00000000     -1          2
66             76             77         2  0.13254376      1          0
67             78             79         2  0.23827465      1          0
68              0              0         0  0.00000000     -1          2
69             80             81         2  0.61092767      1          0
70             82             83         1  0.01389880      1          0
71              0              0         0  0.00000000     -1          1
72              0              0         0  0.00000000     -1          2
73              0              0         0  0.00000000     -1          1
74             84             85         1  0.29308361      1          0
75             86             87         2  0.18896411      1          0
76             88             89         2  0.08687376      1          0
77              0              0         0  0.00000000     -1          2
78             90             91         2  0.17125273      1          0
79             92             93         1  0.57553801      1          0
80             94             95         1  0.78360565      1          0
81              0              0         0  0.00000000     -1          1
82              0              0         0  0.00000000     -1          1
83             96             97         2  0.74064614      1          0
84              0              0         0  0.00000000     -1          1
85              0              0         0  0.00000000     -1          1
86              0              0         0  0.00000000     -1          1
87              0              0         0  0.00000000     -1          2
88             98             99         2  0.08573494      1          0
89              0              0         0  0.00000000     -1          1
90              0              0         0  0.00000000     -1          1
91            100            101         2  0.17631757      1          0
92              0              0         0  0.00000000     -1          2
93            102            103         1  0.75074606      1          0
94              0              0         0  0.00000000     -1          1
95            104            105         2  0.49501458      1          0
96            106            107         1  0.44603256      1          0
97            108            109         1  0.06175382      1          0
98            110            111         2  0.06647851      1          0
99              0              0         0  0.00000000     -1          2
100             0              0         0  0.00000000     -1          2
101           112            113         1  0.59227435      1          0
102           114            115         1  0.74617315      1          0
103             0              0         0  0.00000000     -1          1
104             0              0         0  0.00000000     -1          1
105           116            117         1  0.79284522      1          0
106             0              0         0  0.00000000     -1          2
107             0              0         0  0.00000000     -1          1
108             0              0         0  0.00000000     -1          2
109           118            119         1  0.90367988      1          0
110           120            121         1  0.76166186      1          0
111             0              0         0  0.00000000     -1          1
112             0              0         0  0.00000000     -1          1
113             0              0         0  0.00000000     -1          1
114           122            123         1  0.73213891      1          0
115             0              0         0  0.00000000     -1          2
116             0              0         0  0.00000000     -1          2
117           124            125         1  0.86448132      1          0
118           126            127         1  0.81765366      1          0
119             0              0         0  0.00000000     -1          2
120           128            129         2  0.03947298      1          0
121             0              0         0  0.00000000     -1          1
122             0              0         0  0.00000000     -1          1
123             0              0         0  0.00000000     -1          1
124             0              0         0  0.00000000     -1          1
125           130            131         2  0.58468032      1          0
126           132            133         1  0.66842155      1          0
127             0              0         0  0.00000000     -1          2
128             0              0         0  0.00000000     -1          2
129             0              0         0  0.00000000     -1          1
130           134            135         2  0.53161954      1          0
131             0              0         0  0.00000000     -1          1
132           136            137         1  0.65928084      1          0
133             0              0         0  0.00000000     -1          2
134             0              0         0  0.00000000     -1          1
135             0              0         0  0.00000000     -1          1
136           138            139         2  0.85824952      1          0
137             0              0         0  0.00000000     -1          1
138           140            141         1  0.34113250      1          0
139           142            143         2  0.86215255      1          0
140             0              0         0  0.00000000     -1          2
141           144            145         2  0.78420150      1          0
142             0              0         0  0.00000000     -1          1
143           146            147         2  0.88124043      1          0
144             0              0         0  0.00000000     -1          2
145             0              0         0  0.00000000     -1          2
146             0              0         0  0.00000000     -1          2
147             0              0         0  0.00000000     -1          2
