    left daughter right daughter split var split point status prediction
1               2              3         2  0.55301750      1          0
2               4              5         2  0.28056151      1          0
3               6              7         1  0.68827109      1          0
4               8              9         1  0.06758107      1          0
5              10             11         2  0.53969095      1          0
6              12             13         1  0.02097967      1          0
7              14             15         2  0.83075027      1          0
8              16             17         2  0.16838373      1          0
9              18             19         2  0.03936961      1          0
10             20             21         1  0.51989650      1          0
11              0              0         0  0.00000000     -1          1
12              0              0         0  0.00000000     -1          1
13             22             23         1  0.58697865      1          0
14             24             25         2  0.74261562      1          0
15             26             27         2  0.89810601      1          0
16              0              0         0  0.00000000     -1          1
17              0              0         0  0.00000000     -1          1
18             28             29         2  0.02351880      1          0
19             30             31         2  0.24285893      1          0
20             32             33         2  0.40752066      1          0
21             34             35         2  0.28278845      1          0
22             36             37         2  0.87811616      1          0
23             38             39         1  0.61435172      1          0
24             40             41         1  0.99090780      1          0
25             42             43         2  0.81883630      1          0
26             44             45         1  0.95332138      1          0
27              0              0         0  0.00000000     -1          2
28             46             47         1  0.62103315      1          0
29              0              0         0  0.00000000     -1          2
30             48             49         1  0.52360242      1          0
31             50             51         2  0.24556001      1          0
32             52             53         2  0.39706494      1          0
33             54             55         1  0.48929692      1          0
34              0              0         0  0.00000000     -1          2
35             56             57         1  0.98842059      1          0
36             58             59         1  0.04071549      1          0
37             60             61         1  0.06089326      1          0
38              0              0         0  0.00000000     -1          1
39             62             63         2  0.68376074      1          0
40             64             65         2  0.65149138      1          0
41              0              0         0  0.00000000     -1          2
42             66             67         1  0.92146881      1          0
43              0              0         0  0.00000000     -1          1
44             68             69         1  0.71855182      1          0
45              0              0         0  0.00000000     -1          1
46              0              0         0  0.00000000     -1          1
47              0              0         0  0.00000000     -1          1
48              0              0         0  0.00000000     -1          1
49             70             71         1  0.53417463      1          0
50              0              0         0  0.00000000     -1          2
51             72             73         1  0.96998075      1          0
52             74             75         2  0.29939074      1          0
53              0              0         0  0.00000000     -1          1
54             76             77         1  0.14496861      1          0
55              0              0         0  0.00000000     -1          2
56             78             79         2  0.36717034      1          0
57              0              0         0  0.00000000     -1          2
58              0              0         0  0.00000000     -1          2
59             80             81         2  0.67421600      1          0
60              0              0         0  0.00000000     -1          1
61             82             83         1  0.23555786      1          0
62              0              0         0  0.00000000     -1          1
63             84             85         1  0.66551906      1          0
64              0              0         0  0.00000000     -1          1
65             86             87         1  0.87358354      1          0
66              0              0         0  0.00000000     -1          2
67              0              0         0  0.00000000     -1          1
68              0              0         0  0.00000000     -1          2
69              0              0         0  0.00000000     -1          2
70              0              0         0  0.00000000     -1          2
71             88             89         2  0.15489779      1          0
72             90             91         2  0.27189174      1          0
73              0              0         0  0.00000000     -1          2
74              0              0         0  0.00000000     -1          2
75             92             93         2  0.38935809      1          0
76             94             95         2  0.44426855      1          0
77             96             97         2  0.53480804      1          0
78             98             99         1  0.97997807      1          0
79            100            101         1  0.68335124      1          0
80            102            103         2  0.66719904      1          0
81              0              0         0  0.00000000     -1          2
82            104            105         2  0.93179904      1          0
83            106            107         2  0.88255377      1          0
84              0              0         0  0.00000000     -1          2
85              0              0         0  0.00000000     -1          2
86            108            109         2  0.65805012      1          0
87              0              0         0  0.00000000     -1          1
88            110            111         1  0.60125883      1          0
89            112            113         2  0.17444086      1          0
90            114            115         1  0.83052450      1          0
91              0              0         0  0.00000000     -1          1
92            116            117         2  0.38872113      1          0
93              0              0         0  0.00000000     -1          2
94              0              0         0  0.00000000     -1          2
95              0              0         0  0.00000000     -1          2
96              0              0         0  0.00000000     -1          2
97              0              0         0  0.00000000     -1          2
98            118            119         2  0.36563075      1          0
99              0              0         0  0.00000000     -1          2
100           120            121         1  0.65019418      1          0
101           122            123         1  0.86723269      1          0
102           124            125         1  0.55426131      1          0
103             0              0         0  0.00000000     -1          1
104             0              0         0  0.00000000     -1          2
105             0              0         0  0.00000000     -1          2
106             0              0         0  0.00000000     -1          1
107           126            127         2  0.97279511      1          0
108             0              0         0  0.00000000     -1          2
109           128            129         2  0.69143244      1          0
110             0              0         0  0.00000000     -1          1
111           130            131         1  0.79917515      1          0
112             0              0         0  0.00000000     -1          1
113             0              0         0  0.00000000     -1          1
114           132            133         2  0.26288141      1          0
115             0              0         0  0.00000000     -1          2
116           134            135         1  0.44101509      1          0
117             0              0         0  0.00000000     -1          1
118           136            137         2  0.35432280      1          0
119             0              0         0  0.00000000     -1          2
120             0              0         0  0.00000000     -1          1
121             0              0         0  0.00000000     -1          2
122           138            139         2  0.48822882      1          0
123             0              0         0  0.00000000     -1          1
124           140            141         1  0.25723917      1          0
125             0              0         0  0.00000000     -1          2
126             0              0         0  0.00000000     -1          2
127             0              0         0  0.00000000     -1          2
128             0              0         0  0.00000000     -1          1
129             0              0         0  0.00000000     -1          1
130             0              0         0  0.00000000     -1          1
131           142            143         2  0.15253578      1          0
132             0              0         0  0.00000000     -1          1
133             0              0         0  0.00000000     -1          1
134           144            145         2  0.33122075      1          0
135             0              0         0  0.00000000     -1          1
136           146            147         1  0.89010585      1          0
137             0              0         0  0.00000000     -1          1
138             0              0         0  0.00000000     -1          1
139             0              0         0  0.00000000     -1          1
140           148            149         1  0.24274907      1          0
141             0              0         0  0.00000000     -1          2
142           150            151         2  0.07652747      1          0
143             0              0         0  0.00000000     -1          2
144             0              0         0  0.00000000     -1          2
145           152            153         2  0.33381722      1          0
146           154            155         1  0.88476003      1          0
147             0              0         0  0.00000000     -1          1
148           156            157         1  0.15891982      1          0
149             0              0         0  0.00000000     -1          1
150             0              0         0  0.00000000     -1          1
151           158            159         2  0.08154891      1          0
152             0              0         0  0.00000000     -1          1
153           160            161         2  0.35828631      1          0
154           162            163         2  0.35082263      1          0
155             0              0         0  0.00000000     -1          2
156             0              0         0  0.00000000     -1          2
157             0              0         0  0.00000000     -1          2
158             0              0         0  0.00000000     -1          2
159           164            165         2  0.11975513      1          0
160             0              0         0  0.00000000     -1          2
161             0              0         0  0.00000000     -1          2
162           166            167         2  0.29125658      1          0
163             0              0         0  0.00000000     -1          2
164             0              0         0  0.00000000     -1          1
165             0              0         0  0.00000000     -1          1
166             0              0         0  0.00000000     -1          1
167             0              0         0  0.00000000     -1          1
