    left daughter right daughter split var split point status prediction
1               2              3         2  0.69081642      1          0
2               4              5         1  0.50992845      1          0
3               6              7         2  0.75346065      1          0
4               8              9         2  0.28474595      1          0
5              10             11         2  0.63613248      1          0
6              12             13         2  0.71209362      1          0
7              14             15         1  0.98568126      1          0
8              16             17         2  0.14577179      1          0
9              18             19         2  0.40567607      1          0
10             20             21         2  0.25706289      1          0
11             22             23         1  0.64339435      1          0
12             24             25         1  0.81290910      1          0
13             26             27         1  0.57539537      1          0
14             28             29         2  0.88745067      1          0
15              0              0         0  0.00000000     -1          1
16             30             31         2  0.02839559      1          0
17             32             33         2  0.17193885      1          0
18             34             35         1  0.44793933      1          0
19             36             37         1  0.48929692      1          0
20             38             39         1  0.74083778      1          0
21             40             41         1  0.98842059      1          0
22              0              0         0  0.00000000     -1          2
23             42             43         1  0.99090780      1          0
24              0              0         0  0.00000000     -1          2
25              0              0         0  0.00000000     -1          1
26              0              0         0  0.00000000     -1          2
27              0              0         0  0.00000000     -1          1
28             44             45         2  0.88574455      1          0
29             46             47         2  0.97373922      1          0
30              0              0         0  0.00000000     -1          1
31             48             49         2  0.12468566      1          0
32              0              0         0  0.00000000     -1          2
33             50             51         1  0.39597419      1          0
34             52             53         1  0.13194304      1          0
35              0              0         0  0.00000000     -1          1
36             54             55         2  0.65377672      1          0
37              0              0         0  0.00000000     -1          2
38             56             57         2  0.22001272      1          0
39             58             59         2  0.23827465      1          0
40             60             61         1  0.53108347      1          0
41              0              0         0  0.00000000     -1          2
42             62             63         2  0.65805012      1          0
43              0              0         0  0.00000000     -1          2
44             64             65         2  0.81883630      1          0
45              0              0         0  0.00000000     -1          1
46             66             67         1  0.62066147      1          0
47             68             69         1  0.35226266      1          0
48             70             71         2  0.05625706      1          0
49              0              0         0  0.00000000     -1          1
50             72             73         2  0.21296531      1          0
51              0              0         0  0.00000000     -1          2
52             74             75         2  0.35828631      1          0
53              0              0         0  0.00000000     -1          2
54             76             77         1  0.16403913      1          0
55              0              0         0  0.00000000     -1          2
56             78             79         2  0.07040235      1          0
57              0              0         0  0.00000000     -1          1
58             80             81         2  0.17575330      1          0
59              0              0         0  0.00000000     -1          2
60              0              0         0  0.00000000     -1          1
61             82             83         1  0.78360565      1          0
62              0              0         0  0.00000000     -1          1
63              0              0         0  0.00000000     -1          1
64             84             85         1  0.89242950      1          0
65             86             87         1  0.81475633      1          0
66              0              0         0  0.00000000     -1          2
67             88             89         1  0.65426815      1          0
68              0              0         0  0.00000000     -1          2
69              0              0         0  0.00000000     -1          2
70             90             91         1  0.07096125      1          0
71              0              0         0  0.00000000     -1          1
72              0              0         0  0.00000000     -1          1
73             92             93         1  0.23039949      1          0
74              0              0         0  0.00000000     -1          1
75              0              0         0  0.00000000     -1          2
76             94             95         1  0.13494198      1          0
77             96             97         1  0.39371045      1          0
78             98             99         1  0.59762241      1          0
79            100            101         1  0.59584299      1          0
80            102            103         1  0.76054281      1          0
81              0              0         0  0.00000000     -1          1
82            104            105         1  0.68272330      1          0
83            106            107         2  0.49372081      1          0
84            108            109         2  0.78947121      1          0
85              0              0         0  0.00000000     -1          1
86            110            111         2  0.84334139      1          0
87              0              0         0  0.00000000     -1          1
88              0              0         0  0.00000000     -1          1
89              0              0         0  0.00000000     -1          2
90              0              0         0  0.00000000     -1          2
91              0              0         0  0.00000000     -1          1
92              0              0         0  0.00000000     -1          1
93              0              0         0  0.00000000     -1          1
94            112            113         2  0.45134158      1          0
95              0              0         0  0.00000000     -1          1
96            114            115         2  0.56220450      1          0
97            116            117         1  0.40050789      1          0
98              0              0         0  0.00000000     -1          1
99              0              0         0  0.00000000     -1          1
100             0              0         0  0.00000000     -1          1
101           118            119         2  0.13684265      1          0
102             0              0         0  0.00000000     -1          2
103           120            121         1  0.97407934      1          0
104           122            123         2  0.36183891      1          0
105             0              0         0  0.00000000     -1          1
106           124            125         2  0.36717034      1          0
107           126            127         2  0.50077813      1          0
108           128            129         1  0.38774436      1          0
109             0              0         0  0.00000000     -1          2
110             0              0         0  0.00000000     -1          2
111           130            131         2  0.84502746      1          0
112             0              0         0  0.00000000     -1          2
113             0              0         0  0.00000000     -1          2
114           132            133         1  0.25502788      1          0
115             0              0         0  0.00000000     -1          2
116             0              0         0  0.00000000     -1          1
117             0              0         0  0.00000000     -1          2
118             0              0         0  0.00000000     -1          1
119             0              0         0  0.00000000     -1          1
120           134            135         2  0.17291136      1          0
121             0              0         0  0.00000000     -1          1
122           136            137         1  0.65591317      1          0
123           138            139         1  0.68200630      1          0
124           140            141         1  0.94166376      1          0
125             0              0         0  0.00000000     -1          1
126             0              0         0  0.00000000     -1          2
127           142            143         1  0.87313465      1          0
128             0              0         0  0.00000000     -1          2
129             0              0         0  0.00000000     -1          2
130             0              0         0  0.00000000     -1          1
131           144            145         2  0.86036629      1          0
132             0              0         0  0.00000000     -1          2
133             0              0         0  0.00000000     -1          2
134           146            147         1  0.97089531      1          0
135             0              0         0  0.00000000     -1          2
136           148            149         1  0.54922485      1          0
137             0              0         0  0.00000000     -1          2
138           150            151         1  0.65088247      1          0
139             0              0         0  0.00000000     -1          2
140           152            153         1  0.88476003      1          0
141             0              0         0  0.00000000     -1          1
142             0              0         0  0.00000000     -1          1
143             0              0         0  0.00000000     -1          1
144             0              0         0  0.00000000     -1          2
145           154            155         2  0.87811616      1          0
146           156            157         2  0.07319070      1          0
147             0              0         0  0.00000000     -1          2
148             0              0         0  0.00000000     -1          1
149             0              0         0  0.00000000     -1          1
150             0              0         0  0.00000000     -1          1
151           158            159         1  0.65226684      1          0
152             0              0         0  0.00000000     -1          1
153             0              0         0  0.00000000     -1          1
154             0              0         0  0.00000000     -1          2
155             0              0         0  0.00000000     -1          2
156             0              0         0  0.00000000     -1          1
157           160            161         2  0.08932487      1          0
158             0              0         0  0.00000000     -1          2
159             0              0         0  0.00000000     -1          1
160             0              0         0  0.00000000     -1          2
161           162            163         1  0.88862903      1          0
162             0              0         0  0.00000000     -1          1
163             0              0         0  0.00000000     -1          1
