    left daughter right daughter split var split point status prediction
1               2              3         1  0.53339725      1          0
2               4              5         1  0.44355668      1          0
3               6              7         1  0.99662030      1          0
4               8              9         1  0.01389880      1          0
5              10             11         2  0.41946913      1          0
6              12             13         1  0.74172063      1          0
7               0              0         0  0.00000000     -1          2
8               0              0         0  0.00000000     -1          1
9              14             15         1  0.44263673      1          0
10             16             17         1  0.52168142      1          0
11             18             19         1  0.45945067      1          0
12             20             21         2  0.68223097      1          0
13             22             23         1  0.89056868      1          0
14             24             25         1  0.44034225      1          0
15              0              0         0  0.00000000     -1          2
16             26             27         1  0.47546254      1          0
17              0              0         0  0.00000000     -1          2
18              0              0         0  0.00000000     -1          2
19             28             29         1  0.49007110      1          0
20             30             31         2  0.63613248      1          0
21             32             33         1  0.55554847      1          0
22             34             35         1  0.87180161      1          0
23             36             37         2  0.86277429      1          0
24             38             39         1  0.41419428      1          0
25              0              0         0  0.00000000     -1          1
26              0              0         0  0.00000000     -1          1
27              0              0         0  0.00000000     -1          1
28              0              0         0  0.00000000     -1          2
29             40             41         2  0.85745319      1          0
30             42             43         2  0.04362949      1          0
31              0              0         0  0.00000000     -1          1
32              0              0         0  0.00000000     -1          2
33             44             45         2  0.88574455      1          0
34             46             47         1  0.86204264      1          0
35             48             49         2  0.85092824      1          0
36             50             51         1  0.94793451      1          0
37              0              0         0  0.00000000     -1          2
38             52             53         1  0.41218429      1          0
39             54             55         1  0.43043922      1          0
40             56             57         1  0.49374406      1          0
41              0              0         0  0.00000000     -1          2
42              0              0         0  0.00000000     -1          1
43             58             59         1  0.74068923      1          0
44              0              0         0  0.00000000     -1          2
45             60             61         2  0.91210378      1          0
46             62             63         2  0.74261562      1          0
47              0              0         0  0.00000000     -1          1
48             64             65         2  0.61905832      1          0
49              0              0         0  0.00000000     -1          2
50             66             67         1  0.90554248      1          0
51             68             69         2  0.55849243      1          0
52             70             71         1  0.03877467      1          0
53              0              0         0  0.00000000     -1          1
54              0              0         0  0.00000000     -1          2
55              0              0         0  0.00000000     -1          2
56              0              0         0  0.00000000     -1          1
57              0              0         0  0.00000000     -1          2
58             72             73         2  0.35450464      1          0
59              0              0         0  0.00000000     -1          2
60              0              0         0  0.00000000     -1          1
61              0              0         0  0.00000000     -1          2
62             74             75         1  0.85848034      1          0
63             76             77         2  0.81669255      1          0
64              0              0         0  0.00000000     -1          1
65              0              0         0  0.00000000     -1          2
66              0              0         0  0.00000000     -1          1
67              0              0         0  0.00000000     -1          1
68             78             79         2  0.36740123      1          0
69              0              0         0  0.00000000     -1          1
70             80             81         2  0.25690735      1          0
71             82             83         1  0.04190033      1          0
72             84             85         2  0.34889438      1          0
73             86             87         2  0.60681729      1          0
74             88             89         2  0.09004853      1          0
75              0              0         0  0.00000000     -1          2
76              0              0         0  0.00000000     -1          2
77              0              0         0  0.00000000     -1          2
78             90             91         2  0.35736027      1          0
79              0              0         0  0.00000000     -1          1
80              0              0         0  0.00000000     -1          1
81             92             93         1  0.01816678      1          0
82              0              0         0  0.00000000     -1          1
83             94             95         2  0.24288395      1          0
84             96             97         1  0.60125883      1          0
85              0              0         0  0.00000000     -1          2
86             98             99         2  0.43342577      1          0
87              0              0         0  0.00000000     -1          1
88              0              0         0  0.00000000     -1          1
89            100            101         1  0.84638466      1          0
90            102            103         2  0.12401585      1          0
91              0              0         0  0.00000000     -1          2
92              0              0         0  0.00000000     -1          2
93              0              0         0  0.00000000     -1          2
94            104            105         1  0.40302506      1          0
95            106            107         1  0.17401097      1          0
96            108            109         1  0.59602010      1          0
97            110            111         2  0.28028816      1          0
98              0              0         0  0.00000000     -1          1
99            112            113         1  0.65088247      1          0
100           114            115         2  0.48479308      1          0
101             0              0         0  0.00000000     -1          1
102             0              0         0  0.00000000     -1          1
103             0              0         0  0.00000000     -1          1
104           116            117         1  0.06755995      1          0
105             0              0         0  0.00000000     -1          2
106           118            119         1  0.17366714      1          0
107           120            121         2  0.98494736      1          0
108           122            123         1  0.54820711      1          0
109             0              0         0  0.00000000     -1          2
110             0              0         0  0.00000000     -1          1
111             0              0         0  0.00000000     -1          1
112             0              0         0  0.00000000     -1          1
113           124            125         1  0.65226684      1          0
114             0              0         0  0.00000000     -1          1
115           126            127         1  0.81136092      1          0
116             0              0         0  0.00000000     -1          2
117           128            129         2  0.15861167      1          0
118           130            131         2  0.35828631      1          0
119             0              0         0  0.00000000     -1          1
120           132            133         1  0.24822669      1          0
121             0              0         0  0.00000000     -1          1
122             0              0         0  0.00000000     -1          1
123           134            135         1  0.54922485      1          0
124             0              0         0  0.00000000     -1          2
125           136            137         2  0.43992198      1          0
126           138            139         1  0.77565618      1          0
127             0              0         0  0.00000000     -1          1
128           140            141         2  0.14662214      1          0
129             0              0         0  0.00000000     -1          1
130             0              0         0  0.00000000     -1          1
131           142            143         1  0.05848661      1          0
132             0              0         0  0.00000000     -1          2
133           144            145         1  0.24965468      1          0
134             0              0         0  0.00000000     -1          2
135           146            147         1  0.57389700      1          0
136             0              0         0  0.00000000     -1          2
137             0              0         0  0.00000000     -1          1
138             0              0         0  0.00000000     -1          1
139             0              0         0  0.00000000     -1          2
140           148            149         1  0.28226218      1          0
141             0              0         0  0.00000000     -1          2
142             0              0         0  0.00000000     -1          2
143           150            151         2  0.64321895      1          0
144             0              0         0  0.00000000     -1          1
145           152            153         2  0.97279511      1          0
146             0              0         0  0.00000000     -1          1
147             0              0         0  0.00000000     -1          1
148             0              0         0  0.00000000     -1          1
149           154            155         2  0.03593121      1          0
150           156            157         1  0.13681802      1          0
151           158            159         2  0.92798156      1          0
152             0              0         0  0.00000000     -1          2
153             0              0         0  0.00000000     -1          2
154             0              0         0  0.00000000     -1          1
155             0              0         0  0.00000000     -1          1
156             0              0         0  0.00000000     -1          2
157             0              0         0  0.00000000     -1          2
158             0              0         0  0.00000000     -1          2
159             0              0         0  0.00000000     -1          2
