    left daughter right daughter split var split point status prediction
1               2              3         1  0.53932385      1          0
2               4              5         1  0.48170287      1          0
3               6              7         2  0.77499333      1          0
4               8              9         2  0.29165710      1          0
5              10             11         2  0.43170446      1          0
6              12             13         1  0.99286570      1          0
7              14             15         1  0.93799657      1          0
8              16             17         1  0.47061066      1          0
9              18             19         1  0.43981062      1          0
10             20             21         2  0.20632026      1          0
11             22             23         1  0.49055507      1          0
12             24             25         2  0.67206291      1          0
13              0              0         0  0.00000000     -1          2
14             26             27         1  0.55409999      1          0
15              0              0         0  0.00000000     -1          1
16             28             29         2  0.24288395      1          0
17              0              0         0  0.00000000     -1          2
18             30             31         2  0.98760546      1          0
19             32             33         2  0.43941354      1          0
20             34             35         2  0.03801810      1          0
21             36             37         1  0.50615375      1          0
22              0              0         0  0.00000000     -1          2
23             38             39         2  0.68103572      1          0
24             40             41         1  0.92995984      1          0
25             42             43         1  0.86593665      1          0
26              0              0         0  0.00000000     -1          1
27             44             45         2  0.90567449      1          0
28             46             47         2  0.05510417      1          0
29              0              0         0  0.00000000     -1          1
30             48             49         2  0.88001391      1          0
31              0              0         0  0.00000000     -1          2
32              0              0         0  0.00000000     -1          1
33             50             51         2  0.74920992      1          0
34              0              0         0  0.00000000     -1          1
35              0              0         0  0.00000000     -1          1
36              0              0         0  0.00000000     -1          1
37              0              0         0  0.00000000     -1          2
38              0              0         0  0.00000000     -1          2
39             52             53         1  0.49671520      1          0
40             54             55         2  0.28948988      1          0
41             56             57         2  0.03201180      1          0
42             58             59         1  0.63269343      1          0
43              0              0         0  0.00000000     -1          1
44              0              0         0  0.00000000     -1          2
45             60             61         2  0.90902693      1          0
46              0              0         0  0.00000000     -1          1
47             62             63         2  0.05668651      1          0
48             64             65         2  0.55264352      1          0
49             66             67         1  0.10933172      1          0
50              0              0         0  0.00000000     -1          2
51              0              0         0  0.00000000     -1          2
52              0              0         0  0.00000000     -1          1
53              0              0         0  0.00000000     -1          2
54             68             69         2  0.23757962      1          0
55             70             71         1  0.54922485      1          0
56              0              0         0  0.00000000     -1          2
57             72             73         2  0.16530789      1          0
58              0              0         0  0.00000000     -1          2
59              0              0         0  0.00000000     -1          1
60              0              0         0  0.00000000     -1          1
61              0              0         0  0.00000000     -1          2
62              0              0         0  0.00000000     -1          2
63             74             75         1  0.39838532      1          0
64             76             77         1  0.14496861      1          0
65             78             79         2  0.65724862      1          0
66              0              0         0  0.00000000     -1          1
67             80             81         2  0.88829297      1          0
68             82             83         1  0.59779215      1          0
69             84             85         1  0.86075665      1          0
70              0              0         0  0.00000000     -1          1
71             86             87         1  0.57464470      1          0
72              0              0         0  0.00000000     -1          1
73             88             89         1  0.96127278      1          0
74             90             91         1  0.06755995      1          0
75              0              0         0  0.00000000     -1          1
76             92             93         2  0.50193744      1          0
77             94             95         2  0.54757602      1          0
78             96             97         2  0.65318666      1          0
79              0              0         0  0.00000000     -1          2
80              0              0         0  0.00000000     -1          1
81              0              0         0  0.00000000     -1          2
82              0              0         0  0.00000000     -1          1
83             98             99         1  0.87574286      1          0
84            100            101         1  0.81917237      1          0
85              0              0         0  0.00000000     -1          1
86              0              0         0  0.00000000     -1          1
87            102            103         2  0.63769141      1          0
88              0              0         0  0.00000000     -1          1
89            104            105         1  0.98034952      1          0
90              0              0         0  0.00000000     -1          1
91              0              0         0  0.00000000     -1          1
92            106            107         2  0.49265804      1          0
93              0              0         0  0.00000000     -1          2
94              0              0         0  0.00000000     -1          2
95              0              0         0  0.00000000     -1          1
96              0              0         0  0.00000000     -1          2
97              0              0         0  0.00000000     -1          1
98            108            109         1  0.74284359      1          0
99              0              0         0  0.00000000     -1          1
100           110            111         2  0.24287208      1          0
101             0              0         0  0.00000000     -1          2
102           112            113         2  0.35450464      1          0
103             0              0         0  0.00000000     -1          1
104             0              0         0  0.00000000     -1          1
105             0              0         0  0.00000000     -1          1
106           114            115         1  0.05134276      1          0
107             0              0         0  0.00000000     -1          1
108           116            117         2  0.01730011      1          0
109             0              0         0  0.00000000     -1          1
110             0              0         0  0.00000000     -1          2
111           118            119         2  0.27887313      1          0
112           120            121         2  0.35082263      1          0
113           122            123         2  0.52943373      1          0
114             0              0         0  0.00000000     -1          2
115           124            125         2  0.35828631      1          0
116             0              0         0  0.00000000     -1          2
117           126            127         1  0.74083778      1          0
118             0              0         0  0.00000000     -1          1
119             0              0         0  0.00000000     -1          1
120             0              0         0  0.00000000     -1          1
121             0              0         0  0.00000000     -1          2
122             0              0         0  0.00000000     -1          1
123           128            129         1  0.85282772      1          0
124             0              0         0  0.00000000     -1          2
125             0              0         0  0.00000000     -1          2
126             0              0         0  0.00000000     -1          1
127             0              0         0  0.00000000     -1          2
128             0              0         0  0.00000000     -1          1
129             0              0         0  0.00000000     -1          1
