    left daughter right daughter split var split point status prediction
1               2              3         1  0.54894279      1          0
2               4              5         2  0.29165710      1          0
3               6              7         2  0.82452638      1          0
4               8              9         2  0.12468566      1          0
5              10             11         2  0.44859959      1          0
6              12             13         2  0.63437054      1          0
7              14             15         1  0.98265573      1          0
8              16             17         2  0.05763618      1          0
9              18             19         1  0.52168142      1          0
10             20             21         2  0.44347485      1          0
11             22             23         1  0.25827955      1          0
12             24             25         1  0.98034952      1          0
13             26             27         2  0.64721300      1          0
14             28             29         1  0.55409999      1          0
15              0              0         0  0.00000000     -1          1
16             30             31         1  0.52648895      1          0
17              0              0         0  0.00000000     -1          1
18             32             33         1  0.27490926      1          0
19              0              0         0  0.00000000     -1          2
20             34             35         2  0.35293972      1          0
21              0              0         0  0.00000000     -1          1
22             36             37         2  0.55962292      1          0
23             38             39         1  0.45566359      1          0
24             40             41         2  0.02569027      1          0
25              0              0         0  0.00000000     -1          1
26              0              0         0  0.00000000     -1          2
27             42             43         1  0.62750427      1          0
28              0              0         0  0.00000000     -1          1
29             44             45         2  0.88681019      1          0
30             46             47         1  0.30169800      1          0
31              0              0         0  0.00000000     -1          2
32             48             49         1  0.26541012      1          0
33             50             51         1  0.42253850      1          0
34              0              0         0  0.00000000     -1          2
35             52             53         1  0.44141971      1          0
36              0              0         0  0.00000000     -1          2
37             54             55         1  0.24701562      1          0
38             56             57         2  0.78762360      1          0
39             58             59         1  0.45996867      1          0
40              0              0         0  0.00000000     -1          2
41             60             61         1  0.65684537      1          0
42             62             63         1  0.55553112      1          0
43             64             65         1  0.78966402      1          0
44             66             67         1  0.71855182      1          0
45              0              0         0  0.00000000     -1          2
46              0              0         0  0.00000000     -1          1
47              0              0         0  0.00000000     -1          1
48             68             69         2  0.16173872      1          0
49              0              0         0  0.00000000     -1          2
50              0              0         0  0.00000000     -1          1
51              0              0         0  0.00000000     -1          1
52             70             71         2  0.35828631      1          0
53              0              0         0  0.00000000     -1          1
54             72             73         1  0.05848661      1          0
55              0              0         0  0.00000000     -1          1
56              0              0         0  0.00000000     -1          2
57             74             75         1  0.37370190      1          0
58              0              0         0  0.00000000     -1          1
59             76             77         1  0.49472336      1          0
60             78             79         1  0.65563648      1          0
61             80             81         2  0.17877342      1          0
62              0              0         0  0.00000000     -1          1
63              0              0         0  0.00000000     -1          2
64             82             83         2  0.74650697      1          0
65             84             85         2  0.74261562      1          0
66              0              0         0  0.00000000     -1          2
67              0              0         0  0.00000000     -1          2
68              0              0         0  0.00000000     -1          2
69             86             87         1  0.17186902      1          0
70              0              0         0  0.00000000     -1          1
71              0              0         0  0.00000000     -1          2
72              0              0         0  0.00000000     -1          2
73             88             89         1  0.16188490      1          0
74              0              0         0  0.00000000     -1          2
75              0              0         0  0.00000000     -1          2
76              0              0         0  0.00000000     -1          2
77             90             91         2  0.55141375      1          0
78             92             93         1  0.65086214      1          0
79              0              0         0  0.00000000     -1          2
80             94             95         1  0.87319916      1          0
81             96             97         1  0.77789370      1          0
82             98             99         2  0.68590476      1          0
83              0              0         0  0.00000000     -1          2
84            100            101         2  0.67236853      1          0
85              0              0         0  0.00000000     -1          1
86              0              0         0  0.00000000     -1          1
87            102            103         2  0.24288395      1          0
88            104            105         2  0.93179904      1          0
89            106            107         2  0.68362015      1          0
90              0              0         0  0.00000000     -1          2
91              0              0         0  0.00000000     -1          2
92            108            109         1  0.59922232      1          0
93              0              0         0  0.00000000     -1          1
94              0              0         0  0.00000000     -1          1
95            110            111         2  0.17291136      1          0
96              0              0         0  0.00000000     -1          1
97            112            113         1  0.79011870      1          0
98              0              0         0  0.00000000     -1          1
99              0              0         0  0.00000000     -1          1
100             0              0         0  0.00000000     -1          1
101             0              0         0  0.00000000     -1          1
102             0              0         0  0.00000000     -1          1
103             0              0         0  0.00000000     -1          2
104             0              0         0  0.00000000     -1          2
105             0              0         0  0.00000000     -1          2
106             0              0         0  0.00000000     -1          2
107           114            115         1  0.17750460      1          0
108           116            117         2  0.07345091      1          0
109             0              0         0  0.00000000     -1          1
110             0              0         0  0.00000000     -1          1
111             0              0         0  0.00000000     -1          2
112             0              0         0  0.00000000     -1          2
113           118            119         2  0.49146444      1          0
114             0              0         0  0.00000000     -1          2
115             0              0         0  0.00000000     -1          2
116             0              0         0  0.00000000     -1          2
117           120            121         2  0.25332104      1          0
118           122            123         1  0.84638466      1          0
119           124            125         1  0.81495269      1          0
120             0              0         0  0.00000000     -1          1
121             0              0         0  0.00000000     -1          1
122             0              0         0  0.00000000     -1          1
123           126            127         2  0.36717034      1          0
124             0              0         0  0.00000000     -1          2
125           128            129         1  0.94188129      1          0
126           130            131         2  0.36494370      1          0
127             0              0         0  0.00000000     -1          1
128           132            133         2  0.53332004      1          0
129             0              0         0  0.00000000     -1          1
130           134            135         1  0.84898637      1          0
131             0              0         0  0.00000000     -1          2
132             0              0         0  0.00000000     -1          1
133             0              0         0  0.00000000     -1          1
134             0              0         0  0.00000000     -1          2
135           136            137         2  0.33404458      1          0
136             0              0         0  0.00000000     -1          1
137             0              0         0  0.00000000     -1          1
