    left daughter right daughter split var split point status prediction
1               2              3         1  0.49134636      1          0
2               4              5         2  0.28474595      1          0
3               6              7         2  0.75998088      1          0
4               8              9         1  0.06755995      1          0
5              10             11         1  0.44181228      1          0
6              12             13         2  0.68392300      1          0
7              14             15         1  0.49671520      1          0
8              16             17         1  0.02984803      1          0
9              18             19         1  0.40302506      1          0
10             20             21         2  0.97335348      1          0
11             22             23         1  0.45752049      1          0
12             24             25         2  0.01814877      1          0
13             26             27         1  0.63269343      1          0
14              0              0         0  0.00000000     -1          1
15             28             29         2  0.79205310      1          0
16              0              0         0  0.00000000     -1          1
17              0              0         0  0.00000000     -1          2
18             30             31         2  0.24285893      1          0
19             32             33         2  0.13677905      1          0
20             34             35         1  0.25230204      1          0
21              0              0         0  0.00000000     -1          1
22              0              0         0  0.00000000     -1          1
23             36             37         2  0.40511187      1          0
24              0              0         0  0.00000000     -1          1
25             38             39         2  0.50931078      1          0
26              0              0         0  0.00000000     -1          2
27             40             41         1  0.77720231      1          0
28              0              0         0  0.00000000     -1          2
29             42             43         1  0.98568126      1          0
30             44             45         1  0.22849721      1          0
31              0              0         0  0.00000000     -1          1
32              0              0         0  0.00000000     -1          1
33              0              0         0  0.00000000     -1          1
34             46             47         1  0.24701562      1          0
35             48             49         2  0.53134091      1          0
36              0              0         0  0.00000000     -1          1
37              0              0         0  0.00000000     -1          2
38             50             51         1  0.97997807      1          0
39             52             53         2  0.64894386      1          0
40              0              0         0  0.00000000     -1          1
41              0              0         0  0.00000000     -1          1
42             54             55         1  0.55409999      1          0
43              0              0         0  0.00000000     -1          2
44             56             57         1  0.22138420      1          0
45              0              0         0  0.00000000     -1          1
46             58             59         1  0.17490175      1          0
47              0              0         0  0.00000000     -1          1
48              0              0         0  0.00000000     -1          2
49             60             61         2  0.55842046      1          0
50             62             63         2  0.49371041      1          0
51              0              0         0  0.00000000     -1          2
52             64             65         1  0.86448132      1          0
53             66             67         1  0.58128438      1          0
54              0              0         0  0.00000000     -1          2
55             68             69         2  0.88681019      1          0
56             70             71         1  0.20397742      1          0
57              0              0         0  0.00000000     -1          2
58             72             73         2  0.34328533      1          0
59             74             75         2  0.68362015      1          0
60              0              0         0  0.00000000     -1          1
61             76             77         2  0.78762360      1          0
62             78             79         2  0.08687376      1          0
63              0              0         0  0.00000000     -1          2
64              0              0         0  0.00000000     -1          1
65             80             81         1  0.86877766      1          0
66              0              0         0  0.00000000     -1          2
67             82             83         1  0.85434106      1          0
68             84             85         2  0.88156130      1          0
69              0              0         0  0.00000000     -1          2
70              0              0         0  0.00000000     -1          1
71              0              0         0  0.00000000     -1          1
72              0              0         0  0.00000000     -1          1
73             86             87         2  0.85705654      1          0
74             88             89         2  0.66464678      1          0
75              0              0         0  0.00000000     -1          2
76              0              0         0  0.00000000     -1          2
77             90             91         1  0.35468527      1          0
78             92             93         2  0.07798917      1          0
79             94             95         2  0.21229329      1          0
80              0              0         0  0.00000000     -1          2
81             96             97         2  0.57764000      1          0
82              0              0         0  0.00000000     -1          1
83              0              0         0  0.00000000     -1          1
84              0              0         0  0.00000000     -1          2
85              0              0         0  0.00000000     -1          1
86             98             99         2  0.68425372      1          0
87            100            101         2  0.88440119      1          0
88              0              0         0  0.00000000     -1          2
89              0              0         0  0.00000000     -1          1
90              0              0         0  0.00000000     -1          2
91              0              0         0  0.00000000     -1          2
92            102            103         2  0.03801810      1          0
93              0              0         0  0.00000000     -1          2
94            104            105         1  0.87574286      1          0
95            106            107         2  0.21550708      1          0
96              0              0         0  0.00000000     -1          1
97              0              0         0  0.00000000     -1          1
98            108            109         2  0.67321234      1          0
99              0              0         0  0.00000000     -1          2
100             0              0         0  0.00000000     -1          1
101           110            111         2  0.92798156      1          0
102             0              0         0  0.00000000     -1          1
103           112            113         1  0.60108910      1          0
104             0              0         0  0.00000000     -1          1
105           114            115         2  0.15548745      1          0
106             0              0         0  0.00000000     -1          2
107           116            117         1  0.49643688      1          0
108           118            119         2  0.63613004      1          0
109             0              0         0  0.00000000     -1          1
110             0              0         0  0.00000000     -1          2
111             0              0         0  0.00000000     -1          2
112             0              0         0  0.00000000     -1          1
113             0              0         0  0.00000000     -1          1
114             0              0         0  0.00000000     -1          1
115             0              0         0  0.00000000     -1          1
116             0              0         0  0.00000000     -1          2
117           120            121         1  0.88006088      1          0
118           122            123         1  0.14496861      1          0
119             0              0         0  0.00000000     -1          2
120           124            125         1  0.55603043      1          0
121           126            127         1  0.89020710      1          0
122           128            129         2  0.39093110      1          0
123             0              0         0  0.00000000     -1          2
124           130            131         2  0.34470616      1          0
125           132            133         2  0.25748018      1          0
126             0              0         0  0.00000000     -1          2
127           134            135         2  0.36071124      1          0
128             0              0         0  0.00000000     -1          2
129           136            137         2  0.40788796      1          0
130             0              0         0  0.00000000     -1          1
131             0              0         0  0.00000000     -1          1
132             0              0         0  0.00000000     -1          1
133           138            139         2  0.28948988      1          0
134             0              0         0  0.00000000     -1          1
135             0              0         0  0.00000000     -1          1
136             0              0         0  0.00000000     -1          1
137           140            141         1  0.13681802      1          0
138             0              0         0  0.00000000     -1          1
139           142            143         2  0.43342577      1          0
140           144            145         1  0.05134276      1          0
141             0              0         0  0.00000000     -1          1
142             0              0         0  0.00000000     -1          1
143           146            147         1  0.67698553      1          0
144             0              0         0  0.00000000     -1          2
145             0              0         0  0.00000000     -1          2
146             0              0         0  0.00000000     -1          1
147             0              0         0  0.00000000     -1          1
