    left daughter right daughter split var split point status prediction
1               2              3         1  0.57971737      1          0
2               4              5         2  0.27135589      1          0
3               6              7         1  0.86836226      1          0
4               8              9         2  0.21117467      1          0
5              10             11         1  0.43989054      1          0
6              12             13         1  0.86520891      1          0
7              14             15         2  0.84223782      1          0
8              16             17         2  0.17586152      1          0
9              18             19         2  0.22121018      1          0
10             20             21         2  0.29153749      1          0
11             22             23         2  0.43941354      1          0
12             24             25         1  0.59553610      1          0
13              0              0         0  0.00000000     -1          2
14             26             27         2  0.29635073      1          0
15              0              0         0  0.00000000     -1          2
16             28             29         2  0.17348174      1          0
17              0              0         0  0.00000000     -1          1
18              0              0         0  0.00000000     -1          2
19              0              0         0  0.00000000     -1          1
20              0              0         0  0.00000000     -1          2
21             30             31         1  0.25230204      1          0
22             32             33         1  0.54709984      1          0
23             34             35         2  0.73008254      1          0
24              0              0         0  0.00000000     -1          1
25             36             37         2  0.74374168      1          0
26             38             39         1  0.89110580      1          0
27             40             41         1  0.99062166      1          0
28             42             43         1  0.06017540      1          0
29              0              0         0  0.00000000     -1          2
30             44             45         1  0.25194164      1          0
31             46             47         1  0.39625659      1          0
32             48             49         2  0.41655436      1          0
33              0              0         0  0.00000000     -1          1
34             50             51         2  0.70739184      1          0
35             52             53         1  0.49671520      1          0
36             54             55         1  0.59779215      1          0
37             56             57         2  0.91494449      1          0
38              0              0         0  0.00000000     -1          1
39              0              0         0  0.00000000     -1          1
40             58             59         1  0.94964853      1          0
41              0              0         0  0.00000000     -1          2
42              0              0         0  0.00000000     -1          2
43             60             61         2  0.14716800      1          0
44             62             63         1  0.18440985      1          0
45              0              0         0  0.00000000     -1          1
46             64             65         1  0.39299881      1          0
47              0              0         0  0.00000000     -1          2
48              0              0         0  0.00000000     -1          1
49              0              0         0  0.00000000     -1          2
50             66             67         1  0.45171950      1          0
51              0              0         0  0.00000000     -1          1
52              0              0         0  0.00000000     -1          2
53              0              0         0  0.00000000     -1          2
54              0              0         0  0.00000000     -1          2
55             68             69         1  0.73846423      1          0
56             70             71         1  0.81765366      1          0
57              0              0         0  0.00000000     -1          2
58             72             73         2  0.80089235      1          0
59             74             75         2  0.36740123      1          0
60             76             77         2  0.03356698      1          0
61              0              0         0  0.00000000     -1          1
62             78             79         2  0.64321895      1          0
63             80             81         1  0.18611274      1          0
64             82             83         1  0.29493033      1          0
65              0              0         0  0.00000000     -1          1
66              0              0         0  0.00000000     -1          2
67             84             85         2  0.58196384      1          0
68             86             87         1  0.68245965      1          0
69             88             89         2  0.25911408      1          0
70             90             91         2  0.90208502      1          0
71              0              0         0  0.00000000     -1          2
72             92             93         2  0.33993486      1          0
73              0              0         0  0.00000000     -1          2
74              0              0         0  0.00000000     -1          2
75             94             95         1  0.95126923      1          0
76              0              0         0  0.00000000     -1          1
77              0              0         0  0.00000000     -1          1
78             96             97         2  0.64197908      1          0
79             98             99         2  0.88321535      1          0
80              0              0         0  0.00000000     -1          1
81            100            101         1  0.24902828      1          0
82            102            103         2  0.92808609      1          0
83              0              0         0  0.00000000     -1          2
84            104            105         2  0.57800980      1          0
85              0              0         0  0.00000000     -1          2
86            106            107         1  0.68200630      1          0
87              0              0         0  0.00000000     -1          1
88            108            109         2  0.23645497      1          0
89            110            111         2  0.48674765      1          0
90            112            113         2  0.88156130      1          0
91              0              0         0  0.00000000     -1          1
92              0              0         0  0.00000000     -1          2
93            114            115         1  0.90554248      1          0
94              0              0         0  0.00000000     -1          2
95            116            117         2  0.67206291      1          0
96            118            119         1  0.15013830      1          0
97              0              0         0  0.00000000     -1          1
98              0              0         0  0.00000000     -1          2
99            120            121         2  0.88823910      1          0
100             0              0         0  0.00000000     -1          2
101             0              0         0  0.00000000     -1          2
102             0              0         0  0.00000000     -1          2
103             0              0         0  0.00000000     -1          1
104             0              0         0  0.00000000     -1          2
105             0              0         0  0.00000000     -1          1
106           122            123         1  0.65019418      1          0
107             0              0         0  0.00000000     -1          2
108           124            125         1  0.76054281      1          0
109             0              0         0  0.00000000     -1          2
110             0              0         0  0.00000000     -1          1
111           126            127         2  0.50495808      1          0
112             0              0         0  0.00000000     -1          2
113             0              0         0  0.00000000     -1          2
114           128            129         1  0.90493413      1          0
115             0              0         0  0.00000000     -1          1
116             0              0         0  0.00000000     -1          1
117             0              0         0  0.00000000     -1          1
118           130            131         1  0.13494198      1          0
119             0              0         0  0.00000000     -1          2
120             0              0         0  0.00000000     -1          1
121             0              0         0  0.00000000     -1          2
122           132            133         1  0.62011501      1          0
123           134            135         1  0.65293479      1          0
124             0              0         0  0.00000000     -1          2
125             0              0         0  0.00000000     -1          1
126             0              0         0  0.00000000     -1          2
127             0              0         0  0.00000000     -1          1
128             0              0         0  0.00000000     -1          1
129             0              0         0  0.00000000     -1          2
130           136            137         2  0.45134158      1          0
131             0              0         0  0.00000000     -1          1
132             0              0         0  0.00000000     -1          1
133             0              0         0  0.00000000     -1          1
134             0              0         0  0.00000000     -1          2
135           138            139         2  0.62123755      1          0
136           140            141         2  0.44426855      1          0
137             0              0         0  0.00000000     -1          2
138           142            143         1  0.67125755      1          0
139             0              0         0  0.00000000     -1          1
140             0              0         0  0.00000000     -1          2
141             0              0         0  0.00000000     -1          1
142             0              0         0  0.00000000     -1          1
143             0              0         0  0.00000000     -1          1
