   left daughter right daughter split var split point status prediction
1              2              3         2  0.53077305      1          0
2              4              5         2  0.51418476      1          0
3              6              7         2  0.71541541      1          0
4              8              9         1  0.50017309      1          0
5              0              0         0  0.00000000     -1          1
6             10             11         1  0.49893103      1          0
7             12             13         2  0.85036451      1          0
8             14             15         2  0.50245631      1          0
9             16             17         1  0.99087317      1          0
10            18             19         1  0.17176551      1          0
11             0              0         0  0.00000000     -1          1
12            20             21         2  0.80663895      1          0
13            22             23         2  0.90228754      1          0
14            24             25         1  0.13377212      1          0
15             0              0         0  0.00000000     -1          2
16            26             27         2  0.25928611      1          0
17             0              0         0  0.00000000     -1          1
18             0              0         0  0.00000000     -1          2
19             0              0         0  0.00000000     -1          2
20             0              0         0  0.00000000     -1          2
21             0              0         0  0.00000000     -1          1
22             0              0         0  0.00000000     -1          2
23            28             29         1  0.49256980      1          0
24             0              0         0  0.00000000     -1          1
25            30             31         2  0.01336029      1          0
26             0              0         0  0.00000000     -1          2
27             0              0         0  0.00000000     -1          2
28             0              0         0  0.00000000     -1          2
29             0              0         0  0.00000000     -1          1
30             0              0         0  0.00000000     -1          1
31             0              0         0  0.00000000     -1          1
