   left daughter right daughter split var split point status prediction
1              2              3         2  0.95195831      1          0
2              4              5         1  0.12705421      1          0
3              0              0         0  0.00000000     -1          1
4              6              7         1  0.01937961      1          0
5              8              9         1  0.99475005      1          0
6              0              0         0  0.00000000     -1          2
7             10             11         2  0.50679635      1          0
8             12             13         2  0.20097149      1          0
9              0              0         0  0.00000000     -1          1
10             0              0         0  0.00000000     -1          1
11             0              0         0  0.00000000     -1          2
12            14             15         2  0.17228777      1          0
13            16             17         1  0.31578645      1          0
14            18             19         1  0.50106704      1          0
15             0              0         0  0.00000000     -1          2
16            20             21         1  0.27265548      1          0
17            22             23         1  0.33133785      1          0
18             0              0         0  0.00000000     -1          1
19            24             25         1  0.57623375      1          0
20            26             27         2  0.53218354      1          0
21             0              0         0  0.00000000     -1          2
22             0              0         0  0.00000000     -1          1
23            28             29         2  0.50002969      1          0
24             0              0         0  0.00000000     -1          2
25             0              0         0  0.00000000     -1          2
26             0              0         0  0.00000000     -1          1
27            30             31         2  0.58044605      1          0
28             0              0         0  0.00000000     -1          2
29             0              0         0  0.00000000     -1          1
30             0              0         0  0.00000000     -1          2
31             0              0         0  0.00000000     -1          2
