   left daughter right daughter split var split point status prediction
1              2              3         2  0.01300965      1          0
2              0              0         0  0.00000000     -1          2
3              4              5         1  0.11349685      1          0
4              6              7         2  0.52833370      1          0
5              8              9         1  0.99475005      1          0
6              0              0         0  0.00000000     -1          1
7              0              0         0  0.00000000     -1          2
8             10             11         1  0.70798528      1          0
9              0              0         0  0.00000000     -1          1
10            12             13         1  0.70175210      1          0
11            14             15         2  0.50731234      1          0
12            16             17         2  0.47626266      1          0
13             0              0         0  0.00000000     -1          2
14            18             19         1  0.71581019      1          0
15            20             21         2  0.57937594      1          0
16            22             23         2  0.31888601      1          0
17            24             25         1  0.50199760      1          0
18             0              0         0  0.00000000     -1          1
19            26             27         2  0.02327874      1          0
20             0              0         0  0.00000000     -1          1
21            28             29         2  0.73738111      1          0
22            30             31         2  0.24321723      1          0
23             0              0         0  0.00000000     -1          1
24             0              0         0  0.00000000     -1          2
25             0              0         0  0.00000000     -1          1
26             0              0         0  0.00000000     -1          1
27             0              0         0  0.00000000     -1          2
28             0              0         0  0.00000000     -1          1
29             0              0         0  0.00000000     -1          1
30             0              0         0  0.00000000     -1          1
31             0              0         0  0.00000000     -1          2
