   left daughter right daughter split var split point status prediction
1              2              3         1 0.152498971      1          0
2              4              5         2 0.551541562      1          0
3              6              7         2 0.599457111      1          0
4              8              9         1 0.004560884      1          0
5              0              0         0 0.000000000     -1          2
6             10             11         1 0.529806779      1          0
7             12             13         2 0.879505126      1          0
8              0              0         0 0.000000000     -1          2
9             14             15         2 0.372832155      1          0
10            16             17         1 0.500401446      1          0
11            18             19         2 0.523317285      1          0
12            20             21         1 0.499055958      1          0
13            22             23         1 0.455274345      1          0
14             0              0         0 0.000000000     -1          1
15             0              0         0 0.000000000     -1          1
16            24             25         1 0.410788715      1          0
17             0              0         0 0.000000000     -1          2
18            26             27         2 0.437094665      1          0
19             0              0         0 0.000000000     -1          1
20            28             29         1 0.453037116      1          0
21            30             31         1 0.571222640      1          0
22             0              0         0 0.000000000     -1          2
23             0              0         0 0.000000000     -1          1
24             0              0         0 0.000000000     -1          1
25             0              0         0 0.000000000     -1          1
26             0              0         0 0.000000000     -1          2
27             0              0         0 0.000000000     -1          2
28             0              0         0 0.000000000     -1          2
29             0              0         0 0.000000000     -1          1
30             0              0         0 0.000000000     -1          1
31             0              0         0 0.000000000     -1          1
