   left daughter right daughter split var split point status prediction
1              2              3         2 0.535537912      1          0
2              4              5         2 0.523219523      1          0
3              6              7         2 0.537607679      1          0
4              8              9         1 0.498916771      1          0
5              0              0         0 0.000000000     -1          1
6              0              0         0 0.000000000     -1          2
7             10             11         2 0.984604740      1          0
8             12             13         2 0.512925393      1          0
9             14             15         2 0.507783468      1          0
10            16             17         2 0.975804457      1          0
11             0              0         0 0.000000000     -1          2
12            18             19         1 0.003807632      1          0
13             0              0         0 0.000000000     -1          2
14            20             21         1 0.911276913      1          0
15             0              0         0 0.000000000     -1          1
16            22             23         1 0.491879930      1          0
17             0              0         0 0.000000000     -1          1
18             0              0         0 0.000000000     -1          2
19            24             25         1 0.126556128      1          0
20            26             27         2 0.426140632      1          0
21             0              0         0 0.000000000     -1          2
22            28             29         1 0.451741890      1          0
23            30             31         2 0.697364275      1          0
24             0              0         0 0.000000000     -1          1
25             0              0         0 0.000000000     -1          1
26             0              0         0 0.000000000     -1          2
27             0              0         0 0.000000000     -1          2
28             0              0         0 0.000000000     -1          2
29             0              0         0 0.000000000     -1          2
30             0              0         0 0.000000000     -1          1
31             0              0         0 0.000000000     -1          1
