   left daughter right daughter split var split point status prediction
1              2              3         2 0.473627563      1          0
2              4              5         2 0.453138295      1          0
3              6              7         2 0.606128366      1          0
4              8              9         1 0.498916771      1          0
5              0              0         0 0.000000000     -1          1
6             10             11         2 0.589580818      1          0
7             12             13         2 0.988685897      1          0
8             14             15         2 0.187019858      1          0
9             16             17         2 0.260532484      1          0
10            18             19         1 0.501908174      1          0
11             0              0         0 0.000000000     -1          2
12            20             21         2 0.969376963      1          0
13             0              0         0 0.000000000     -1          2
14            22             23         2 0.008692156      1          0
15            24             25         1 0.300255771      1          0
16            26             27         2 0.249796040      1          0
17            28             29         2 0.389547973      1          0
18             0              0         0 0.000000000     -1          2
19             0              0         0 0.000000000     -1          1
20            30             31         2 0.863123489      1          0
21             0              0         0 0.000000000     -1          1
22             0              0         0 0.000000000     -1          1
23             0              0         0 0.000000000     -1          1
24             0              0         0 0.000000000     -1          1
25             0              0         0 0.000000000     -1          1
26             0              0         0 0.000000000     -1          2
27             0              0         0 0.000000000     -1          1
28             0              0         0 0.000000000     -1          2
29             0              0         0 0.000000000     -1          2
30             0              0         0 0.000000000     -1          1
31             0              0         0 0.000000000     -1          2
