   left daughter right daughter split var split point status prediction
1              2              3         2  0.01473279      1          0
2              0              0         0  0.00000000     -1          2
3              4              5         2  0.48056090      1          0
4              6              7         2  0.20642176      1          0
5              8              9         2  0.60069817      1          0
6             10             11         1  0.49978614      1          0
7             12             13         2  0.26593175      1          0
8             14             15         1  0.50441697      1          0
9             16             17         1  0.49374421      1          0
10            18             19         1  0.25788123      1          0
11            20             21         2  0.16081681      1          0
12             0              0         0  0.00000000     -1          1
13            22             23         2  0.30431523      1          0
14             0              0         0  0.00000000     -1          2
15             0              0         0  0.00000000     -1          1
16            24             25         2  0.80352613      1          0
17            26             27         2  0.69762378      1          0
18             0              0         0  0.00000000     -1          1
19             0              0         0  0.00000000     -1          1
20             0              0         0  0.00000000     -1          2
21             0              0         0  0.00000000     -1          2
22             0              0         0  0.00000000     -1          2
23            28             29         2  0.32065359      1          0
24             0              0         0  0.00000000     -1          2
25            30             31         1  0.39333378      1          0
26             0              0         0  0.00000000     -1          1
27             0              0         0  0.00000000     -1          1
28             0              0         0  0.00000000     -1          1
29             0              0         0  0.00000000     -1          1
30             0              0         0  0.00000000     -1          2
31             0              0         0  0.00000000     -1          1
