   left daughter right daughter split var split point status prediction
1              2              3         2   0.8347308      1          0
2              4              5         1   0.4618621      1          0
3              6              7         2   0.9033226      1          0
4              8              9         1   0.1270542      1          0
5             10             11         2   0.5188502      1          0
6              0              0         0   0.0000000     -1          2
7             12             13         1   0.4958087      1          0
8             14             15         2   0.5283337      1          0
9             16             17         1   0.4187859      1          0
10            18             19         1   0.5001731      1          0
11            20             21         1   0.4989707      1          0
12             0              0         0   0.0000000     -1          2
13             0              0         0   0.0000000     -1          1
14            22             23         2   0.4832121      1          0
15             0              0         0   0.0000000     -1          2
16            24             25         1   0.1746358      1          0
17             0              0         0   0.0000000     -1          1
18             0              0         0   0.0000000     -1          1
19            26             27         2   0.5007421      1          0
20             0              0         0   0.0000000     -1          2
21            28             29         1   0.8809584      1          0
22             0              0         0   0.0000000     -1          1
23             0              0         0   0.0000000     -1          1
24             0              0         0   0.0000000     -1          2
25            30             31         2   0.4963333      1          0
26             0              0         0   0.0000000     -1          2
27             0              0         0   0.0000000     -1          1
28             0              0         0   0.0000000     -1          1
29             0              0         0   0.0000000     -1          1
30             0              0         0   0.0000000     -1          1
31             0              0         0   0.0000000     -1          2
