   left daughter right daughter split var split point status prediction
1              2              3         1  0.32660399      1          0
2              4              5         1  0.07834961      1          0
3              6              7         2  0.50778347      1          0
4              0              0         0  0.00000000     -1          1
5              8              9         1  0.30297091      1          0
6             10             11         1  0.50017309      1          0
7             12             13         2  0.95763083      1          0
8             14             15         1  0.29114155      1          0
9              0              0         0  0.00000000     -1          1
10            16             17         2  0.50245631      1          0
11            18             19         2  0.28544700      1          0
12            20             21         2  0.94581060      1          0
13             0              0         0  0.00000000     -1          2
14            22             23         1  0.23583423      1          0
15             0              0         0  0.00000000     -1          2
16            24             25         1  0.39782990      1          0
17             0              0         0  0.00000000     -1          2
18            26             27         1  0.99475005      1          0
19            28             29         1  0.94106272      1          0
20            30             31         1  0.50839778      1          0
21             0              0         0  0.00000000     -1          1
22             0              0         0  0.00000000     -1          2
23             0              0         0  0.00000000     -1          1
24             0              0         0  0.00000000     -1          1
25             0              0         0  0.00000000     -1          1
26             0              0         0  0.00000000     -1          2
27             0              0         0  0.00000000     -1          1
28             0              0         0  0.00000000     -1          2
29             0              0         0  0.00000000     -1          2
30             0              0         0  0.00000000     -1          2
31             0              0         0  0.00000000     -1          1
