   left daughter right daughter split var split point status prediction
1              2              3         1   0.1544315      1          0
2              4              5         2   0.5534377      1          0
3              6              7         1   0.1711411      1          0
4              8              9         2   0.4839703      1          0
5              0              0         0   0.0000000     -1          2
6              0              0         0   0.0000000     -1          2
7             10             11         1   0.9853648      1          0
8             12             13         2   0.3597007      1          0
9              0              0         0   0.0000000     -1          1
10            14             15         2   0.6312923      1          0
11             0              0         0   0.0000000     -1          1
12             0              0         0   0.0000000     -1          1
13             0              0         0   0.0000000     -1          1
14            16             17         2   0.5807397      1          0
15            18             19         2   0.6540818      1          0
16            20             21         2   0.4497294      1          0
17             0              0         0   0.0000000     -1          2
18             0              0         0   0.0000000     -1          1
19            22             23         2   0.7335609      1          0
20            24             25         2   0.4339122      1          0
21            26             27         2   0.4736276      1          0
22             0              0         0   0.0000000     -1          2
23            28             29         1   0.4558142      1          0
24            30             31         1   0.4986553      1          0
25             0              0         0   0.0000000     -1          2
26             0              0         0   0.0000000     -1          1
27             0              0         0   0.0000000     -1          1
28             0              0         0   0.0000000     -1          2
29             0              0         0   0.0000000     -1          1
30             0              0         0   0.0000000     -1          1
31             0              0         0   0.0000000     -1          2
