   left daughter right daughter split var split point status prediction
1              2              3         2  0.93502607      1          0
2              4              5         2  0.20142513      1          0
3              0              0         0  0.00000000     -1          2
4              6              7         1  0.47916127      1          0
5              8              9         2  0.22184470      1          0
6             10             11         1  0.25788123      1          0
7             12             13         2  0.04708629      1          0
8              0              0         0  0.00000000     -1          1
9             14             15         2  0.92898866      1          0
10             0              0         0  0.00000000     -1          1
11             0              0         0  0.00000000     -1          1
12             0              0         0  0.00000000     -1          2
13            16             17         1  0.55985306      1          0
14            18             19         2  0.48853554      1          0
15             0              0         0  0.00000000     -1          1
16             0              0         0  0.00000000     -1          2
17            20             21         2  0.19141642      1          0
18            22             23         1  0.48695860      1          0
19            24             25         2  0.89184546      1          0
20             0              0         0  0.00000000     -1          2
21             0              0         0  0.00000000     -1          2
22            26             27         1  0.30025577      1          0
23            28             29         1  0.99475005      1          0
24            30             31         1  0.50143982      1          0
25             0              0         0  0.00000000     -1          2
26             0              0         0  0.00000000     -1          1
27             0              0         0  0.00000000     -1          1
28             0              0         0  0.00000000     -1          2
29             0              0         0  0.00000000     -1          1
30             0              0         0  0.00000000     -1          2
31             0              0         0  0.00000000     -1          1
