   left daughter right daughter split var split point status prediction
1              2              3         1 0.113496854      1          0
2              4              5         2 0.551836294      1          0
3              6              7         1 0.994750055      1          0
4              8              9         1 0.003807632      1          0
5              0              0         0 0.000000000     -1          2
6             10             11         1 0.140541087      1          0
7              0              0         0 0.000000000     -1          1
8              0              0         0 0.000000000     -1          2
9              0              0         0 0.000000000     -1          1
10             0              0         0 0.000000000     -1          2
11            12             13         2 0.617132407      1          0
12            14             15         1 0.502803335      1          0
13            16             17         1 0.455814192      1          0
14            18             19         1 0.302130729      1          0
15            20             21         1 0.926732476      1          0
16            22             23         2 0.620728106      1          0
17            24             25         2 0.806638954      1          0
18            26             27         1 0.290812631      1          0
19            28             29         1 0.481074467      1          0
20            30             31         2 0.507312336      1          0
21             0              0         0 0.000000000     -1          2
22             0              0         0 0.000000000     -1          1
23             0              0         0 0.000000000     -1          2
24             0              0         0 0.000000000     -1          1
25             0              0         0 0.000000000     -1          1
26             0              0         0 0.000000000     -1          1
27             0              0         0 0.000000000     -1          2
28             0              0         0 0.000000000     -1          1
29             0              0         0 0.000000000     -1          1
30             0              0         0 0.000000000     -1          2
31             0              0         0 0.000000000     -1          1
