   left daughter right daughter split var split point status prediction
1              2              3         2 0.006173602      1          0
2              0              0         0 0.000000000     -1          1
3              4              5         1 0.007854108      1          0
4              0              0         0 0.000000000     -1          2
5              6              7         1 0.130676143      1          0
6              8              9         1 0.108266466      1          0
7             10             11         1 0.994750055      1          0
8             12             13         1 0.029062250      1          0
9              0              0         0 0.000000000     -1          1
10            14             15         2 0.211586975      1          0
11             0              0         0 0.000000000     -1          1
12             0              0         0 0.000000000     -1          1
13            16             17         2 0.549940206      1          0
14            18             19         2 0.183632866      1          0
15            20             21         2 0.787087612      1          0
16             0              0         0 0.000000000     -1          1
17             0              0         0 0.000000000     -1          2
18            22             23         1 0.499954704      1          0
19             0              0         0 0.000000000     -1          2
20            24             25         1 0.940233502      1          0
21            26             27         1 0.455814192      1          0
22             0              0         0 0.000000000     -1          1
23            28             29         2 0.169386161      1          0
24            30             31         1 0.927867228      1          0
25             0              0         0 0.000000000     -1          2
26             0              0         0 0.000000000     -1          2
27             0              0         0 0.000000000     -1          1
28             0              0         0 0.000000000     -1          2
29             0              0         0 0.000000000     -1          1
30             0              0         0 0.000000000     -1          2
31             0              0         0 0.000000000     -1          1
