   left daughter right daughter split var split point status prediction
1              2              3         2 0.989677734      1          0
2              4              5         2 0.989098639      1          0
3              0              0         0 0.000000000     -1          2
4              6              7         1 0.006862878      1          0
5              0              0         0 0.000000000     -1          1
6              0              0         0 0.000000000     -1          2
7              8              9         2 0.084180680      1          0
8             10             11         2 0.046265748      1          0
9             12             13         1 0.650629970      1          0
10             0              0         0 0.000000000     -1          1
11             0              0         0 0.000000000     -1          2
12            14             15         1 0.113084697      1          0
13            16             17         1 0.665929071      1          0
14            18             19         1 0.106285639      1          0
15            20             21         1 0.643801387      1          0
16             0              0         0 0.000000000     -1          1
17            22             23         1 0.993309955      1          0
18            24             25         1 0.104090132      1          0
19             0              0         0 0.000000000     -1          1
20            26             27         1 0.400192278      1          0
21             0              0         0 0.000000000     -1          2
22            28             29         2 0.507312336      1          0
23             0              0         0 0.000000000     -1          1
24            30             31         2 0.506796355      1          0
25             0              0         0 0.000000000     -1          2
26             0              0         0 0.000000000     -1          2
27             0              0         0 0.000000000     -1          1
28             0              0         0 0.000000000     -1          2
29             0              0         0 0.000000000     -1          1
30             0              0         0 0.000000000     -1          1
31             0              0         0 0.000000000     -1          2
