   left daughter right daughter split var split point status prediction
1              2              3         2   0.4805609      1          0
2              4              5         1   0.4999547      1          0
3              6              7         2   0.7443084      1          0
4              8              9         1   0.1315490      1          0
5             10             11         2   0.1517634      1          0
6             12             13         2   0.6540818      1          0
7             14             15         2   0.7636427      1          0
8              0              0         0   0.0000000     -1          1
9             16             17         1   0.1490585      1          0
10             0              0         0   0.0000000     -1          2
11            18             19         1   0.9109677      1          0
12            20             21         1   0.5019082      1          0
13             0              0         0   0.0000000     -1          2
14             0              0         0   0.0000000     -1          1
15            22             23         1   0.4558142      1          0
16             0              0         0   0.0000000     -1          2
17            24             25         1   0.3879968      1          0
18            26             27         2   0.1612754      1          0
19             0              0         0   0.0000000     -1          2
20            28             29         1   0.3498633      1          0
21             0              0         0   0.0000000     -1          1
22            30             31         1   0.2975336      1          0
23             0              0         0   0.0000000     -1          1
24             0              0         0   0.0000000     -1          1
25             0              0         0   0.0000000     -1          1
26             0              0         0   0.0000000     -1          1
27             0              0         0   0.0000000     -1          2
28             0              0         0   0.0000000     -1          2
29             0              0         0   0.0000000     -1          2
30             0              0         0   0.0000000     -1          2
31             0              0         0   0.0000000     -1          2
