   left daughter right daughter split var split point status prediction
1              2              3         1   0.1040901      1          0
2              4              5         1   0.1000191      1          0
3              6              7         1   0.1919793      1          0
4              8              9         1   0.0982552      1          0
5              0              0         0   0.0000000     -1          1
6             10             11         2   0.5844571      1          0
7             12             13         2   0.7335609      1          0
8             14             15         2   0.5499402      1          0
9              0              0         0   0.0000000     -1          2
10             0              0         0   0.0000000     -1          1
11             0              0         0   0.0000000     -1          2
12            16             17         2   0.7219657      1          0
13            18             19         1   0.4964986      1          0
14             0              0         0   0.0000000     -1          1
15             0              0         0   0.0000000     -1          2
16            20             21         1   0.4618621      1          0
17             0              0         0   0.0000000     -1          2
18             0              0         0   0.0000000     -1          2
19            22             23         1   0.7123714      1          0
20            24             25         1   0.4459936      1          0
21            26             27         1   0.9242689      1          0
22             0              0         0   0.0000000     -1          1
23             0              0         0   0.0000000     -1          1
24            28             29         1   0.3582460      1          0
25             0              0         0   0.0000000     -1          1
26            30             31         1   0.7644259      1          0
27             0              0         0   0.0000000     -1          2
28             0              0         0   0.0000000     -1          1
29             0              0         0   0.0000000     -1          2
30             0              0         0   0.0000000     -1          2
31             0              0         0   0.0000000     -1          2
