   left daughter right daughter split var split point status prediction
1              2              3         2 0.480560900      1          0
2              4              5         1 0.498916771      1          0
3              6              7         2 0.630010436      1          0
4              8              9         1 0.247435209      1          0
5             10             11         2 0.312407869      1          0
6             12             13         2 0.589364231      1          0
7             14             15         1 0.501398811      1          0
8             16             17         1 0.131549048      1          0
9             18             19         2 0.008692156      1          0
10            20             21         2 0.305268525      1          0
11             0              0         0 0.000000000     -1          2
12            22             23         2 0.587378791      1          0
13             0              0         0 0.000000000     -1          2
14            24             25         2 0.803526130      1          0
15            26             27         1 0.569558592      1          0
16             0              0         0 0.000000000     -1          1
17             0              0         0 0.000000000     -1          1
18             0              0         0 0.000000000     -1          2
19            28             29         1 0.301620236      1          0
20            30             31         1 0.993821938      1          0
21             0              0         0 0.000000000     -1          1
22             0              0         0 0.000000000     -1          2
23             0              0         0 0.000000000     -1          1
24             0              0         0 0.000000000     -1          2
25             0              0         0 0.000000000     -1          2
26             0              0         0 0.000000000     -1          1
27             0              0         0 0.000000000     -1          1
28             0              0         0 0.000000000     -1          1
29             0              0         0 0.000000000     -1          1
30             0              0         0 0.000000000     -1          2
31             0              0         0 0.000000000     -1          1
