   left daughter right daughter split var split point status prediction
1              2              3         1 0.113496854      1          0
2              4              5         1 0.008376544      1          0
3              6              7         1 0.645015226      1          0
4              0              0         0 0.000000000     -1          2
5              8              9         1 0.100019083      1          0
6             10             11         2 0.545864114      1          0
7             12             13         2 0.515487816      1          0
8             14             15         2 0.560467502      1          0
9              0              0         0 0.000000000     -1          1
10            16             17         2 0.074119453      1          0
11            18             19         2 0.737076942      1          0
12            20             21         1 0.692390475      1          0
13            22             23         1 0.712279049      1          0
14             0              0         0 0.000000000     -1          1
15             0              0         0 0.000000000     -1          2
16             0              0         0 0.000000000     -1          2
17            24             25         2 0.480531198      1          0
18            26             27         1 0.489589209      1          0
19            28             29         2 0.761332080      1          0
20             0              0         0 0.000000000     -1          1
21            30             31         2 0.171724465      1          0
22             0              0         0 0.000000000     -1          1
23             0              0         0 0.000000000     -1          1
24             0              0         0 0.000000000     -1          1
25             0              0         0 0.000000000     -1          2
26             0              0         0 0.000000000     -1          2
27             0              0         0 0.000000000     -1          1
28             0              0         0 0.000000000     -1          1
29             0              0         0 0.000000000     -1          2
30             0              0         0 0.000000000     -1          2
31             0              0         0 0.000000000     -1          2
