   left daughter right daughter split var split point status prediction
1              2              3         1  0.99475079      1          0
2              4              5         2  0.93464516      1          0
3              0              0         0  0.00000000     -1          1
4              6              7         1  0.53234076      1          0
5              8              9         1  0.49580870      1          0
6             10             11         2  0.50245631      1          0
7             12             13         2  0.52328476      1          0
8              0              0         0  0.00000000     -1          2
9              0              0         0  0.00000000     -1          1
10            14             15         2  0.04689868      1          0
11            16             17         1  0.49374421      1          0
12            18             19         2  0.50731234      1          0
13            20             21         1  0.56831555      1          0
14             0              0         0  0.00000000     -1          1
15            22             23         1  0.50129661      1          0
16            24             25         1  0.19487485      1          0
17             0              0         0  0.00000000     -1          1
18            26             27         1  0.91779006      1          0
19             0              0         0  0.00000000     -1          2
20             0              0         0  0.00000000     -1          1
21            28             29         1  0.74585338      1          0
22            30             31         2  0.12922134      1          0
23             0              0         0  0.00000000     -1          2
24             0              0         0  0.00000000     -1          2
25             0              0         0  0.00000000     -1          2
26             0              0         0  0.00000000     -1          2
27             0              0         0  0.00000000     -1          2
28             0              0         0  0.00000000     -1          1
29             0              0         0  0.00000000     -1          1
30             0              0         0  0.00000000     -1          1
31             0              0         0  0.00000000     -1          1
