   left daughter right daughter split var split point status prediction
1              2              3         1  0.11669979      1          0
2              4              5         1  0.09383577      1          0
3              6              7         2  0.73356089      1          0
4              8              9         1  0.08767503      1          0
5              0              0         0  0.00000000     -1          1
6             10             11         1  0.46073825      1          0
7             12             13         1  0.45527435      1          0
8             14             15         1  0.05823193      1          0
9              0              0         0  0.00000000     -1          2
10            16             17         1  0.13661017      1          0
11            18             19         2  0.52359008      1          0
12            20             21         2  0.76133208      1          0
13            22             23         1  0.52144946      1          0
14             0              0         0  0.00000000     -1          1
15             0              0         0  0.00000000     -1          1
16             0              0         0  0.00000000     -1          2
17            24             25         1  0.45102828      1          0
18            26             27         2  0.25366086      1          0
19            28             29         2  0.69762378      1          0
20             0              0         0  0.00000000     -1          1
21            30             31         1  0.33629219      1          0
22             0              0         0  0.00000000     -1          1
23             0              0         0  0.00000000     -1          1
24             0              0         0  0.00000000     -1          1
25             0              0         0  0.00000000     -1          1
26             0              0         0  0.00000000     -1          2
27             0              0         0  0.00000000     -1          2
28             0              0         0  0.00000000     -1          1
29             0              0         0  0.00000000     -1          1
30             0              0         0  0.00000000     -1          2
31             0              0         0  0.00000000     -1          2
