   left daughter right daughter split var split point status prediction
1              2              3         1  0.11705482      1          0
2              4              5         1  0.02055992      1          0
3              6              7         2  0.06699514      1          0
4              0              0         0  0.00000000     -1          2
5              8              9         1  0.09938380      1          0
6              0              0         0  0.00000000     -1          2
7             10             11         1  0.17058133      1          0
8             12             13         1  0.08767503      1          0
9              0              0         0  0.00000000     -1          1
10             0              0         0  0.00000000     -1          2
11            14             15         1  0.99475079      1          0
12             0              0         0  0.00000000     -1          1
13             0              0         0  0.00000000     -1          2
14            16             17         1  0.17108837      1          0
15             0              0         0  0.00000000     -1          1
16             0              0         0  0.00000000     -1          1
17            18             19         1  0.24344097      1          0
18             0              0         0  0.00000000     -1          2
19            20             21         1  0.30086929      1          0
20             0              0         0  0.00000000     -1          1
21            22             23         2  0.52359008      1          0
22            24             25         1  0.50129661      1          0
23            26             27         2  0.53621925      1          0
24            28             29         1  0.47511235      1          0
25            30             31         2  0.51143619      1          0
26             0              0         0  0.00000000     -1          1
27             0              0         0  0.00000000     -1          1
28             0              0         0  0.00000000     -1          1
29             0              0         0  0.00000000     -1          1
30             0              0         0  0.00000000     -1          2
31             0              0         0  0.00000000     -1          1
