   left daughter right daughter split var split point status prediction
1              2              3         2 0.491134925      1          0
2              4              5         1 0.498823871      1          0
3              6              7         1 0.501908174      1          0
4              8              9         2 0.008692156      1          0
5             10             11         1 0.994750055      1          0
6             12             13         2 0.545864114      1          0
7             14             15         2 0.542980825      1          0
8              0              0         0 0.000000000     -1          1
9             16             17         1 0.298014587      1          0
10            18             19         2 0.361631111      1          0
11             0              0         0 0.000000000     -1          1
12             0              0         0 0.000000000     -1          2
13            20             21         1 0.338553721      1          0
14             0              0         0 0.000000000     -1          2
15            22             23         1 0.569558592      1          0
16            24             25         2 0.372119367      1          0
17            26             27         2 0.284799061      1          0
18            28             29         2 0.356421675      1          0
19             0              0         0 0.000000000     -1          2
20            30             31         1 0.336292193      1          0
21             0              0         0 0.000000000     -1          2
22             0              0         0 0.000000000     -1          1
23             0              0         0 0.000000000     -1          1
24             0              0         0 0.000000000     -1          1
25             0              0         0 0.000000000     -1          1
26             0              0         0 0.000000000     -1          1
27             0              0         0 0.000000000     -1          1
28             0              0         0 0.000000000     -1          2
29             0              0         0 0.000000000     -1          1
30             0              0         0 0.000000000     -1          2
31             0              0         0 0.000000000     -1          1
