   left daughter right daughter split var split point status prediction
1              2              3         2  0.47617901      1          0
2              4              5         2  0.18363287      1          0
3              6              7         1  0.50190817      1          0
4              8              9         2  0.07824128      1          0
5             10             11         1  0.52980678      1          0
6             12             13         1  0.44675608      1          0
7             14             15         2  0.49841890      1          0
8              0              0         0  0.00000000     -1          1
9             16             17         2  0.12078593      1          0
10            18             19         2  0.19629142      1          0
11            20             21         2  0.36163111      1          0
12            22             23         1  0.05117180      1          0
13             0              0         0  0.00000000     -1          2
14             0              0         0  0.00000000     -1          2
15            24             25         2  0.57937594      1          0
16             0              0         0  0.00000000     -1          1
17             0              0         0  0.00000000     -1          1
18             0              0         0  0.00000000     -1          1
19            26             27         1  0.30162024      1          0
20            28             29         2  0.35642168      1          0
21             0              0         0  0.00000000     -1          2
22             0              0         0  0.00000000     -1          2
23            30             31         1  0.05201814      1          0
24             0              0         0  0.00000000     -1          1
25             0              0         0  0.00000000     -1          1
26             0              0         0  0.00000000     -1          1
27             0              0         0  0.00000000     -1          1
28             0              0         0  0.00000000     -1          2
29             0              0         0  0.00000000     -1          1
30             0              0         0  0.00000000     -1          1
31             0              0         0  0.00000000     -1          2
