   left daughter right daughter split var split point status prediction
1              2              3         2  0.47626266      1          0
2              4              5         1  0.49865531      1          0
3              6              7         2  0.63137218      1          0
4              8              9         1  0.24743521      1          0
5             10             11         2  0.46178411      1          0
6             12             13         1  0.50190817      1          0
7             14             15         1  0.49902046      1          0
8             16             17         1  0.20174570      1          0
9             18             19         2  0.01047564      1          0
10            20             21         1  0.91096768      1          0
11             0              0         0  0.00000000     -1          1
12            22             23         1  0.21005210      1          0
13             0              0         0  0.00000000     -1          1
14            24             25         1  0.45581419      1          0
15            26             27         1  0.56727221      1          0
16            28             29         2  0.37077363      1          0
17             0              0         0  0.00000000     -1          1
18             0              0         0  0.00000000     -1          1
19            30             31         2  0.11445785      1          0
20             0              0         0  0.00000000     -1          2
21             0              0         0  0.00000000     -1          2
22             0              0         0  0.00000000     -1          2
23             0              0         0  0.00000000     -1          2
24             0              0         0  0.00000000     -1          2
25             0              0         0  0.00000000     -1          1
26             0              0         0  0.00000000     -1          1
27             0              0         0  0.00000000     -1          1
28             0              0         0  0.00000000     -1          1
29             0              0         0  0.00000000     -1          1
30             0              0         0  0.00000000     -1          1
31             0              0         0  0.00000000     -1          1
