   left daughter right daughter split var split point status prediction
1              2              3         2 0.914126320      1          0
2              4              5         1 0.500173092      1          0
3              6              7         1 0.505424727      1          0
4              8              9         2 0.502456314      1          0
5             10             11         1 0.994750794      1          0
6              0              0         0 0.000000000     -1          2
7              0              0         0 0.000000000     -1          1
8             12             13         2 0.003912377      1          0
9             14             15         2 0.912179447      1          0
10            16             17         2 0.511436189      1          0
11             0              0         0 0.000000000     -1          1
12             0              0         0 0.000000000     -1          2
13            18             19         2 0.407528831      1          0
14            20             21         2 0.546814575      1          0
15             0              0         0 0.000000000     -1          1
16            22             23         2 0.474928955      1          0
17            24             25         2 0.542980825      1          0
18            26             27         1 0.386815455      1          0
19             0              0         0 0.000000000     -1          1
20             0              0         0 0.000000000     -1          2
21            28             29         1 0.206575564      1          0
22            30             31         1 0.574143949      1          0
23             0              0         0 0.000000000     -1          2
24             0              0         0 0.000000000     -1          1
25             0              0         0 0.000000000     -1          1
26             0              0         0 0.000000000     -1          1
27             0              0         0 0.000000000     -1          1
28             0              0         0 0.000000000     -1          2
29             0              0         0 0.000000000     -1          2
30             0              0         0 0.000000000     -1          2
31             0              0         0 0.000000000     -1          2
