   left daughter right daughter split var split point status prediction
1              2              3         2 0.535862153      1          0
2              4              5         2 0.206440164      1          0
3              6              7         1 0.493744206      1          0
4              8              9         1 0.501067044      1          0
5             10             11         1 0.500401446      1          0
6             12             13         2 0.546814575      1          0
7             14             15         1 0.569558592      1          0
8             16             17         2 0.187019858      1          0
9             18             19         2 0.038586318      1          0
10            20             21         1 0.390282360      1          0
11            22             23         1 0.582704153      1          0
12             0              0         0 0.000000000     -1          2
13            24             25         1 0.186639878      1          0
14             0              0         0 0.000000000     -1          1
15            26             27         1 0.946701783      1          0
16            28             29         2 0.003912377      1          0
17             0              0         0 0.000000000     -1          1
18             0              0         0 0.000000000     -1          2
19            30             31         1 0.992690026      1          0
20             0              0         0 0.000000000     -1          1
21             0              0         0 0.000000000     -1          1
22             0              0         0 0.000000000     -1          2
23             0              0         0 0.000000000     -1          2
24             0              0         0 0.000000000     -1          2
25             0              0         0 0.000000000     -1          2
26             0              0         0 0.000000000     -1          1
27             0              0         0 0.000000000     -1          1
28             0              0         0 0.000000000     -1          2
29             0              0         0 0.000000000     -1          1
30             0              0         0 0.000000000     -1          2
31             0              0         0 0.000000000     -1          1
