   left daughter right daughter split var split point status prediction
1              2              3         1 0.986906432      1          0
2              4              5         1 0.121117207      1          0
3              0              0         0 0.000000000     -1          1
4              6              7         1 0.008040911      1          0
5              8              9         1 0.137405373      1          0
6              0              0         0 0.000000000     -1          2
7             10             11         1 0.099383797      1          0
8              0              0         0 0.000000000     -1          2
9             12             13         1 0.354587281      1          0
10            14             15         2 0.549940206      1          0
11             0              0         0 0.000000000     -1          1
12            16             17         1 0.348136562      1          0
13            18             19         1 0.391355705      1          0
14             0              0         0 0.000000000     -1          1
15             0              0         0 0.000000000     -1          2
16            20             21         1 0.344374534      1          0
17             0              0         0 0.000000000     -1          1
18             0              0         0 0.000000000     -1          2
19            22             23         2 0.523590082      1          0
20            24             25         1 0.341493286      1          0
21             0              0         0 0.000000000     -1          2
22            26             27         1 0.500401446      1          0
23            28             29         1 0.498931029      1          0
24            30             31         1 0.331337850      1          0
25             0              0         0 0.000000000     -1          1
26             0              0         0 0.000000000     -1          1
27             0              0         0 0.000000000     -1          2
28             0              0         0 0.000000000     -1          2
29             0              0         0 0.000000000     -1          1
30             0              0         0 0.000000000     -1          1
31             0              0         0 0.000000000     -1          2
