   left daughter right daughter split var split point status prediction
1              2              3         1  0.12111721      1          0
2              4              5         2  0.50709101      1          0
3              6              7         2  0.98967773      1          0
4              8              9         1  0.03798979      1          0
5              0              0         0  0.00000000     -1          2
6             10             11         1  0.99475005      1          0
7              0              0         0  0.00000000     -1          2
8              0              0         0  0.00000000     -1          1
9              0              0         0  0.00000000     -1          1
10            12             13         1  0.98950269      1          0
11             0              0         0  0.00000000     -1          1
12            14             15         2  0.73238259      1          0
13             0              0         0  0.00000000     -1          2
14            16             17         2  0.69579069      1          0
15            18             19         2  0.86325285      1          0
16            20             21         2  0.68499549      1          0
17             0              0         0  0.00000000     -1          2
18            22             23         2  0.80309321      1          0
19            24             25         1  0.49256980      1          0
20            26             27         1  0.46186210      1          0
21             0              0         0  0.00000000     -1          1
22             0              0         0  0.00000000     -1          1
23             0              0         0  0.00000000     -1          1
24             0              0         0  0.00000000     -1          2
25             0              0         0  0.00000000     -1          1
26            28             29         1  0.13655599      1          0
27            30             31         1  0.92511052      1          0
28             0              0         0  0.00000000     -1          2
29             0              0         0  0.00000000     -1          1
30             0              0         0  0.00000000     -1          2
31             0              0         0  0.00000000     -1          1
