   left daughter right daughter split var split point status prediction
1              2              3         1   0.1329873      1          0
2              4              5         1   0.0998300      1          0
3              6              7         2   0.9825942      1          0
4              8              9         2   0.5070910      1          0
5              0              0         0   0.0000000     -1          1
6             10             11         1   0.9933100      1          0
7              0              0         0   0.0000000     -1          1
8              0              0         0   0.0000000     -1          1
9              0              0         0   0.0000000     -1          2
10            12             13         1   0.1671419      1          0
11             0              0         0   0.0000000     -1          1
12             0              0         0   0.0000000     -1          2
13            14             15         1   0.2642408      1          0
14            16             17         1   0.2256162      1          0
15            18             19         2   0.5235901      1          0
16             0              0         0   0.0000000     -1          2
17             0              0         0   0.0000000     -1          1
18            20             21         1   0.4989168      1          0
19            22             23         2   0.5415572      1          0
20            24             25         1   0.2831653      1          0
21            26             27         2   0.5095334      1          0
22             0              0         0   0.0000000     -1          1
23            28             29         1   0.4937442      1          0
24             0              0         0   0.0000000     -1          2
25            30             31         2   0.5090086      1          0
26             0              0         0   0.0000000     -1          2
27             0              0         0   0.0000000     -1          1
28             0              0         0   0.0000000     -1          2
29             0              0         0   0.0000000     -1          1
30             0              0         0   0.0000000     -1          1
31             0              0         0   0.0000000     -1          2
